706
1 247
247 427
1 596
1 260
596 543
596 130
596 26
543 647
26 453
453 169
596 391
26 387
260 132
132 476
387 10
10 105
247 472
391 580
10 659
169 59
260 485
169 417
10 20
485 515
132 34
1 688
485 589
596 151
417 676
596 512
472 227
515 131
659 103
391 126
34 522
417 33
417 590
417 507
485 43
10 329
59 646
417 368
646 588
151 548
453 65
588 452
59 96
589 42
59 189
512 591
676 618
596 195
33 175
618 501
387 128
676 251
131 238
452 438
501 451
596 22
476 306
688 551
130 330
105 205
580 404
472 645
590 613
175 469
227 187
588 657
227 466
227 236
96 312
1 172
469 656
312 295
476 636
656 574
589 544
472 614
227 424
596 384
387 177
548 85
656 244
424 28
424 303
614 95
95 239
195 380
485 73
589 350
130 72
227 317
476 332
28 194
544 323
42 101
350 152
132 300
522 121
34 525
152 402
151 319
177 243
132 443
590 375
591 137
350 546
300 266
466 369
172 93
591 210
647 265
618 393
1 513
93 625
131 114
126 214
588 630
424 285
317 621
101 440
214 60
42 615
42 273
438 367
303 357
384 698
698 684
295 38
101 595
323 497
244 405
393 609
169 100
172 629
548 102
497 527
367 268
43 354
151 204
453 54
285 415
128 486
121 549
354 161
501 150
210 567
544 138
676 264
384 683
567 305
546 302
137 459
614 269
615 535
485 4
647 458
440 359
513 697
404 531
574 297
535 361
38 607
96 143
214 685
548 287
676 365
251 263
535 88
101 640
152 530
459 291
613 233
227 41
329 112
189 153
268 421
319 414
233 339
384 571
405 407
384 553
93 696
683 612
112 184
530 366
405 83
73 235
303 201
38 610
551 284
459 345
33 110
121 272
640 349
438 62
54 53
367 622
272 286
114 542
10 450
407 562
205 196
169 2
85 442
83 32
286 188
93 61
60 125
596 129
415 245
312 362
438 311
269 109
128 230
443 449
656 376
311 242
580 87
72 490
188 536
312 537
73 197
696 594
65 66
60 675
574 122
269 228
65 679
612 577
451 695
535 389
153 558
152 213
251 478
676 178
685 626
527 426
54 336
230 653
522 218
525 92
184 216
537 313
61 674
60 13
178 167
459 340
426 124
188 569
153 423
54 186
172 460
20 516
453 641
423 106
121 44
330 433
201 540
612 57
674 444
497 463
512 179
367 652
415 420
404 82
367 474
345 23
387 648
512 327
112 249
648 385
626 36
695 358
367 620
150 520
486 8
114 46
189 680
614 533
126 281
204 79
291 7
124 495
196 335
544 702
177 511
486 524
486 17
469 409
46 694
152 290
453 333
251 593
657 37
333 267
512 655
88 222
674 523
87 292
222 606
676 356
42 576
93 482
228 430
385 568
95 31
688 483
525 386
618 635
17 669
272 229
537 435
272 39
641 514
652 539
486 371
655 638
243 94
65 162
548 15
85 193
450 180
527 432
490 11
1 493
482 441
20 308
646 499
656 660
216 120
359 97
407 115
85 616
302 135
593 294
460 470
266 237
442 104
39 49
522 342
115 705
415 168
459 67
168 202
544 250
420 586
525 328
420 89
249 190
180 344
194 296
106 663
609 691
292 664
88 471
54 496
442 288
415 91
288 271
202 557
85 234
358 221
698 556
640 149
194 701
414 166
497 331
130 116
590 464
244 25
405 147
41 146
120 634
266 555
93 372
464 601
354 118
548 608
288 173
284 398
8 436
596 337
53 579
243 322
523 672
303 223
42 418
213 564
571 479
250 468
452 119
536 651
350 498
460 619
251 491
369 494
415 671
440 107
305 502
286 422
173 35
228 351
375 448
490 70
610 667
443 599
660 700
451 489
616 541
683 64
483 611
180 392
214 257
13 58
2 277
295 644
574 412
101 637
544 81
173 355
553 211
287 145
229 623
234 677
197 203
644 258
608 575
302 673
471 364
543 253
132 396
39 582
674 597
129 509
652 217
223 547
355 456
172 573
169 293
375 206
558 473
188 381
73 395
22 324
515 484
697 699
463 631
26 429
586 343
557 406
89 360
65 140
132 390
327 506
612 504
630 48
59 156
132 314
265 692
591 454
239 410
180 50
300 552
257 419
4 158
34 278
684 76
595 68
360 301
366 462
685 693
410 160
145 155
125 157
28 185
651 503
556 90
609 642
676 425
594 224
536 220
671 434
427 654
147 174
651 670
513 529
50 84
60 19
472 492
23 624
314 181
410 510
398 408
451 225
153 341
337 416
360 661
166 3
150 75
677 246
2 598
699 353
42 176
324 603
120 687
504 686
10 241
3 232
13 666
263 141
89 279
185 255
355 346
529 310
636 261
616 55
479 399
67 643
146 315
184 704
694 78
564 326
430 45
514 561
42 583
392 111
539 309
424 377
542 587
396 6
454 604
322 689
685 262
694 348
483 500
527 69
228 488
195 171
693 133
444 136
102 521
574 170
588 378
257 248
700 209
603 617
66 30
429 113
180 40
571 572
476 363
424 316
111 200
260 397
529 374
331 27
586 134
243 682
453 388
422 212
245 159
180 320
572 628
652 231
579 477
597 400
73 658
134 437
444 570
312 56
363 584
39 207
430 650
414 487
476 226
105 413
496 321
472 447
535 270
616 445
238 192
42 148
213 259
34 289
493 632
121 318
169 283
648 370
308 21
593 566
606 446
521 52
462 403
340 9
423 665
205 602
660 563
102 382
395 256
658 439
171 401
288 199
228 5
311 139
221 276
136 534
355 86
407 690
688 394
488 99
19 307
172 532
577 519
226 554
611 681
321 98
409 475
362 633
597 182
169 164
429 545
242 24
214 649
210 703
392 274
685 518
262 18
119 282
150 108
46 334
90 71
419 578
422 280
351 117
534 639
610 457
143 706
442 325
152 198
141 63
286 467
342 77
143 581
384 215
84 191
118 668
155 373
239 254
597 29
231 565
354 127
85 528
320 304
547 538
518 154
283 299
328 455
205 298
258 74
89 142
660 240
117 605
366 275
696 208
201 252
366 560
188 627
435 481
357 163
117 585
139 14
488 165
321 144
407 428
635 431
535 600
167 383
609 465
706 338
694 347
683 508
572 517
601 12
319 123
590 352
145 592
38 461
432 47
58 559
324 678
48 411
46 80
35 379
111 51
5 526
537 183
80 16
176 480
262 662
14 505
11 219
667 550
1000
3 324 43
3 425 174
3 114 64
3 12 218
3 418 221
3 475 142
3 576 41
3 226 261
3 242 353
3 164 133
3 49 128
3 604 208
3 108 189
3 660 120
1 630
3 352 309
3 291 105
3 596 180
3 591 343
3 97 151
3 553 123
3 697 163
3 352 78
3 84 50
3 182 57
3 379 182
3 393 140
3 635 267
3 655 346
3 655 258
3 240 122
3 294 288
3 66 60
3 27 144
3 511 92
3 224 186
3 469 55
3 577 22
3 514 262
3 488 55
3 40 276
3 414 52
3 395 254
3 532 278
3 404 338
3 278 257
3 139 187
3 545 165
3 383 139
3 562 201
3 695 53
3 635 163
3 404 327
3 142 313
2 630
3 169 3
3 182 358
3 650 58
3 259 329
3 584 307
3 391 212
3 346 127
3 504 20
3 248 127
3 379 237
3 69 174
3 206 57
3 511 317
3 494 248
3 585 332
3 406 140
3 541 30
3 107 194
3 129 15
3 23 93
3 383 197
3 545 24
3 26 335
3 485 79
3 242 343
3 499 334
3 156 234
3 474 200
3 537 128
3 524 151
3 268 60
3 157 134
3 363 264
3 593 182
3 316 256
3 590 347
3 27 341
3 13 343
3 385 336
3 384 249
3 160 202
3 250 103
3 196 143
3 332 287
3 54 20
3 259 268
1 167
3 482 303
3 77 168
3 309 245
1 580
3 455 121
3 203 54
3 205 27
3 369 119
3 331 265
3 611 45
3 671 179
3 332 201
3 394 216
3 392 338
3 704 338
3 380 49
3 312 55
3 640 128
3 487 220
3 297 187
3 662 173
3 539 209
3 445 169
3 6 309
3 184 191
3 321 243
3 244 167
3 203 349
3 573 272
3 128 323
3 313 168
3 213 352
3 424 155
3 410 270
3 528 110
3 632 190
3 72 74
3 210 73
3 458 103
3 273 304
3 506 111
3 303 215
3 627 156
3 29 219
3 194 32
3 404 346
3 244 161
3 443 11
3 217 193
3 527 324
3 347 122
3 685 311
3 516 104
3 269 214
3 198 56
3 349 90
3 688 98
3 150 256
3 236 118
3 544 199
3 200 45
3 124 153
3 149 132
3 381 168
3 138 49
3 390 262
3 179 33
3 309 72
3 227 311
3 312 228
3 53 249
3 10 36
3 360 308
3 371 1
3 370 100
3 596 185
3 241 352
3 86 287
3 614 346
3 106 313
3 164 55
3 71 104
3 510 117
3 510 82
3 256 37
3 358 83
3 383 44
3 650 257
3 118 84
3 58 317
3 521 117
3 624 182
3 151 347
3 133 305
3 664 6
3 692 170
3 119 43
1 528
3 662 323
3 230 108
3 393 205
3 500 311
3 624 26
3 401 82
3 141 277
3 550 101
3 434 164
3 344 104
3 465 357
3 417 38
3 249 302
3 306 270
3 208 253
3 647 335
3 120 111
3 190 111
3 42 217
3 138 251
3 284 250
3 527 284
3 100 31
3 81 297
3 88 317
3 392 123
3 212 2
2 167
3 531 208
3 8 69
3 90 95
3 706 143
3 143 24
3 113 46
3 85 339
3 310 126
3 363 207
3 622 31
3 347 258
3 258 288
3 283 157
3 57 331
3 409 119
3 676 164
3 30 284
3 390 250
3 356 38
3 325 234
3 30 170
3 523 95
3 611 89
3 315 209
1 183
3 182 9
3 256 24
3 226 61
3 488 46
3 582 336
3 215 40
1 641
3 112 92
3 498 81
3 446 55
3 635 237
3 621 356
3 676 181
3 107 306
3 454 334
3 230 237
3 6 268
3 662 73
3 477 314
3 273 50
3 320 204
3 592 124
3 2 221
3 547 239
3 585 242
3 307 174
3 469 340
2 641
3 610 312
3 478 143
3 338 42
1 685
3 108 156
3 277 218
3 688 285
3 688 20
3 578 55
3 27 305
3 313 287
3 596 131
3 184 226
3 271 101
3 308 135
3 623 162
3 465 275
3 95 8
3 17 114
3 169 84
3 84 257
3 108 9
3 136 197
3 340 29
3 120 318
3 199 316
1 622
3 455 55
3 212 116
3 658 310
3 450 149
3 573 34
3 347 306
3 570 196
3 344 298
3 646 28
3 330 224
3 614 66
3 533 110
3 523 112
3 500 25
3 89 33
3 380 220
2 580
3 481 130
3 203 251
3 381 350
3 26 329
3 402 64
3 222 291
3 578 20
3 238 248
3 42 146
3 633 53
3 81 247
3 666 21
3 129 314
3 677 208
3 577 166
3 33 99
3 571 20
3 284 172
3 669 92
3 445 181
3 339 210
3 658 264
3 538 321
3 465 146
3 257 212
3 159 149
3 569 141
3 457 265
3 632 348
3 106 282
3 203 102
3 33 148
1 78
2 183
3 551 52
3 97 163
3 112 330
3 154 137
3 589 281
3 289 152
3 401 203
3 229 71
3 632 156
3 480 123
3 175 130
3 448 245
3 191 192
3 676 303
3 397 119
3 466 352
3 212 60
3 121 284
3 654 157
3 324 27
3 138 14
3 168 89
3 16 125
3 495 171
3 671 190
3 522 348
3 210 240
3 45 255
3 287 194
3 149 124
3 273 140
1 122
3 177 297
3 201 115
3 629 272
3 368 118
3 363 204
3 354 352
3 290 164
3 103 336
3 186 59
3 179 122
3 656 299
3 265 346
3 650 241
3 545 36
3 26 44
3 251 140
3 77 58
3 100 206
3 146 338
3 536 285
3 515 309
3 211 304
3 653 207
3 125 85
3 282 87
3 60 141
3 69 254
3 582 112
3 97 232
3 152 251
3 61 33
3 405 140
3 336 301
3 649 141
3 671 201
3 231 272
3 679 214
3 621 42
3 159 62
3 193 170
3 539 155
3 263 98
3 594 99
1 641
3 279 356
3 183 210
3 330 316
3 147 28
3 387 128
3 660 86
3 257 274
3 690 259
3 348 161
3 370 228
3 35 126
3 286 311
3 648 268
3 625 234
3 245 201
2 78
3 350 251
3 448 114
3 666 156
3 454 67
3 34 155
3 409 203
3 73 187
3 662 70
3 241 24
1 515
1 290
3 649 348
3 541 62
3 191 287
3 219 134
3 686 170
3 277 82
3 620 229
3 221 327
3 485 359
3 241 345
3 611 118
3 234 292
3 589 314
2 622
3 54 298
3 704 240
3 673 171
3 304 77
3 700 3
3 45 92
1 632
3 322 150
3 383 310
3 684 105
2 641
3 232 79
3 544 311
3 64 56
3 696 355
3 698 173
3 434 16
3 659 268
3 295 346
3 402 28
3 671 177
3 256 2
3 561 278
3 470 163
3 63 264
3 346 165
1 210
3 410 130
3 368 111
3 670 140
3 63 217
3 338 254
1 475
3 568 323
1 489
3 304 293
3 274 297
3 653 105
1 467
3 92 73
3 287 100
3 469 252
3 208 332
3 575 158
3 28 245
3 604 15
3 566 201
3 693 326
3 21 347
3 229 7
3 642 68
3 616 90
3 107 3
3 607 75
3 213 155
3 554 280
3 187 156
3 123 183
3 235 116
3 642 294
3 249 317
3 164 259
3 438 202
3 553 296
3 187 357
3 413 79
3 695 34
3 163 15
3 403 105
3 242 259
3 265 344
1 12
3 196 196
3 511 184
3 543 100
3 286 336
1 59
3 657 304
3 578 263
3 612 68
3 79 109
3 199 20
3 453 202
3 678 255
3 429 121
3 377 315
3 154 134
3 19 14
3 163 322
3 645 318
3 72 195
3 571 115
3 113 199
3 225 182
3 465 196
3 212 45
3 390 257
3 634 297
3 196 31
3 11 304
3 423 218
3 565 345
3 539 34
3 396 237
3 225 281
3 153 253
3 385 292
3 378 277
3 284 351
3 168 259
3 331 108
3 346 303
3 343 150
3 476 97
3 187 309
3 397 68
3 436 8
3 219 213
3 527 170
3 282 20
3 472 103
3 498 268
3 434 265
3 446 7
3 154 45
3 555 156
3 200 343
3 662 63
3 197 185
3 160 246
3 13 260
3 444 282
3 26 65
3 376 153
3 297 120
3 454 245
3 143 67
3 32 168
3 128 165
3 269 284
3 239 0
3 580 67
3 198 215
3 472 59
3 322 67
3 596 298
3 213 331
3 571 247
3 55 146
3 562 330
3 106 284
3 583 44
3 215 296
3 539 343
3 436 177
3 361 61
3 411 93
3 629 310
3 182 294
3 6 127
3 568 4
3 428 105
3 157 306
3 133 220
3 574 278
3 183 16
3 559 135
3 268 220
3 6 297
1 484
3 357 213
2 484
3 423 166
3 102 185
3 42 194
3 547 295
3 532 349
3 131 160
3 293 327
3 361 339
3 143 274
3 135 217
3 661 212
3 706 90
2 632
3 261 246
3 511 344
3 629 154
3 510 236
3 114 43
3 341 280
3 32 41
3 418 73
3 561 165
3 694 97
3 104 56
3 22 82
3 63 306
3 472 96
3 434 288
3 187 153
3 84 261
3 631 94
3 550 61
3 40 90
3 374 48
3 40 117
3 405 112
2 685
3 594 280
3 400 250
3 16 274
3 568 279
3 578 97
3 418 37
3 634 244
3 357 113
3 650 301
3 613 207
3 300 337
3 139 322
3 291 260
3 170 277
3 188 157
3 602 110
2 528
3 584 349
3 371 221
3 152 11
3 687 315
3 641 251
1 504
3 191 90
3 170 37
3 157 6
3 387 327
3 155 227
3 303 323
3 238 86
3 389 199
3 446 41
3 627 206
3 491 160
3 421 260
3 157 294
3 598 356
3 566 147
3 133 231
3 612 237
3 119 216
3 571 33
3 57 35
3 112 87
3 527 44
3 15 6
3 627 146
3 224 18
3 693 297
3 114 38
3 487 101
3 477 37
3 43 279
3 590 235
2 467
1 302
3 84 64
3 446 207
3 150 243
3 131 312
3 61 350
3 699 157
3 645 276
3 135 302
3 428 315
3 27 58
1 426
1 487
3 436 310
3 609 280
3 189 183
3 53 172
3 505 208
3 182 152
3 645 156
3 253 192
3 703 86
3 184 111
3 582 281
3 598 70
3 300 186
3 124 280
3 488 28
3 532 137
1 327
3 247 163
3 367 232
3 6 184
3 206 331
3 411 287
3 593 135
3 438 225
3 413 204
3 567 157
3 11 334
3 658 117
3 367 32
3 154 88
3 335 134
3 371 119
3 570 255
3 409 110
3 626 207
3 676 238
3 281 291
3 155 275
3 602 242
3 644 288
3 660 223
3 166 33
3 619 133
3 441 25
3 292 75
3 536 77
3 661 117
3 23 118
3 511 79
3 640 137
3 166 126
3 300 239
3 300 123
3 85 250
3 80 64
3 329 164
3 188 151
3 90 201
3 571 1
3 617 8
3 565 244
3 417 314
3 389 7
3 320 356
3 60 242
3 610 312
3 103 334
3 541 12
3 406 110
3 207 36
3 53 142
3 649 182
3 452 116
3 461 344
3 499 82
3 321 340
3 366 352
3 622 124
3 324 206
3 450 70
3 107 190
3 50 344
3 339 61
3 116 297
3 549 74
3 398 325
3 602 192
2 59
3 545 228
3 123 219
3 85 194
3 273 97
3 142 295
3 42 218
2 327
3 665 243
3 56 88
3 334 303
1 56
3 23 164
3 413 274
3 560 23
3 535 227
3 645 120
3 369 5
3 700 16
3 452 266
3 677 17
3 47 62
3 259 187
3 374 187
3 415 62
3 683 209
3 582 121
3 483 269
3 575 18
3 670 195
3 618 243
3 284 352
3 696 69
3 17 98
3 322 340
1 156
3 557 286
3 677 37
3 308 79
3 446 209
3 176 228
3 223 106
3 36 231
3 360 316
3 437 274
3 216 20
3 337 228
3 626 43
3 171 173
3 229 180
3 234 212
3 596 177
3 33 233
1 472
3 491 149
3 703 272
3 549 155
3 562 74
3 644 111
3 637 196
3 11 194
3 580 210
3 683 209
3 86 308
3 9 81
3 310 167
3 454 89
3 183 284
3 601 143
3 673 236
3 132 278
3 148 118
3 702 220
3 355 258
3 369 9
3 442 114
3 507 157
3 289 31
3 86 243
3 684 294
3 541 58
3 445 29
3 176 202
3 323 286
3 498 125
3 675 112
3 307 216
3 449 293
3 309 32
3 537 328
3 32 217
1 384
3 606 275
3 609 227
3 239 309
3 360 166
3 83 226
3 456 67
3 243 82
2 472
3 538 177
3 664 37
3 552 38
3 228 89
3 641 252
3 168 327
3 109 135
3 659 167
3 317 30
3 490 191
3 196 308
3 297 213
3 178 155
3 583 52
2 302
2 515
3 306 226
3 335 41
3 350 102
3 470 309
3 598 196
3 376 88
3 327 194
3 101 271
3 120 194
3 285 291
3 336 37
3 689 192
3 556 47
3 34 269
3 13 98
3 455 196
3 505 181
3 330 248
3 1 263
3 496 319
3 465 63
2 156
3 124 311
3 497 27
3 151 16
3 42 10
3 646 347
3 11 22
3 420 179
3 80 67
3 680 197
3 30 125
3 292 180
3 500 335
3 362 46
3 20 203
3 332 38
3 554 19
3 444 5
3 366 202
3 381 118
3 463 70
3 415 233
3 640 311
