889
1 517
517 711
711 161
161 721
721 747
747 59
59 215
215 337
337 402
402 512
512 396
396 649
649 857
857 825
825 682
682 355
355 290
290 491
491 30
30 273
273 261
261 607
607 733
733 274
274 621
621 54
54 567
567 369
369 409
409 842
842 796
796 11
11 434
434 587
587 820
820 836
836 539
539 526
526 333
333 826
826 870
870 793
793 175
175 659
659 700
700 193
193 636
636 883
883 440
440 238
238 221
221 799
799 243
243 458
458 737
737 510
510 625
625 110
110 499
499 181
181 724
724 9
9 679
679 301
301 483
483 381
381 330
330 276
276 501
501 450
450 322
322 263
263 314
314 61
61 652
652 852
852 619
619 694
694 108
108 717
717 461
461 8
8 297
297 225
225 125
125 802
802 372
372 437
437 170
170 886
886 714
714 766
766 464
464 392
392 495
495 42
42 401
401 106
106 174
174 116
116 824
824 514
514 427
427 620
620 338
338 482
482 335
335 230
230 786
786 702
702 704
704 186
186 731
731 853
853 5
5 678
678 388
388 400
400 813
813 7
7 860
860 538
538 150
150 629
629 569
569 62
62 549
549 77
77 760
760 146
146 856
856 654
654 208
208 167
167 756
756 722
722 156
156 413
413 606
606 763
763 604
604 616
616 684
684 216
216 79
79 239
239 320
320 306
306 849
849 574
574 429
429 324
324 838
838 340
340 511
511 412
412 391
391 640
640 349
349 513
513 300
300 187
187 179
179 444
444 118
118 469
469 66
66 232
232 143
143 448
448 746
746 829
829 37
37 229
229 778
778 254
254 47
47 686
686 436
436 781
781 519
519 764
764 365
365 773
773 192
192 212
212 84
84 176
176 590
590 505
505 373
373 394
394 96
96 887
887 206
206 565
565 331
331 696
696 424
424 328
328 743
743 805
805 211
211 573
573 861
861 466
466 821
821 834
834 139
139 49
49 729
729 758
758 520
520 453
453 321
321 97
97 693
693 364
364 60
60 117
117 521
521 804
804 692
692 544
544 178
178 295
295 810
810 817
817 80
80 368
368 69
69 874
874 316
316 790
790 294
294 723
723 119
119 234
234 670
670 545
545 220
220 630
630 782
782 285
285 626
626 759
759 109
109 642
642 841
841 202
202 509
509 45
45 23
23 219
219 454
454 415
415 48
48 787
787 103
103 228
228 443
443 395
395 791
791 807
807 398
398 487
487 433
433 271
271 457
457 196
196 728
728 431
431 149
149 419
419 133
133 716
716 641
641 465
465 237
237 875
875 730
730 51
51 323
323 485
485 249
249 414
414 104
104 319
319 72
72 384
384 677
677 690
690 580
580 115
115 299
299 614
614 862
862 815
815 472
472 145
145 566
566 86
86 830
830 622
622 417
417 492
492 188
188 868
868 467
467 828
828 166
166 390
390 871
871 546
546 50
50 16
16 564
564 258
258 370
370 527
527 598
598 432
432 516
516 147
147 657
657 706
706 744
744 339
339 452
452 95
95 757
757 475
475 264
264 423
423 329
329 68
68 671
671 623
623 353
353 867
867 347
347 87
87 795
795 283
283 718
718 681
681 18
18 83
83 658
658 32
32 583
583 131
131 530
530 818
818 788
788 593
593 752
752 426
426 561
561 596
596 25
25 160
160 374
374 814
814 833
833 575
575 162
162 200
200 725
725 470
470 266
266 334
334 217
217 794
794 508
508 456
456 70
70 646
646 43
43 777
777 127
127 363
363 250
250 378
378 739
739 342
342 185
185 371
371 584
584 537
537 246
246 468
468 504
504 245
245 709
709 672
672 559
559 462
462 712
712 309
309 356
356 311
311 612
612 683
683 435
435 345
345 473
473 801
801 624
624 418
418 844
844 735
735 12
12 336
336 643
643 317
317 351
351 798
798 31
31 57
57 56
56 203
203 858
858 866
866 13
13 420
420 445
445 157
157 745
745 137
137 637
637 599
599 809
809 291
291 173
173 35
35 224
224 52
52 177
177 405
405 618
618 497
497 713
713 663
663 259
259 447
447 698
698 105
105 588
588 21
21 666
666 748
748 552
552 500
500 478
478 765
765 605
605 816
816 832
832 207
207 362
362 102
102 142
142 750
750 631
631 823
823 428
428 277
277 213
213 633
633 198
198 346
346 132
132 653
653 776
776 582
582 819
819 201
201 247
247 260
260 507
507 850
850 522
522 165
165 78
78 385
385 279
279 313
313 463
463 296
296 669
669 214
214 634
634 94
94 613
613 531
531 506
506 449
449 555
555 194
194 281
281 572
572 120
120 554
554 318
318 602
602 204
204 869
869 650
650 326
326 154
154 189
189 98
98 403
403 518
518 611
611 571
571 879
879 422
422 742
742 315
315 63
63 568
568 551
551 223
223 535
535 661
661 168
168 707
707 586
586 101
101 302
302 393
393 325
325 498
498 288
288 705
705 547
547 10
10 287
287 226
226 303
303 128
128 628
628 488
488 503
503 484
484 376
376 845
845 164
164 210
210 540
540 855
855 727
727 822
822 687
687 184
184 827
827 703
703 387
387 476
476 248
248 715
715 129
129 889
889 601
601 282
282 88
88 888
888 112
112 91
91 242
242 460
460 36
36 93
93 784
784 272
272 877
877 46
46 627
627 591
591 550
550 134
134 140
140 275
275 265
265 404
404 92
92 6
6 542
542 233
233 553
553 235
235 753
753 231
231 674
674 172
172 528
528 736
736 155
155 667
667 430
430 496
496 459
459 280
280 480
480 701
701 377
377 359
359 141
141 515
515 24
24 615
615 471
471 269
269 749
749 592
592 27
27 719
719 767
767 556
556 617
617 442
442 135
135 386
386 608
608 113
113 341
341 493
493 854
854 881
881 53
53 169
169 123
123 114
114 594
594 255
255 107
107 171
171 183
183 65
65 675
675 695
695 880
880 352
352 632
632 772
772 122
122 578
578 648
648 205
205 691
691 73
73 812
812 840
840 710
710 256
256 647
647 651
651 676
676 286
286 543
543 358
358 257
257 151
151 40
40 34
34 58
58 600
600 808
808 751
751 22
22 665
665 55
55 298
298 361
361 835
835 884
884 662
662 797
797 609
609 741
741 685
685 558
558 843
843 502
502 864
864 635
635 732
732 407
407 660
660 755
755 81
81 85
85 541
541 382
382 865
865 222
222 524
524 293
293 534
534 262
262 689
689 148
148 111
111 873
873 839
839 708
708 885
885 481
481 327
327 878
878 124
124 863
863 190
190 768
768 562
562 100
100 180
180 848
848 446
446 218
218 130
130 199
199 668
668 847
847 310
310 39
39 740
740 803
803 304
304 451
451 289
289 560
560 680
680 227
227 439
439 876
876 846
846 780
780 191
191 720
720 576
576 837
837 455
455 477
477 307
307 494
494 15
15 673
673 67
67 153
153 252
252 19
19 557
557 144
144 76
76 197
197 664
664 789
789 523
523 267
267 589
589 792
792 389
389 64
64 121
121 99
99 656
656 486
486 533
533 195
195 638
638 20
20 738
738 236
236 595
595 610
610 410
410 479
479 33
33 292
292 859
859 761
761 29
29 332
332 241
241 367
367 343
343 536
536 253
253 548
548 284
284 882
882 344
344 406
406 360
360 209
209 354
354 697
697 41
41 38
38 348
348 726
726 603
603 734
734 308
308 268
268 399
399 240
240 639
639 425
425 82
82 811
811 408
408 278
278 579
579 411
411 438
438 783
783 28
28 585
585 152
152 785
785 800
800 769
769 74
74 138
138 270
270 872
872 3
3 251
251 771
771 17
17 380
380 2
2 655
655 44
44 312
312 851
851 774
774 126
126 159
159 416
416 357
357 71
71 779
779 775
775 350
350 14
14 490
490 421
421 597
597 645
645 163
163 89
89 699
699 806
806 383
383 563
563 90
90 397
397 688
688 75
75 525
525 379
379 158
158 532
532 182
182 831
831 26
26 581
581 577
577 570
570 762
762 4
4 474
474 644
644 366
366 489
489 754
754 441
441 244
244 375
375 305
305 770
770 529
529 136
1000
3 107 100
1 488
3 646 38
3 563 297
2 488
1 288
2 288
1 342
2 342
3 239 285
1 166
1 584
3 709 126
2 584
2 166
1 260
2 260
1 506
1 733
1 302
1 760
1 678
3 91 330
1 471
1 598
1 827
2 678
1 762
3 404 197
2 302
2 506
1 289
2 289
3 727 142
1 9
1 353
2 760
1 82
2 762
1 585
2 733
2 353
1 194
3 605 171
2 827
2 598
1 807
1 450
3 598 278
2 807
1 786
3 505 327
3 469 87
2 786
3 334 329
1 633
2 633
3 345 176
3 784 319
3 109 195
1 142
1 295
2 585
1 220
2 450
1 151
2 194
1 85
3 601 131
3 412 92
1 734
1 579
3 758 37
3 405 356
2 295
1 62
3 451 335
3 810 287
1 445
2 579
2 62
2 471
1 254
2 9
2 82
2 445
3 271 47
3 405 329
1 820
2 220
3 478 337
2 151
1 735
1 248
2 735
3 84 135
3 623 132
3 431 357
2 820
3 95 92
1 323
3 789 141
2 254
2 734
3 378 115
3 321 101
3 250 87
2 142
2 85
1 731
3 644 269
1 667
2 248
3 106 178
1 557
1 51
1 189
1 672
1 457
1 815
2 731
2 323
3 312 43
1 666
3 836 221
3 365 131
2 557
3 103 260
3 658 314
2 815
3 885 319
2 457
2 189
1 707
3 123 359
2 707
1 693
2 666
3 608 159
2 693
3 416 31
2 667
1 714
2 672
1 357
3 638 163
3 793 96
1 580
2 51
3 636 242
2 357
1 634
2 580
1 873
3 127 223
3 391 267
1 694
3 843 155
3 151 12
1 539
1 186
3 22 34
3 495 295
2 539
3 288 229
1 294
2 873
1 680
2 294
1 523
1 426
2 523
1 259
1 628
2 680
1 679
3 110 244
2 679
1 705
1 429
3 288 70
3 21 351
2 259
1 295
3 615 142
3 166 244
1 36
2 36
1 534
3 797 33
3 314 32
3 377 115
3 779 294
2 634
1 875
2 426
2 628
2 534
2 875
3 293 133
3 168 202
3 35 165
3 676 306
3 828 86
1 445
3 145 21
2 714
1 510
2 705
1 837
1 311
3 642 120
3 335 242
2 445
1 802
1 782
3 451 69
3 600 185
1 448
1 94
2 311
2 429
1 417
3 631 164
3 823 70
1 411
1 285
2 802
3 120 150
1 43
2 510
1 161
3 446 128
1 204
1 565
3 579 257
1 221
3 340 34
3 86 0
2 448
1 163
1 386
1 315
2 161
3 11 63
3 682 253
3 505 130
3 571 52
2 295
3 755 154
2 411
3 4 252
3 476 47
2 782
1 399
2 386
1 318
2 318
1 392
2 94
3 469 329
1 522
2 43
1 69
1 722
1 869
2 69
3 283 281
3 695 176
1 466
1 768
1 70
3 745 336
1 748
3 206 175
2 837
2 466
1 607
3 71 182
2 70
1 76
2 417
1 873
2 285
3 121 297
2 221
2 565
3 111 69
3 676 216
2 163
3 31 111
3 644 288
2 399
2 186
2 869
1 580
2 392
3 50 176
2 522
2 204
1 762
3 882 261
2 76
2 768
2 748
3 869 193
2 580
2 607
2 762
3 463 201
2 873
1 844
2 694
1 675
1 113
3 567 164
3 729 150
1 135
1 606
1 484
1 131
3 229 132
3 881 20
1 403
2 844
3 216 297
1 451
1 541
3 55 220
2 541
1 33
1 552
2 135
3 25 256
2 722
1 837
3 778 277
1 482
2 451
2 482
3 847 32
2 837
1 728
3 373 45
2 728
1 49
2 315
3 747 259
2 403
1 482
3 311 154
3 252 41
1 373
1 177
1 295
1 187
1 251
2 251
1 66
3 56 271
2 606
1 722
1 800
2 373
3 258 353
2 33
1 274
3 272 189
2 800
1 153
3 24 289
2 482
3 745 224
1 880
1 476
1 697
3 493 157
3 743 189
1 464
1 77
3 616 110
2 295
3 93 173
1 107
1 268
2 476
3 733 107
1 603
1 31
2 49
1 644
2 66
3 6 26
2 697
3 95 285
3 788 359
3 749 303
1 833
2 187
3 451 235
3 790 11
2 833
2 113
2 274
1 848
1 428
1 272
1 869
1 11
1 633
3 470 290
3 148 349
1 200
1 43
1 557
2 107
2 177
1 243
2 603
2 557
2 464
1 140
2 43
2 644
3 350 267
1 685
2 31
3 32 219
2 200
2 153
1 381
3 103 282
2 675
2 131
3 299 135
3 803 67
2 272
3 612 215
2 869
3 344 6
3 694 281
3 884 61
1 59
3 310 224
2 11
1 279
2 77
3 564 216
3 618 43
1 241
2 381
2 484
2 552
3 276 72
3 850 46
3 698 319
1 349
3 668 232
1 178
1 161
2 428
3 791 179
2 848
2 241
3 594 313
2 59
2 178
1 595
2 161
2 268
1 278
1 793
3 885 117
2 349
2 685
3 341 151
2 880
2 633
1 525
3 101 15
1 160
2 243
1 742
3 600 70
1 852
3 646 284
1 794
1 85
3 422 8
2 140
2 722
3 724 32
2 794
1 885
2 742
3 791 42
1 589
1 247
1 46
1 410
2 160
2 85
3 438 11
2 410
3 142 117
2 525
2 852
3 206 99
3 54 254
3 423 61
3 634 97
1 43
1 125
2 43
3 384 149
1 173
3 434 97
1 769
1 794
2 589
2 279
1 176
3 800 4
3 533 70
1 105
2 247
2 885
1 133
1 619
3 599 108
2 595
3 813 134
1 214
3 656 80
3 245 85
2 769
3 797 315
1 358
3 444 143
1 165
3 91 353
1 541
1 399
2 619
1 349
3 540 157
1 17
1 580
3 49 1
2 399
2 580
3 568 313
2 214
3 856 132
2 358
2 46
1 822
1 350
2 350
3 95 23
2 17
1 219
1 823
1 396
1 738
2 173
3 675 109
3 494 205
1 137
3 412 288
3 256 22
1 741
2 396
2 823
2 794
1 330
1 799
1 645
2 541
1 15
2 330
1 723
1 3
3 690 235
2 176
1 593
3 16 143
3 832 39
1 488
1 277
1 4
1 715
2 219
3 142 304
2 488
2 723
1 224
1 287
2 822
3 495 221
3 327 2
2 3
3 636 13
2 645
3 158 242
1 862
1 722
2 722
2 278
3 33 27
3 781 149
1 409
3 265 42
1 784
2 593
2 741
1 94
1 681
1 312
2 287
2 681
3 478 87
1 666
3 634 277
3 122 142
1 845
2 125
1 664
1 750
1 188
2 750
1 111
1 439
1 334
2 409
1 151
3 77 167
1 713
2 133
2 224
1 423
2 439
1 335
1 480
3 759 259
1 363
1 826
1 420
3 197 274
2 784
3 117 9
3 838 44
3 341 313
1 719
2 738
1 161
2 188
1 570
2 826
1 650
2 277
1 644
1 302
2 715
2 312
3 421 165
2 137
3 152 77
2 363
2 15
3 579 148
2 349
2 799
2 334
1 96
1 627
1 447
3 391 227
2 161
2 644
2 793
2 845
1 402
2 302
1 108
3 594 113
2 4
1 450
3 79 171
1 256
2 151
2 650
2 627
2 713
3 663 67
1 868
1 241
1 129
2 402
2 335
1 335
1 374
3 867 307
2 165
3 670 282
2 105
2 108
1 311
3 328 172
2 96
1 720
2 129
1 680
2 480
1 848
3 368 315
1 67
1 286
3 117 330
2 664
1 221
1 208
2 447
1 626
1 219
3 437 261
3 639 232
3 672 201
3 503 38
2 719
3 86 107
1 39
2 94
2 256
2 67
1 745
2 680
1 825
2 868
1 42
2 42
1 176
2 825
1 226
1 753
3 619 358
2 862
3 399 107
1 543
1 143
1 851
2 111
1 468
3 186 218
1 727
3 218 257
2 176
1 247
2 286
3 234 279
3 568 176
1 249
1 112
3 297 207
2 753
2 450
1 735
3 257 131
2 112
2 570
3 123 207
2 226
1 349
1 607
3 715 24
2 249
2 727
3 559 203
3 78 320
2 626
1 155
2 208
2 221
2 468
1 422
1 427
1 40
1 858
1 631
2 143
1 632
2 374
1 341
3 357 64
3 835 207
3 51 18
2 422
1 206
1 92
3 300 180
1 343
2 427
2 745
3 433 312
3 169 12
3 752 263
1 458
1 235
3 732 53
2 241
3 852 231
1 183
1 21
3 360 140
1 117
3 826 89
2 341
3 515 51
2 92
1 417
1 541
1 371
2 40
2 541
3 730 290
1 100
2 858
3 704 31
3 354 51
1 211
1 609
3 820 203
3 134 226
1 226
2 420
2 117
2 211
3 872 15
2 21
3 739 321
1 308
3 272 182
3 643 156
2 848
2 308
2 219
2 607
2 226
2 632
1 198
1 560
1 93
3 4 346
3 390 3
3 696 251
1 460
3 695 295
2 417
1 167
1 228
1 815
3 70 323
1 597
2 100
1 291
3 734 110
1 884
1 80
3 361 162
1 146
2 167
3 274 205
1 142
3 185 286
3 654 249
2 458
1 849
2 247
2 735
1 314
2 235
1 294
1 879
3 457 42
1 405
2 815
2 371
2 560
3 62 180
1 17
3 169 175
2 879
3 668 87
3 860 157
1 790
1 141
3 556 164
2 423
3 670 48
1 780
3 641 100
2 884
2 142
2 343
1 521
1 234
2 291
3 843 63
3 61 225
3 818 100
3 302 22
3 369 45
2 460
2 851
2 790
3 144 91
1 586
3 291 58
1 286
3 35 150
2 198
1 610
3 285 153
3 603 150
3 199 336
2 586
3 555 249
3 19 60
1 319
3 540 76
2 314
1 887
2 631
3 99 287
1 503
2 543
1 351
3 565 301
3 458 255
2 349
1 786
2 17
3 230 236
3 240 32
2 228
3 251 315
1 791
3 134 86
3 273 280
2 610
2 405
1 382
2 141
1 304
1 612
3 787 22
3 864 57
3 434 18
3 770 36
3 808 49
1 595
2 286
1 370
2 370
3 567 107
1 637
3 87 210
1 245
1 735
2 666
2 595
3 371 92
2 311
2 849
1 590
2 609
3 867 269
3 519 180
1 665
2 93
2 612
3 37 281
3 739 323
3 836 96
1 388
3 359 162
2 80
1 383
1 832
3 3 204
2 780
1 303
3 885 29
1 163
3 408 291
2 304
2 521
1 612
1 551
1 500
