745
1 617
617 333
333 192
192 507
507 540
540 467
467 121
121 683
683 284
284 133
133 521
521 411
411 316
316 699
699 455
455 78
78 217
217 248
248 669
669 111
111 205
205 610
610 378
378 623
623 18
18 240
240 359
359 95
95 76
76 118
118 254
254 32
32 375
375 662
662 252
252 343
343 363
363 431
431 66
66 228
228 555
555 613
613 409
409 478
478 61
61 389
389 698
698 407
407 98
98 286
286 390
390 150
150 642
642 447
447 712
712 335
335 39
39 550
550 674
674 301
301 702
702 347
347 210
210 102
102 52
52 58
58 493
493 21
21 731
731 305
305 483
483 26
26 600
600 527
527 741
741 162
162 686
686 346
346 177
177 381
381 582
582 490
490 246
246 619
619 171
171 577
577 223
223 742
742 444
444 398
398 736
736 201
201 489
489 386
386 416
416 535
535 498
498 426
426 546
546 541
541 278
278 29
29 497
497 81
81 312
312 567
567 59
59 395
395 618
618 474
474 420
420 158
158 349
349 480
480 46
46 167
167 737
737 721
721 496
496 604
604 207
207 727
727 124
124 279
279 562
562 300
300 422
422 677
677 430
430 383
383 326
326 511
511 4
4 159
159 454
454 307
307 227
227 705
705 710
710 200
200 545
545 204
204 13
13 269
269 143
143 701
701 542
542 237
237 459
459 708
708 136
136 583
583 464
464 23
23 522
522 272
272 595
595 144
144 621
621 35
35 152
152 448
448 320
320 156
156 357
357 472
472 141
141 563
563 327
327 491
491 534
534 291
291 276
276 172
172 561
561 452
452 25
25 212
212 94
94 649
649 288
288 266
266 440
440 139
139 575
575 8
8 557
557 27
27 221
221 436
436 12
12 60
60 14
14 462
462 85
85 672
672 358
358 100
100 129
129 494
494 461
461 37
37 486
486 215
215 435
435 179
179 173
173 695
695 644
644 437
437 40
40 424
424 410
410 251
251 295
295 110
110 211
211 105
105 340
340 508
508 65
65 274
274 725
725 706
706 388
388 294
294 576
576 104
104 412
412 289
289 665
665 536
536 688
688 155
155 73
73 348
348 526
526 332
332 199
199 379
379 638
638 53
53 673
673 188
188 83
83 661
661 734
734 265
265 292
292 451
451 735
735 140
140 601
601 427
427 209
209 629
629 239
239 82
82 242
242 565
565 250
250 184
184 116
116 544
544 615
615 38
38 580
580 707
707 519
519 297
297 92
92 671
671 325
325 298
298 614
614 145
145 730
730 468
468 654
654 380
380 329
329 34
34 117
117 306
306 729
729 263
263 275
275 218
218 408
408 296
296 529
529 253
253 572
572 290
290 7
7 271
271 9
9 530
530 726
726 71
71 181
181 400
400 225
225 180
180 202
202 404
404 594
594 506
506 528
528 482
482 624
624 445
445 391
391 126
126 285
285 670
670 277
277 443
443 87
87 640
640 415
415 302
302 19
19 374
374 321
321 373
373 196
196 367
367 70
70 384
384 693
693 574
574 165
165 356
356 310
310 570
570 54
54 233
233 166
166 287
287 318
318 362
362 501
501 3
3 484
484 392
392 230
230 49
49 419
419 457
457 551
551 492
492 187
187 138
138 317
317 714
714 344
344 634
634 368
368 589
589 616
616 584
584 243
243 160
160 456
456 142
142 90
90 93
93 247
247 533
533 96
96 446
446 68
68 503
503 323
323 660
660 354
354 226
226 625
625 499
499 556
556 342
342 293
293 283
283 703
703 650
650 120
120 512
512 513
513 532
532 41
41 738
738 469
469 548
548 330
330 588
588 304
304 560
560 552
552 115
115 131
131 663
663 531
531 525
525 255
255 403
403 154
154 463
463 273
273 57
57 135
135 281
281 510
510 22
22 387
387 393
393 128
128 331
331 399
399 5
5 709
709 190
190 238
238 543
543 220
220 163
163 157
157 337
337 397
397 539
539 108
108 224
224 465
465 675
675 366
366 717
717 176
176 113
113 602
602 631
631 603
603 520
520 109
109 351
351 470
470 394
394 585
585 299
299 740
740 414
414 609
609 231
231 473
473 475
475 554
554 599
599 43
43 311
311 477
477 488
488 86
86 91
91 564
564 309
309 268
268 549
549 718
718 433
433 194
194 401
401 322
322 568
568 413
413 371
371 607
607 341
341 88
88 441
441 355
355 106
106 11
11 28
28 74
74 161
161 72
72 203
203 425
425 372
372 338
338 678
678 178
178 208
208 107
107 308
308 547
547 559
559 569
569 146
146 186
186 219
219 518
518 315
315 421
421 64
64 537
537 197
197 50
50 692
692 438
438 195
195 558
558 487
487 56
56 365
365 376
376 500
500 62
62 174
174 364
364 112
112 15
15 270
270 149
149 682
682 125
125 632
632 724
724 696
696 628
628 460
460 434
434 694
694 185
185 636
636 151
151 236
236 313
313 259
259 687
687 193
193 147
147 24
24 36
36 164
164 680
680 198
198 592
592 334
334 509
509 637
637 314
314 183
183 648
648 639
639 450
450 722
722 260
260 719
719 684
684 659
659 716
716 229
229 715
715 130
130 16
16 587
587 45
45 42
42 339
339 744
744 245
245 63
63 182
182 122
122 336
336 119
119 79
79 700
700 704
704 608
608 432
432 235
235 553
553 622
622 524
524 258
258 664
664 206
206 429
429 652
652 745
745 713
713 495
495 676
676 743
743 89
89 402
402 123
123 324
324 449
449 175
175 127
127 137
137 723
723 573
573 352
352 666
666 262
262 405
405 453
453 641
641 44
44 485
485 428
428 656
656 605
605 280
280 517
517 303
303 647
647 571
571 658
658 697
697 581
581 655
655 267
267 505
505 396
396 732
732 668
668 711
711 606
606 471
471 630
630 101
101 515
515 733
733 319
319 586
586 369
369 232
232 538
538 2
2 256
256 6
6 170
170 51
51 234
234 423
423 620
620 504
504 214
214 80
80 97
97 691
691 47
47 514
514 241
241 590
590 17
17 458
458 153
153 645
645 611
611 264
264 169
169 191
191 612
612 350
350 439
439 591
591 10
10 77
77 593
593 739
739 382
382 685
685 689
689 653
653 20
20 33
33 596
596 84
84 502
502 626
626 442
442 328
328 651
651 75
75 345
345 55
55 516
516 667
667 681
681 597
597 643
643 261
261 417
417 257
257 134
134 377
377 479
479 30
30 566
566 579
579 99
99 132
132 168
168 657
657 598
598 249
249 406
406 213
213 720
720 690
690 222
222 481
481 466
466 627
627 476
476 244
244 103
103 282
282 523
523 360
360 114
114 189
189 385
385 69
69 48
48 578
578 418
418 361
361 148
148 67
67 31
31 216
216 635
635 679
679 633
633 728
728 353
353 370
370 646
1000
3 284 65
3 75 313
3 112 116
3 557 155
3 451 159
3 625 135
3 548 304
3 571 317
3 549 204
3 432 353
3 620 209
3 486 133
3 298 277
3 27 123
3 440 340
3 617 259
3 211 246
3 41 283
3 441 3
3 744 78
3 413 290
3 392 83
3 461 13
3 404 169
3 491 338
3 156 322
3 541 235
3 23 21
3 696 236
3 454 170
3 18 250
3 290 303
3 641 324
3 447 279
3 497 176
3 733 336
3 174 144
3 510 0
3 616 292
3 365 357
3 546 104
3 558 153
3 684 352
3 67 238
3 153 160
3 306 36
3 574 333
3 130 60
3 122 332
3 311 201
3 311 67
3 486 329
3 409 16
3 92 40
3 591 139
3 325 284
3 572 250
3 285 306
3 41 174
3 205 142
3 613 300
3 590 267
3 528 314
3 483 313
3 607 355
3 361 128
3 629 238
3 448 319
3 34 285
3 243 52
3 239 304
3 302 296
3 646 243
3 70 174
3 252 75
3 403 82
3 218 135
3 637 143
3 183 160
3 549 238
3 701 27
3 684 88
3 741 94
3 421 204
3 745 53
3 25 93
3 232 121
3 496 170
3 611 311
3 669 147
3 12 142
3 716 205
3 442 242
3 428 238
3 586 60
3 531 135
3 123 325
3 374 313
3 625 21
3 489 332
3 692 250
3 87 91
3 628 148
3 410 94
3 672 300
3 193 18
3 239 19
3 650 26
3 318 352
3 477 349
3 620 215
3 245 97
3 420 269
3 70 72
3 717 47
3 268 23
3 356 330
3 245 33
3 273 3
3 232 91
3 677 347
3 397 322
3 378 150
3 187 186
3 692 286
3 674 86
3 215 264
3 3 256
3 103 165
3 44 151
3 266 330
3 531 261
3 577 67
3 461 80
3 445 283
3 589 3
3 131 301
3 361 120
3 302 12
3 60 144
3 52 32
3 269 177
3 275 49
3 364 277
3 675 347
3 485 17
3 64 294
3 321 185
3 245 226
3 575 78
3 227 101
3 524 119
3 233 243
3 466 152
3 377 330
3 603 294
3 718 149
3 392 349
3 160 41
3 382 83
3 741 299
3 10 123
3 501 71
3 634 213
3 441 230
3 287 241
3 181 32
3 731 192
3 412 183
3 655 44
3 337 215
3 16 163
3 350 133
3 659 351
3 251 352
3 373 336
3 565 340
3 495 304
3 661 224
3 391 356
3 400 187
3 181 264
3 53 357
3 365 42
3 364 252
3 122 141
3 42 282
3 348 151
3 343 118
3 623 10
3 657 345
3 480 208
3 134 91
3 39 62
3 168 176
3 181 46
3 297 174
3 534 351
3 281 231
3 146 276
3 726 24
3 261 43
3 679 240
3 624 124
3 647 203
3 623 332
3 214 290
3 350 285
3 555 160
3 434 207
3 592 136
3 22 215
3 359 252
3 12 292
3 110 125
3 745 253
3 5 358
3 480 23
3 263 24
3 542 81
3 126 307
3 18 178
3 248 334
3 69 330
3 394 70
3 371 300
3 647 117
3 668 152
3 453 274
3 160 303
3 535 298
3 362 255
3 36 230
3 645 256
3 549 1
3 364 109
3 205 2
3 332 110
3 415 240
3 298 52
3 344 46
3 635 89
3 2 336
3 163 40
3 577 176
3 118 186
3 77 20
3 56 180
3 390 13
3 189 161
3 294 257
3 139 239
3 461 250
3 644 29
3 8 14
3 171 231
3 677 82
3 337 42
3 169 44
3 584 207
3 710 259
3 714 84
3 676 347
3 77 338
3 553 92
3 91 183
3 718 166
3 458 288
3 83 191
3 592 21
3 178 206
3 154 306
3 336 269
3 93 199
3 476 162
3 587 314
3 85 82
3 429 122
3 605 81
3 129 246
3 106 200
3 226 227
3 689 189
3 205 66
3 104 195
3 266 112
3 438 77
3 79 181
3 206 28
3 402 134
3 662 240
3 51 264
3 388 278
3 255 253
3 167 177
3 187 309
3 709 136
3 99 341
3 561 327
3 717 159
3 120 209
3 118 0
3 538 327
3 303 317
3 44 107
3 39 113
3 4 74
3 144 247
3 167 126
3 190 82
3 173 23
3 649 218
3 499 238
3 168 231
3 733 245
3 567 200
3 275 119
3 618 82
3 473 65
3 733 84
3 188 104
3 299 268
3 47 352
3 175 234
3 399 24
3 276 246
3 624 119
3 298 45
3 604 263
3 34 173
3 100 328
3 530 186
3 364 143
3 41 262
3 217 250
3 368 343
3 287 93
3 719 101
3 618 313
3 182 65
3 353 270
3 244 139
3 698 333
3 102 44
3 462 284
3 251 35
3 517 231
3 315 173
3 295 249
3 710 80
3 186 220
3 86 147
3 526 66
3 571 96
3 234 249
3 13 18
3 457 224
3 547 167
3 211 106
3 478 350
3 488 94
3 452 112
3 258 14
3 231 127
3 313 172
3 34 83
3 272 258
3 172 72
3 40 58
3 163 339
3 99 154
3 414 162
3 456 252
3 194 165
3 312 61
3 458 66
3 47 272
3 501 48
3 640 10
3 688 5
3 637 325
3 671 130
3 454 7
3 48 97
3 226 118
3 330 105
3 670 18
3 580 303
3 173 99
3 326 232
3 728 271
3 372 79
3 641 295
3 517 118
3 133 11
3 128 195
3 587 220
3 519 241
3 123 319
3 726 170
3 346 335
3 582 216
3 623 311
3 520 141
3 155 102
3 280 241
3 75 207
3 529 109
3 118 257
3 612 253
3 461 347
3 411 228
3 178 200
3 29 57
3 585 1
3 167 122
3 164 30
3 651 169
3 522 327
3 404 3
3 533 53
3 514 96
3 562 170
3 481 38
3 313 256
3 271 15
3 598 342
3 191 350
3 441 189
3 246 289
3 412 152
3 540 43
3 354 65
3 676 188
3 579 84
3 100 188
3 543 131
3 571 254
3 109 130
3 111 80
3 736 310
3 278 356
3 697 81
3 241 185
3 118 318
3 273 137
3 111 305
3 99 158
3 315 14
3 734 284
3 222 345
3 586 42
3 113 286
3 568 124
3 712 176
3 416 323
3 595 283
3 371 142
3 614 347
3 83 148
3 578 213
3 49 316
3 461 303
3 196 43
3 662 107
3 668 64
3 243 33
3 214 13
3 151 132
3 585 62
3 99 279
3 708 202
3 222 172
3 159 65
3 628 128
3 725 149
3 246 264
3 664 158
3 186 42
3 417 144
3 412 12
3 225 182
3 280 87
3 99 174
3 659 333
3 639 357
3 613 41
3 358 115
3 507 110
3 598 230
3 624 176
3 373 315
3 554 299
3 214 115
3 459 288
3 668 241
3 607 321
3 350 194
3 232 270
3 166 8
3 435 72
3 739 7
3 398 232
3 679 254
3 69 323
3 440 31
3 318 199
3 215 64
3 508 289
3 36 114
3 24 49
3 1 299
3 57 282
3 592 222
3 705 7
3 652 294
3 262 160
3 567 168
3 640 169
3 14 82
3 448 161
3 286 240
3 114 337
3 125 332
3 744 82
3 270 235
3 581 103
3 171 233
3 189 287
3 729 28
3 636 61
3 392 140
3 32 35
3 108 111
3 84 339
3 186 135
3 217 254
3 137 68
3 351 2
3 52 100
3 546 111
3 334 91
3 280 3
3 501 69
3 40 22
3 560 73
3 131 103
3 489 280
3 174 112
3 235 56
3 77 130
3 655 2
3 217 104
3 305 301
3 75 46
3 738 291
3 528 206
3 335 113
3 489 157
3 266 110
3 610 66
3 523 154
3 600 338
3 304 305
3 706 197
3 256 43
3 218 240
3 148 88
3 466 167
3 378 198
3 371 347
3 562 87
3 495 102
3 362 234
3 646 278
3 139 152
3 50 314
3 462 234
3 536 99
3 346 27
3 291 171
3 580 56
3 721 274
3 44 198
3 54 131
3 425 353
3 231 209
3 23 95
3 542 278
3 185 178
3 619 31
3 420 142
3 475 345
3 72 210
3 226 356
3 150 322
3 166 255
3 402 244
3 508 132
3 388 204
3 240 187
3 279 273
3 696 107
3 155 344
3 49 111
3 183 350
3 101 335
3 314 158
3 648 48
3 111 8
3 716 177
3 695 292
3 572 115
3 186 23
3 503 19
3 119 36
3 531 44
3 373 75
3 570 210
3 149 310
3 424 156
3 656 327
3 422 140
3 671 142
3 407 123
3 612 359
3 126 76
3 116 301
3 524 85
3 231 102
3 557 119
3 22 27
3 602 232
3 364 177
3 324 326
3 171 355
3 155 102
3 383 60
3 16 90
3 269 286
3 646 176
3 538 185
3 112 207
3 203 165
3 491 62
3 650 7
3 16 205
3 163 273
3 498 74
3 197 15
3 520 301
3 123 251
3 652 137
3 120 128
3 291 188
3 552 168
3 715 350
3 612 52
3 300 171
3 289 308
3 638 343
3 269 226
3 724 314
3 295 17
3 233 129
3 198 120
3 657 123
3 709 357
3 89 328
3 185 59
3 161 68
3 64 146
3 90 159
3 258 89
3 217 73
3 107 162
3 698 299
3 707 41
3 635 127
3 456 130
3 655 349
3 645 316
3 678 207
3 502 157
3 351 132
3 183 265
3 178 301
3 311 295
3 455 220
3 709 154
3 40 31
3 158 338
3 502 93
3 323 80
3 410 140
3 2 234
3 440 349
3 697 325
3 413 3
3 542 198
3 586 311
3 206 342
3 519 282
3 283 55
3 322 295
3 183 19
3 419 60
3 52 189
3 445 120
3 505 40
3 265 117
3 504 132
3 335 19
3 718 185
3 635 248
3 655 148
3 40 104
3 326 309
3 146 310
3 604 340
3 396 225
3 136 271
3 311 224
3 727 351
3 156 247
3 292 198
3 451 84
3 133 195
3 192 142
3 355 187
3 558 268
3 61 221
3 48 289
3 333 251
3 369 332
3 192 209
3 318 13
3 643 337
3 705 65
3 304 163
3 699 345
3 562 265
3 241 267
3 312 330
3 20 174
3 557 139
3 352 133
3 182 54
3 233 14
3 607 30
3 250 186
3 348 333
3 103 86
3 538 38
3 327 251
3 434 67
3 458 335
3 653 136
3 731 134
3 14 341
3 45 302
3 615 60
3 48 17
3 248 196
3 335 270
3 621 94
3 497 52
3 447 69
3 610 257
3 493 338
3 259 65
3 625 56
3 674 51
3 687 129
3 379 344
3 246 272
3 43 321
3 428 131
3 284 6
3 286 262
3 486 310
3 646 352
3 641 40
3 87 117
3 279 101
3 641 333
3 2 355
3 682 32
3 323 321
3 349 353
3 596 74
3 448 7
3 401 145
3 197 218
3 121 298
3 448 139
3 130 293
3 339 171
3 226 180
3 327 233
3 88 142
3 123 17
3 710 244
3 302 198
3 528 163
3 524 300
3 110 291
3 585 163
3 255 35
3 243 179
3 75 77
3 354 198
3 523 292
3 453 325
3 95 224
3 437 1
3 461 214
3 294 149
3 3 276
3 634 266
3 271 118
3 435 22
3 434 282
3 594 350
3 234 298
3 572 134
3 178 210
3 368 199
3 282 187
3 48 214
3 64 112
3 296 210
3 79 253
3 109 351
3 498 126
3 169 262
3 196 303
3 646 170
3 66 335
3 105 29
3 587 271
3 586 146
3 587 353
3 271 148
3 546 62
3 54 69
3 445 304
3 114 99
3 19 232
3 8 321
3 674 185
3 135 349
3 20 162
3 487 97
3 381 230
3 120 162
3 279 162
3 148 125
3 9 261
3 686 103
3 445 21
3 596 185
3 696 342
3 658 33
3 46 166
3 342 58
3 378 163
3 136 288
3 217 205
3 308 225
3 480 6
3 556 24
3 737 94
3 241 226
3 100 111
3 375 149
3 714 252
3 299 243
3 332 271
3 178 159
3 602 244
3 374 117
3 446 247
3 680 304
3 657 159
3 210 16
3 101 359
3 714 47
3 313 316
3 598 292
3 402 45
3 269 156
3 533 310
3 637 183
3 666 260
3 175 5
3 569 24
3 711 220
3 719 216
3 452 38
3 628 305
3 78 4
3 332 243
3 371 6
3 51 123
3 233 265
3 448 97
3 56 56
3 668 323
3 546 222
3 544 72
3 99 307
3 592 245
3 333 322
3 73 241
3 705 284
3 707 267
3 179 165
3 268 28
3 605 328
3 675 7
3 478 357
3 403 110
3 504 231
3 36 33
3 305 20
3 200 135
3 134 88
3 257 306
3 454 83
3 124 255
3 467 101
3 451 64
3 655 259
3 190 229
3 310 233
3 665 349
3 628 176
3 81 292
3 36 198
3 40 355
3 577 282
3 22 308
3 120 247
3 480 265
3 583 231
3 560 129
3 127 199
3 67 342
3 388 97
3 429 189
3 388 302
3 391 32
3 549 135
3 434 221
3 198 131
3 327 29
3 210 324
3 271 18
3 355 101
3 530 43
3 269 229
3 171 283
3 328 62
3 124 240
3 292 1
3 215 53
3 701 357
3 404 189
3 117 75
3 134 214
3 254 9
3 519 309
3 352 204
3 240 10
3 336 58
3 380 39
3 646 335
3 507 293
3 279 60
3 708 146
3 503 51
3 567 94
3 121 150
3 297 238
3 50 325
3 366 56
3 9 71
3 20 183
3 154 23
3 194 349
3 195 64
3 414 103
3 297 56
3 157 127
3 477 249
3 557 94
3 529 121
3 345 322
3 610 205
