606
1 473
473 488
488 289
289 13
13 129
129 538
538 571
571 269
269 359
359 412
412 384
384 243
243 103
103 93
93 356
356 115
115 72
72 97
97 292
292 26
26 15
15 281
281 39
39 449
449 347
347 65
65 435
435 572
572 559
559 376
376 172
172 485
485 532
532 266
266 77
77 121
121 127
127 260
260 500
500 110
110 142
142 460
460 106
106 202
202 210
210 139
139 451
451 327
327 432
432 558
558 143
143 90
90 420
420 568
568 320
320 515
515 587
587 275
275 370
370 466
466 180
180 438
438 544
544 467
467 203
203 326
326 442
442 152
152 242
242 164
164 222
222 402
402 148
148 490
490 315
315 214
214 601
601 216
216 546
546 562
562 403
403 131
131 163
163 523
523 63
63 338
338 481
481 355
355 151
151 183
183 71
71 445
445 35
35 377
377 489
489 556
556 591
591 456
456 291
291 548
548 529
529 547
547 199
199 478
478 499
499 70
70 251
251 394
394 446
446 406
406 84
84 116
116 348
348 141
141 525
525 318
318 193
193 390
390 11
11 100
100 474
474 549
549 577
577 173
173 256
256 509
509 104
104 487
487 554
554 99
99 477
477 524
524 264
264 247
247 483
483 59
59 387
387 76
76 512
512 361
361 233
233 463
463 105
105 130
130 42
42 367
367 382
382 5
5 299
299 569
569 578
578 98
98 362
362 468
468 335
335 375
375 584
584 592
592 472
472 288
288 300
300 604
604 66
66 606
606 425
425 557
557 184
184 78
78 570
570 102
102 17
17 372
372 316
316 530
530 597
597 254
254 190
190 94
94 154
154 517
517 44
44 156
156 138
138 475
475 43
43 271
271 379
379 502
502 187
187 123
123 411
411 136
136 400
400 340
340 171
171 513
513 309
309 53
53 414
414 117
117 373
373 249
249 79
79 237
237 374
374 132
132 150
150 388
388 550
550 364
364 113
113 436
436 342
342 135
135 124
124 24
24 399
399 82
82 462
462 145
145 566
566 162
162 331
331 528
528 506
506 170
170 329
329 274
274 218
218 454
454 52
52 581
581 230
230 294
294 33
33 303
303 511
511 429
429 178
178 545
545 306
306 47
47 290
290 200
200 169
169 186
186 283
283 278
278 427
427 201
201 175
175 534
534 85
85 369
369 343
343 244
244 208
208 385
385 358
358 86
86 496
496 248
248 443
443 263
263 398
398 20
20 323
323 227
227 430
430 215
215 120
120 111
111 536
536 34
34 287
287 128
128 56
56 137
137 321
321 494
494 531
531 311
311 508
508 516
516 501
501 41
41 107
107 23
23 277
277 153
153 96
96 452
452 519
519 514
514 209
209 339
339 448
448 354
354 234
234 250
250 498
498 391
391 262
262 174
174 205
205 492
492 567
567 50
50 64
64 426
426 261
261 409
409 302
302 455
455 507
507 73
73 161
161 464
464 36
36 503
503 344
344 510
510 431
431 60
60 155
155 396
396 589
589 284
284 461
461 239
239 561
561 241
241 55
55 457
457 383
383 593
593 580
580 564
564 195
195 595
595 352
352 540
540 602
602 317
317 437
437 231
231 259
259 158
158 423
423 393
393 147
147 88
88 434
434 125
125 307
307 191
191 450
450 421
421 415
415 599
599 365
365 238
238 465
465 51
51 285
285 279
279 476
476 453
453 444
444 522
522 38
38 479
479 160
160 30
30 267
267 600
600 146
146 189
189 118
118 304
304 232
232 590
590 405
405 10
10 181
181 80
80 334
334 447
447 185
185 81
81 371
371 95
95 539
539 28
28 220
220 188
188 314
314 493
493 6
6 470
470 133
133 537
537 276
276 74
74 471
471 330
330 535
535 108
108 575
575 337
337 265
265 353
353 166
166 109
109 582
582 282
282 598
598 217
217 223
223 395
395 268
268 204
204 134
134 418
418 433
433 16
16 273
273 61
61 458
458 346
346 14
14 236
236 419
419 482
482 469
469 574
574 3
3 313
313 594
594 122
122 32
32 167
167 585
585 422
422 89
89 12
12 579
579 212
212 413
413 54
54 386
386 40
40 8
8 504
504 305
305 491
491 112
112 328
328 416
416 257
257 101
101 19
19 87
87 83
83 495
495 140
140 258
258 69
69 228
228 336
336 505
505 206
206 25
25 439
439 168
168 255
255 229
229 176
176 225
225 46
46 31
31 366
366 192
192 312
312 605
605 308
308 246
246 196
196 37
37 520
520 119
119 603
603 440
440 293
293 563
563 543
543 408
408 211
211 92
92 240
240 368
368 357
357 159
159 484
484 480
480 62
62 213
213 224
224 9
9 177
177 551
551 144
144 49
49 404
404 407
407 541
541 45
45 333
333 583
583 378
378 486
486 345
345 497
497 319
319 197
197 194
194 410
410 297
297 286
286 253
253 270
270 126
126 521
521 389
389 332
332 221
221 392
392 596
596 586
586 533
533 360
360 527
527 542
542 272
272 57
57 27
27 555
555 553
553 91
91 179
179 341
341 397
397 48
48 165
165 588
588 441
441 219
219 417
417 252
252 226
226 21
21 518
518 75
75 58
58 245
245 29
29 298
298 363
363 560
560 351
351 325
325 114
114 22
22 565
565 198
198 310
310 280
280 2
2 381
381 401
401 296
296 68
68 349
349 324
324 428
428 350
350 380
380 182
182 576
576 552
552 301
301 235
235 157
157 7
7 424
424 459
459 322
322 149
149 573
573 67
67 207
207 18
18 4
4 295
295 526
1000
3 307 93
1 235
3 430 158
3 438 86
3 194 78
3 82 339
2 235
3 267 305
3 431 234
3 301 74
3 390 347
3 110 69
3 11 249
3 538 273
3 420 78
3 579 313
3 591 345
3 465 122
3 596 70
3 276 51
3 323 329
1 467
3 287 215
3 546 207
3 333 144
3 438 144
3 478 284
3 41 313
3 23 220
3 42 66
3 367 69
3 334 321
3 388 309
1 140
3 239 270
3 348 73
3 359 215
3 404 251
3 178 106
3 341 116
3 342 122
3 194 304
1 549
3 349 161
3 320 176
3 468 157
3 579 143
3 506 314
3 95 7
3 308 352
3 78 93
3 348 269
3 176 341
3 415 5
3 342 94
3 573 169
3 249 58
3 46 20
3 206 240
3 125 137
3 523 44
3 305 92
3 606 256
3 103 105
3 424 180
3 385 248
3 377 147
3 109 19
1 443
3 142 197
3 313 306
3 39 151
3 438 244
2 443
3 557 207
3 436 130
3 529 45
3 591 310
3 226 63
3 431 184
3 12 341
3 275 61
3 12 107
3 399 137
3 157 55
3 486 98
3 184 57
3 48 299
3 67 91
3 297 133
3 556 358
3 451 243
3 63 93
3 445 222
3 287 261
3 118 174
3 257 37
3 490 189
3 523 171
3 331 165
3 527 177
3 472 54
3 135 249
3 175 343
3 352 201
3 92 131
3 521 339
3 420 335
3 82 14
3 235 26
3 267 261
3 421 202
3 171 142
3 289 340
3 224 260
3 375 299
3 278 158
3 512 61
3 268 10
3 109 45
3 280 30
3 78 267
3 4 166
3 147 2
3 415 307
3 438 17
3 331 74
3 217 249
3 108 16
3 185 141
3 86 149
3 189 103
3 112 355
3 277 165
3 133 334
3 12 204
3 138 253
3 601 65
3 231 164
3 343 51
3 427 116
3 14 96
3 249 227
3 145 175
3 420 104
3 324 217
3 57 75
3 533 278
3 332 159
3 496 298
3 397 183
3 172 119
3 421 151
3 357 211
3 567 103
3 51 61
3 535 118
3 422 217
3 517 26
3 568 215
3 574 187
3 517 261
3 194 181
3 347 168
3 606 204
3 222 30
3 237 103
3 361 213
3 309 269
3 448 176
3 533 166
3 356 3
3 516 94
3 340 152
3 526 223
3 257 130
3 109 212
3 19 148
3 77 255
3 115 276
3 350 278
3 26 329
3 271 242
3 463 20
3 266 10
3 460 77
3 59 81
3 251 111
3 448 235
3 65 18
3 597 65
3 280 301
3 182 219
3 302 110
3 347 1
3 513 259
3 563 281
3 294 264
3 85 190
3 114 355
3 566 126
3 422 67
3 146 230
3 77 221
3 305 278
3 546 228
3 473 32
1 413
3 179 96
3 278 204
3 419 68
3 286 108
3 368 176
3 90 211
3 521 285
3 519 61
3 438 30
3 240 288
3 600 147
3 70 155
3 259 103
3 492 129
3 24 198
3 447 58
3 347 156
3 155 165
3 102 159
3 171 34
3 581 132
3 11 335
3 234 141
3 507 160
3 554 159
3 418 335
3 172 47
3 481 158
3 543 229
3 395 112
3 356 153
3 193 214
3 154 83
3 97 199
3 204 172
3 230 5
3 332 168
3 317 25
3 61 346
3 374 138
3 241 76
3 27 85
3 27 358
3 576 119
3 530 228
3 135 278
3 289 181
3 195 160
3 275 213
3 171 115
3 252 63
3 495 60
3 495 172
3 53 103
3 526 85
3 384 268
3 212 81
3 32 317
3 420 225
3 540 0
3 273 20
3 427 136
3 371 358
3 395 220
3 474 135
3 293 314
3 357 15
3 414 355
3 351 265
3 221 74
3 512 61
3 243 26
3 533 196
3 507 128
3 111 116
3 332 327
3 468 72
3 246 155
3 435 14
3 465 276
3 495 64
3 47 73
3 202 26
3 457 3
3 504 136
3 606 156
3 320 232
3 147 147
3 606 23
3 387 111
3 276 188
3 561 251
3 166 135
3 39 233
3 186 125
3 476 344
3 447 253
1 88
3 204 14
3 407 354
3 305 194
3 100 320
3 195 234
3 416 259
3 80 299
3 112 0
3 50 306
3 148 72
3 238 356
3 216 104
3 324 230
3 581 43
3 246 186
3 41 265
3 44 22
3 387 39
3 448 202
3 42 310
3 21 75
3 464 311
3 489 106
3 559 208
3 381 292
3 239 160
3 397 88
3 163 332
2 467
3 451 213
3 554 297
3 546 43
3 355 116
3 190 113
3 44 125
3 480 88
3 359 213
3 278 314
3 410 53
3 381 69
3 276 344
3 60 94
3 334 250
3 16 52
3 328 275
3 12 111
3 370 291
3 264 305
3 137 347
3 32 210
3 380 54
3 78 281
3 52 343
3 530 97
3 98 195
3 387 241
3 15 55
2 88
1 257
3 377 209
3 239 303
3 120 201
1 44
3 91 111
3 175 180
1 476
3 285 315
3 606 57
3 521 350
3 509 327
3 282 109
3 302 65
3 126 49
3 426 21
3 586 12
3 228 250
3 563 201
3 287 123
3 312 218
3 60 235
3 119 280
3 564 217
3 165 225
3 15 154
3 87 49
3 70 237
3 315 65
3 147 347
3 592 354
3 450 5
3 238 159
3 248 333
3 253 24
3 200 233
3 97 133
3 404 27
3 432 315
3 333 43
3 161 49
3 26 279
3 228 180
3 223 160
3 205 311
1 24
3 193 179
2 44
3 512 186
3 109 130
3 337 82
3 433 303
3 36 177
3 440 118
3 364 148
3 138 248
3 326 321
3 416 46
3 512 155
3 106 352
3 162 211
3 231 27
3 162 307
3 488 131
3 222 204
3 52 27
3 598 314
3 22 250
3 430 307
3 233 140
3 520 345
3 352 13
3 415 250
3 314 84
3 492 90
3 595 22
3 198 343
3 66 324
3 376 72
3 157 44
3 545 265
3 524 24
3 447 270
3 54 317
3 35 114
3 496 209
3 327 197
3 201 347
1 510
3 563 44
3 558 34
2 549
3 507 295
3 312 48
1 263
3 282 40
3 362 30
3 373 65
1 217
3 303 75
3 278 148
3 37 296
3 495 137
3 435 111
3 546 321
3 449 164
3 444 18
3 22 268
3 603 39
3 286 155
3 54 139
3 605 19
3 246 166
3 313 165
3 350 81
3 330 48
3 550 328
3 430 285
3 9 168
3 3 27
3 528 32
3 226 316
3 71 29
3 464 17
3 137 315
3 388 351
3 208 269
3 500 72
3 352 313
3 126 286
3 314 247
3 515 257
3 285 63
3 447 258
3 601 345
3 555 54
3 355 42
3 225 268
3 423 329
3 68 288
3 515 340
3 381 305
3 573 5
3 203 192
2 217
3 310 119
3 593 341
3 198 248
3 358 6
3 113 39
3 336 44
3 367 132
3 67 12
3 368 111
3 325 315
3 148 223
3 393 207
3 368 135
3 26 103
3 174 168
3 523 247
3 245 142
3 192 205
3 436 104
3 173 328
3 309 334
3 511 276
3 469 100
3 513 195
3 577 158
3 529 101
3 570 55
3 89 148
3 90 72
3 145 122
3 555 151
3 449 218
3 16 304
3 83 83
3 8 59
3 351 131
3 484 108
3 52 17
1 93
3 3 6
1 474
3 320 357
3 201 237
3 279 290
3 469 337
3 57 78
3 245 278
3 370 199
3 479 238
3 332 133
1 410
3 95 315
3 301 103
3 106 299
3 417 92
3 514 182
3 297 244
3 87 231
3 559 262
3 195 187
3 321 318
3 304 327
3 56 201
3 314 229
3 553 198
3 443 246
3 287 17
3 155 284
3 372 334
1 445
3 520 71
3 552 278
3 270 251
3 599 341
3 450 80
3 340 312
3 12 277
3 451 190
3 368 321
3 439 331
3 247 276
3 588 0
3 48 158
3 391 337
3 396 331
3 170 27
3 522 233
3 158 170
3 466 193
3 44 262
3 378 109
3 304 221
3 501 56
3 111 140
3 605 122
3 362 113
3 169 246
3 576 275
3 188 126
3 125 278
3 34 233
3 511 134
3 601 235
3 249 62
3 111 328
3 132 356
3 112 357
3 327 134
3 377 3
3 3 196
3 499 315
3 42 230
3 545 28
3 90 48
3 211 266
2 474
3 398 201
3 548 214
3 536 345
3 327 37
1 587
3 562 285
3 283 144
3 181 126
3 211 282
3 142 286
3 523 224
3 78 194
3 408 129
3 237 52
3 104 63
3 116 159
2 510
3 557 56
3 83 28
3 332 318
3 535 271
3 424 261
3 111 91
3 473 206
3 186 212
2 263
2 476
3 76 17
3 171 2
3 57 159
3 495 60
1 1
3 69 35
3 89 102
3 161 87
3 42 222
3 488 135
3 159 350
3 577 20
3 314 41
3 354 49
3 166 145
3 175 278
3 355 162
3 335 106
3 568 340
3 531 158
3 4 296
3 555 279
3 367 7
3 31 122
3 590 197
3 69 198
3 525 105
3 551 174
3 270 258
1 571
3 347 13
3 355 279
3 523 180
3 325 330
3 206 341
3 100 132
3 320 155
3 82 102
3 446 285
3 428 214
3 560 10
3 485 104
3 188 127
3 142 143
3 431 269
3 239 23
3 251 275
3 168 15
3 366 248
3 504 27
3 368 48
3 368 60
3 491 281
3 218 12
3 121 228
3 280 151
3 565 192
3 291 255
3 388 248
3 477 248
3 120 190
3 92 289
3 364 201
3 259 182
3 110 261
3 166 159
3 450 198
3 311 94
3 133 154
3 207 194
3 417 182
3 469 24
3 79 80
1 248
3 213 356
3 192 254
3 193 232
3 540 75
3 268 145
3 199 355
3 345 9
3 387 275
1 182
3 77 128
3 85 268
3 501 27
3 375 245
3 277 319
3 122 316
3 234 301
3 452 312
3 423 263
3 135 98
3 581 215
3 27 106
3 393 302
3 230 62
3 142 103
3 199 164
3 128 94
3 549 17
3 537 343
3 84 118
3 240 142
3 3 42
3 130 72
3 309 104
3 460 132
3 400 141
3 260 252
3 20 277
1 492
3 575 72
3 80 223
3 104 147
3 97 107
3 432 105
3 236 77
3 428 302
3 80 54
3 513 49
1 556
3 88 29
3 351 52
3 393 116
3 566 19
3 141 238
3 502 144
3 265 302
3 139 225
1 50
3 260 131
3 263 38
3 119 301
3 31 145
3 266 132
3 569 232
3 519 59
3 175 143
3 21 168
3 364 283
3 183 294
3 311 125
3 70 141
3 73 9
3 290 197
2 93
3 137 331
3 209 82
3 175 319
3 446 42
3 67 303
3 324 34
3 555 251
3 210 101
3 243 277
3 414 119
3 381 116
3 138 172
3 471 233
3 285 36
3 604 294
3 602 116
3 472 198
3 133 271
3 357 347
3 263 279
3 180 67
3 481 223
3 395 6
3 466 326
3 178 290
3 211 275
3 295 141
3 594 98
3 143 133
3 6 214
3 167 136
3 15 205
3 438 137
3 586 10
3 40 354
3 108 247
3 563 76
3 81 199
3 300 273
3 72 149
3 467 108
3 112 46
3 131 8
3 408 273
3 139 237
3 447 15
3 515 249
3 57 163
3 570 157
3 238 209
3 26 156
3 286 67
3 585 183
3 379 2
3 603 305
3 156 284
3 18 152
3 123 306
3 507 50
3 586 129
3 520 43
3 527 338
3 171 226
3 48 72
3 432 248
3 486 359
3 280 106
2 140
3 305 237
3 402 249
3 144 98
3 157 163
3 433 156
3 597 102
2 492
3 201 309
3 22 216
3 132 292
3 127 302
3 390 110
3 572 23
3 362 18
3 348 123
3 433 215
3 495 165
2 445
3 415 151
3 258 29
3 75 142
3 65 274
3 161 55
3 126 16
3 471 354
3 123 274
3 155 258
2 50
3 503 97
3 457 79
3 59 142
3 212 13
3 321 82
3 160 163
3 584 112
3 429 20
3 25 33
3 60 118
3 319 324
3 286 153
3 304 222
3 326 301
3 508 93
3 314 86
3 154 117
3 492 313
3 358 273
3 77 264
3 47 150
3 371 72
1 102
3 552 59
3 299 149
3 144 218
3 578 88
3 586 20
3 577 29
3 216 15
3 191 183
3 15 321
3 539 234
3 355 272
1 341
3 470 125
3 349 285
3 30 262
3 270 188
3 445 272
3 323 303
3 436 183
3 368 24
3 233 41
3 468 17
3 51 242
3 230 8
3 562 75
3 500 193
3 97 325
3 225 7
3 372 349
3 48 27
3 470 82
3 476 89
3 472 235
3 165 198
3 569 36
3 520 136
3 270 64
3 227 59
3 521 226
3 233 0
3 339 289
3 569 64
3 563 274
3 557 309
3 19 195
3 412 123
3 35 84
3 293 297
2 182
3 37 61
3 161 125
3 315 88
2 248
3 276 295
3 132 147
3 97 248
1 496
3 347 191
3 502 204
3 128 15
3 590 269
3 374 319
3 98 221
3 424 129
3 488 200
3 95 174
3 29 237
3 392 235
1 113
3 321 11
3 92 106
3 559 177
3 544 303
3 391 197
3 39 171
3 451 191
1 430
3 286 212
3 43 313
3 322 243
3 14 132
3 502 260
