866
1 151
151 844
151 695
151 791
151 440
151 167
151 648
151 259
151 17
151 589
151 711
151 57
151 324
151 149
151 109
151 34
151 502
151 433
151 532
151 703
151 410
151 788
151 422
151 541
151 340
151 185
151 188
151 727
151 547
151 779
151 315
151 31
151 283
151 421
151 641
151 475
151 408
151 759
151 696
151 269
151 126
151 855
151 724
151 668
151 262
151 346
151 774
151 822
151 183
151 461
151 701
151 266
151 664
151 24
151 347
151 630
151 503
151 624
151 598
151 178
151 626
151 54
151 62
151 593
151 124
151 510
151 538
151 676
151 322
151 796
151 345
151 716
151 406
151 76
151 704
151 403
151 518
151 365
151 465
151 736
151 524
151 119
151 785
151 103
151 350
151 87
151 69
151 758
151 631
151 775
151 534
151 431
151 320
151 197
151 317
151 205
151 476
151 132
151 468
151 444
151 359
151 385
151 492
151 517
151 196
151 554
151 168
151 412
151 520
151 525
151 692
151 81
151 55
151 713
151 620
151 600
151 242
151 542
151 401
151 106
151 552
151 82
151 100
151 723
151 472
151 592
151 382
151 147
151 380
151 288
151 9
151 581
151 352
151 53
151 417
151 568
151 252
151 321
151 670
151 726
151 588
151 816
151 799
151 42
151 782
151 797
151 112
151 576
151 504
151 500
151 790
151 841
151 193
151 512
151 192
151 705
151 848
151 157
151 567
151 182
151 237
151 674
151 622
151 145
151 356
151 595
151 198
151 88
151 139
151 351
151 143
151 436
151 441
151 682
151 265
151 343
151 163
151 384
151 49
151 280
151 702
151 187
151 522
151 392
151 23
151 803
151 355
151 364
151 341
151 748
151 328
151 256
151 721
151 298
151 653
151 41
151 640
151 450
151 348
151 134
151 230
151 391
151 20
151 203
151 675
151 438
151 729
151 213
151 70
151 208
151 645
151 231
151 507
151 591
151 746
151 829
151 489
151 555
151 368
151 377
151 279
151 304
151 669
151 292
151 457
151 397
151 810
151 137
151 700
151 678
151 405
151 275
151 666
151 276
151 154
151 479
151 448
151 837
151 570
151 16
151 679
151 754
151 191
151 866
151 480
151 409
151 798
151 463
151 383
151 394
151 110
151 270
151 550
151 521
151 496
151 189
151 527
151 204
151 528
151 142
151 606
151 812
151 460
151 487
151 531
151 662
151 179
151 423
151 86
151 452
151 652
151 709
151 373
151 683
151 605
151 171
151 571
151 90
151 281
151 120
151 574
151 523
151 13
151 513
151 857
151 778
151 654
151 6
151 318
151 597
151 398
151 689
151 404
151 773
151 854
151 585
151 428
151 658
151 646
151 19
151 158
151 753
151 209
151 389
151 817
151 655
151 327
151 763
151 194
151 505
151 316
151 369
151 560
151 488
151 367
151 573
151 353
151 330
151 583
151 449
151 249
151 506
151 437
151 767
151 707
151 407
151 667
151 5
151 326
151 582
151 742
151 40
151 336
151 561
151 413
151 750
151 419
151 843
151 486
151 635
151 33
151 859
151 435
151 14
151 342
151 484
151 733
151 710
151 224
151 232
151 306
151 325
151 210
151 781
151 577
151 511
151 133
151 738
151 141
151 79
151 473
151 596
151 617
151 131
151 4
151 490
151 439
151 609
151 616
151 206
151 693
151 243
151 264
151 37
151 335
151 393
151 745
151 777
151 297
151 80
151 172
151 792
151 805
151 706
151 72
151 639
151 248
151 35
151 515
151 680
151 752
151 740
151 144
151 519
151 239
151 215
151 43
151 621
151 821
151 241
151 146
151 458
151 845
151 459
151 46
151 128
151 594
151 539
151 105
151 372
151 56
151 170
151 858
151 737
151 477
151 314
151 27
151 424
151 830
151 455
151 245
151 755
151 216
151 267
151 586
151 25
151 469
151 390
151 563
151 195
151 657
151 826
151 800
151 293
151 454
151 509
151 122
151 289
151 51
151 219
151 508
151 628
151 92
151 643
151 71
151 688
151 286
151 770
151 544
151 3
151 467
151 548
151 784
151 735
151 545
151 823
151 533
151 84
151 665
151 789
151 731
151 277
151 516
151 155
151 399
151 772
151 851
151 462
151 12
151 786
151 690
151 699
151 165
151 840
151 634
151 396
151 153
151 18
151 832
151 150
151 491
151 430
151 536
151 846
151 853
151 218
151 378
151 831
151 471
151 559
151 526
151 602
151 415
151 850
151 387
151 650
151 819
151 36
151 485
151 114
151 861
151 98
151 332
151 722
151 494
151 118
151 244
151 129
151 329
151 795
151 687
151 814
151 247
151 614
151 362
151 603
151 323
151 99
151 827
151 77
151 291
151 374
151 7
151 310
151 644
151 757
151 684
151 842
151 173
151 176
151 200
151 313
151 44
151 301
151 93
151 564
151 235
151 111
151 169
151 212
151 714
151 787
151 493
151 802
151 466
151 815
151 136
151 333
151 715
151 765
151 78
151 29
151 447
151 255
151 464
151 75
151 677
151 416
151 360
151 432
151 104
151 604
151 656
151 94
151 608
151 125
151 671
151 11
151 633
151 558
151 732
151 273
151 184
151 295
151 725
151 556
151 305
151 59
151 712
151 233
151 240
151 587
151 217
151 307
151 809
151 312
151 833
151 569
151 860
151 739
151 427
151 222
151 565
151 820
151 783
151 234
151 152
151 207
151 159
151 386
151 64
151 65
151 107
151 535
151 48
151 825
151 514
151 47
151 663
151 127
151 549
151 761
151 806
151 863
151 115
151 501
151 220
151 864
151 223
151 229
151 74
151 637
151 856
151 811
151 337
151 274
151 148
151 681
151 720
151 691
151 776
151 808
151 85
151 221
151 63
151 443
151 180
151 698
151 381
151 370
151 22
151 60
151 717
151 102
151 551
151 418
151 15
151 584
151 615
151 121
151 296
151 138
151 250
151 400
151 135
151 272
151 251
151 451
151 618
151 67
151 8
151 530
151 246
151 611
151 303
151 629
151 865
151 376
151 287
151 228
151 236
151 804
151 728
151 162
151 529
151 294
151 123
151 214
151 453
151 686
151 116
151 253
151 58
151 30
151 575
151 672
151 21
151 807
151 354
151 97
151 601
151 801
151 363
151 651
151 636
151 299
151 344
151 762
151 331
151 834
151 68
151 813
151 638
151 429
151 156
151 649
151 349
151 557
151 478
151 39
151 91
151 764
151 474
151 780
151 420
151 495
151 73
151 357
151 52
151 540
151 161
151 862
151 338
151 694
151 414
151 175
151 580
151 847
151 481
151 499
151 225
151 718
151 257
151 66
151 186
151 743
151 358
151 375
151 32
151 371
151 140
151 445
151 818
151 117
151 760
151 434
151 838
151 756
151 612
151 160
151 309
151 607
151 285
151 659
151 166
151 302
151 751
151 708
151 211
151 164
151 793
151 300
151 411
151 741
151 113
151 572
151 632
151 836
151 339
151 769
151 768
151 766
151 284
151 263
151 319
151 697
151 828
151 627
151 590
151 747
151 849
151 38
151 174
151 625
151 402
151 89
151 311
151 282
151 61
151 839
151 425
151 45
151 498
151 673
151 190
151 482
151 50
151 108
151 258
151 278
151 395
151 661
151 613
151 366
151 771
151 442
151 28
151 181
151 10
151 308
151 537
151 95
151 566
151 379
151 96
151 685
151 719
151 130
151 446
151 177
151 334
151 290
151 578
151 497
151 101
151 388
151 2
151 227
151 238
151 261
151 26
151 83
151 226
151 199
151 260
151 202
151 201
151 647
151 794
151 361
151 660
151 852
151 610
151 734
151 562
151 744
151 426
151 619
151 579
151 268
151 623
151 730
151 835
151 642
151 749
151 254
151 271
151 456
151 483
151 599
151 470
151 546
151 824
151 543
151 553
1000
3 445 345
3 61 312
3 618 107
3 174 29
3 830 1
3 105 290
3 728 4
3 152 256
3 379 34
3 798 354
3 787 235
3 750 221
3 589 184
3 125 137
3 141 76
3 191 338
3 126 331
3 233 201
1 492
3 179 18
3 371 225
3 322 325
3 332 152
3 283 225
3 704 260
1 510
3 227 307
3 37 30
3 299 105
3 535 303
3 151 339
3 495 322
3 314 69
3 149 153
3 134 314
3 591 145
3 813 303
3 363 337
3 98 192
3 827 78
3 286 48
3 723 358
3 578 256
3 15 182
3 468 0
3 136 259
1 858
3 348 204
3 704 306
3 446 28
3 856 177
3 258 203
3 78 159
3 692 5
3 121 218
3 343 341
3 252 213
3 423 141
3 855 138
3 653 345
3 426 168
3 747 95
3 653 31
3 434 261
3 782 295
3 354 135
3 272 173
2 510
3 261 199
3 160 341
3 87 319
3 464 135
3 163 159
3 513 234
3 425 69
3 566 0
3 293 341
3 571 285
3 157 38
3 107 31
3 662 3
3 555 243
3 820 151
3 9 327
3 808 315
3 590 83
3 127 139
3 92 99
3 248 5
3 692 346
3 153 75
3 648 343
3 695 6
3 100 152
3 272 345
3 415 347
3 242 159
3 467 55
3 459 172
3 544 29
3 85 298
3 538 304
3 654 242
3 79 75
3 597 122
3 827 68
3 278 271
3 205 139
3 196 95
3 398 220
3 150 104
3 855 34
3 90 286
3 817 169
3 231 113
3 329 287
3 661 221
3 717 205
3 584 50
3 124 154
3 675 143
3 319 98
3 321 96
3 812 274
3 477 198
3 727 259
3 105 213
3 645 329
3 323 317
3 616 350
3 340 316
3 35 266
3 510 328
3 331 50
2 492
3 641 240
3 47 309
3 463 208
3 64 174
3 494 343
3 690 277
3 817 106
3 759 349
3 795 191
3 810 357
3 851 83
3 84 213
3 392 183
2 858
3 562 213
3 266 57
3 420 304
3 800 219
3 614 334
3 576 261
3 310 107
3 147 62
3 94 320
3 558 40
3 315 300
3 790 274
3 687 352
3 155 101
3 363 233
3 850 59
3 409 0
3 124 357
3 39 216
3 839 183
3 344 98
3 40 116
1 424
3 857 11
3 180 38
3 304 338
3 854 200
3 124 340
3 835 351
3 101 142
3 652 191
3 212 96
3 737 320
3 186 159
3 583 8
3 689 149
1 620
3 543 183
3 70 86
3 555 60
3 546 353
3 543 298
3 311 12
3 145 344
3 714 292
3 95 286
3 187 319
3 536 319
3 231 216
3 376 166
3 199 69
3 160 28
1 53
3 433 252
3 179 340
3 705 147
3 747 73
3 578 266
1 547
2 424
3 860 66
3 312 290
3 401 259
3 217 134
3 41 54
3 96 293
3 745 273
3 590 162
3 521 290
3 532 328
3 35 283
3 290 1
3 749 34
3 110 158
3 195 43
3 819 319
3 15 60
3 855 225
3 77 114
3 307 70
3 658 220
3 588 348
3 297 252
3 425 186
3 651 245
3 623 139
3 455 273
3 444 174
3 290 47
3 370 207
3 656 195
3 164 126
3 619 148
2 620
3 462 344
3 455 27
3 825 231
3 301 23
3 14 305
3 44 50
3 81 3
3 338 330
3 381 358
3 650 258
3 786 323
3 19 316
3 784 225
3 349 18
3 734 347
3 768 358
3 358 165
3 330 328
3 55 281
3 65 146
3 502 79
3 489 328
3 311 124
3 644 51
3 662 134
3 797 233
3 694 161
3 515 121
3 367 240
3 3 172
3 751 81
3 577 351
3 277 199
3 835 134
3 378 313
3 147 56
3 734 62
3 326 305
3 471 250
3 594 330
1 353
3 437 158
3 638 298
3 857 190
3 857 44
3 430 65
3 81 186
3 68 232
3 460 205
3 534 283
3 111 201
3 454 174
3 448 302
3 775 24
3 268 137
3 708 55
3 368 104
3 127 19
3 712 256
3 726 314
3 156 276
3 798 199
3 538 288
3 725 330
3 624 355
3 420 65
3 580 347
3 523 302
3 309 137
3 687 146
3 38 84
3 448 58
3 713 302
3 379 303
3 845 301
3 808 250
3 186 40
3 809 116
3 592 186
3 259 239
3 26 247
2 547
3 796 35
3 185 293
3 379 253
3 333 107
3 330 333
3 98 248
3 518 206
3 588 101
3 72 153
3 660 153
3 725 189
3 57 314
3 35 331
3 364 128
3 387 9
3 823 240
3 114 221
3 818 124
3 529 296
3 764 206
3 614 88
3 510 342
3 606 135
3 463 149
3 642 100
3 728 317
3 531 275
3 19 297
3 797 330
3 279 74
3 115 203
3 332 147
3 103 138
3 387 40
1 198
3 326 313
3 569 297
3 284 289
3 278 331
3 280 253
3 780 252
3 700 179
3 12 93
3 44 186
3 620 292
3 180 171
3 579 130
3 587 310
3 300 236
3 578 318
3 813 266
3 544 10
3 227 289
3 376 213
3 627 2
3 633 204
3 858 84
3 261 253
3 727 184
2 353
3 323 110
3 480 247
1 4
3 301 140
3 852 112
3 776 238
3 495 308
3 749 159
3 293 30
3 644 35
3 276 336
3 573 138
3 426 108
3 267 229
3 156 354
3 95 243
3 648 18
3 476 320
3 501 148
3 644 41
3 409 312
3 336 120
3 324 247
3 80 275
3 224 194
3 453 251
3 25 335
3 95 69
3 569 5
3 441 122
3 267 27
3 599 232
3 641 17
3 572 251
3 472 348
3 778 19
3 398 103
3 494 107
3 473 191
3 624 153
3 552 113
3 665 223
3 325 302
3 662 351
3 352 232
3 684 44
3 280 99
3 347 345
3 329 331
3 643 76
3 487 337
3 109 173
3 321 123
3 580 227
3 293 217
3 144 90
3 305 358
3 490 204
3 841 222
3 652 98
3 632 168
3 569 66
3 58 95
3 498 284
3 642 264
3 524 307
3 616 205
3 297 264
3 105 255
2 4
3 376 82
3 95 298
3 742 66
3 776 47
3 424 335
3 56 118
3 351 58
3 556 84
3 137 241
3 572 116
3 302 215
3 348 5
3 38 46
3 782 34
3 451 246
3 477 2
3 116 3
3 2 27
3 283 337
3 856 41
3 691 242
3 527 351
3 226 251
3 816 67
3 421 323
3 856 74
3 830 349
3 716 131
3 589 142
3 54 144
3 815 80
3 519 276
3 150 54
3 456 244
3 140 85
3 490 8
3 4 182
3 566 58
3 525 242
3 608 151
3 113 16
3 398 58
3 476 160
3 629 224
3 808 102
3 499 277
3 336 290
3 441 39
3 706 137
3 855 121
3 548 253
3 492 224
3 78 279
3 841 107
3 619 241
3 731 276
3 367 336
3 394 181
3 633 24
3 520 255
3 699 344
3 19 335
3 164 289
3 423 171
3 436 282
1 854
3 267 201
3 649 121
3 310 335
3 667 188
3 652 224
3 546 312
3 746 323
3 325 250
3 63 249
3 241 294
3 675 262
3 555 205
3 82 359
3 545 38
3 107 191
3 565 299
3 204 270
3 657 148
3 489 51
3 190 152
3 502 253
3 433 325
3 523 319
3 402 316
3 266 338
3 496 324
3 597 34
3 662 110
3 226 301
3 460 330
3 725 310
3 839 38
3 514 73
3 852 174
3 194 180
3 486 306
3 708 165
3 98 100
2 53
3 94 35
3 533 62
3 486 83
3 659 76
3 644 72
3 706 149
3 100 309
3 649 207
3 533 22
3 446 321
3 460 34
3 839 83
3 165 181
3 374 20
1 616
3 371 309
3 179 156
3 796 299
3 257 17
3 539 74
3 267 225
3 648 65
3 203 237
3 195 288
3 415 7
3 770 83
3 339 224
3 860 286
3 779 149
3 768 0
3 311 241
3 733 74
3 467 13
3 77 148
3 187 251
3 713 311
1 42
3 679 47
3 279 282
3 136 257
3 12 144
3 162 274
3 171 210
3 142 321
3 69 108
3 625 222
3 65 83
3 412 150
3 93 166
3 329 146
3 47 242
3 559 309
3 532 10
3 241 318
3 618 166
1 409
3 588 141
3 62 135
3 9 28
3 708 125
3 773 232
3 27 219
3 595 248
3 10 212
3 711 8
3 47 241
2 409
3 413 61
3 712 333
3 380 174
3 339 274
3 143 100
3 68 251
3 591 203
3 478 268
3 208 25
3 212 17
3 77 325
3 64 67
3 788 5
3 7 349
1 176
3 328 66
3 267 176
3 163 72
3 50 238
3 213 310
3 723 212
3 541 198
3 199 207
3 336 299
3 642 323
3 235 74
3 274 349
3 290 185
3 234 118
3 506 263
3 744 296
3 239 328
3 506 44
3 45 1
3 438 136
3 560 117
3 699 55
1 649
3 784 243
3 21 254
3 841 237
3 645 0
3 394 193
3 256 141
3 552 168
3 400 136
3 125 336
3 779 301
3 608 93
3 101 33
3 717 118
3 283 84
1 206
3 40 284
3 471 322
3 506 330
3 339 287
3 849 59
1 41
3 731 40
3 450 355
3 461 269
3 633 240
3 420 97
3 734 54
3 119 329
3 208 268
3 700 105
3 238 73
3 47 189
3 58 19
3 66 281
3 303 6
3 350 57
3 436 4
3 860 336
3 653 47
3 584 23
3 327 248
3 689 105
3 283 49
3 416 209
3 99 183
3 561 350
3 10 261
3 375 149
3 839 10
3 496 217
3 228 34
3 657 125
3 264 229
3 128 31
3 560 126
3 374 358
3 333 39
3 460 89
3 618 144
3 59 172
3 694 247
3 478 43
3 727 50
3 127 262
3 200 182
3 548 315
3 20 219
3 7 283
3 7 304
3 565 58
3 184 3
3 847 262
3 293 206
3 283 157
3 702 142
3 357 209
3 676 23
3 178 211
3 620 224
3 798 153
3 210 308
2 176
3 391 219
3 144 184
3 160 285
3 596 327
3 559 299
3 220 283
3 787 94
3 21 80
3 271 134
3 322 337
2 42
3 10 64
3 393 238
3 542 252
3 680 149
3 539 51
3 536 149
3 282 331
3 529 351
3 565 19
3 633 70
3 115 7
3 48 276
3 124 64
3 613 54
3 335 236
3 684 162
3 69 223
3 161 167
3 435 251
3 627 80
3 719 60
3 754 22
3 51 102
3 107 77
3 170 153
3 209 258
3 183 148
2 41
3 656 189
3 420 155
3 770 156
3 453 263
3 375 210
3 98 69
3 741 294
3 11 334
3 858 115
3 212 81
3 641 208
3 258 195
3 602 309
3 705 76
3 819 275
3 633 262
3 849 104
3 249 206
3 318 31
3 177 243
3 445 161
3 359 8
1 430
3 679 273
3 244 213
1 775
3 365 224
3 550 100
3 421 93
3 156 32
3 246 307
3 438 263
3 831 187
3 790 311
3 244 216
3 65 143
3 65 101
3 375 211
3 316 0
1 227
3 369 136
3 241 235
3 282 218
3 438 170
3 73 350
1 256
3 150 153
3 832 303
3 167 134
3 832 246
3 766 91
3 116 150
3 180 2
3 578 218
1 765
3 416 134
3 287 77
3 652 16
3 28 183
3 81 295
3 335 251
3 567 233
3 243 187
3 94 43
3 814 159
3 329 25
3 421 93
3 131 342
3 236 338
1 566
3 439 65
3 622 159
3 183 320
3 601 231
3 382 12
3 50 250
3 218 303
3 231 275
3 552 350
3 506 291
3 471 287
3 772 67
3 433 324
3 672 278
3 626 77
3 221 123
3 526 320
3 788 133
3 196 255
3 359 175
3 583 352
3 759 288
3 648 160
3 35 171
3 312 300
3 761 71
3 55 135
2 206
3 772 109
3 425 29
3 840 196
3 709 78
3 335 325
3 826 292
3 760 26
3 549 357
3 401 332
3 448 345
3 505 223
3 187 290
3 793 52
3 55 50
3 103 89
3 533 92
3 715 336
3 736 306
3 192 125
3 381 208
3 295 65
3 412 182
1 791
1 451
3 324 282
3 61 193
3 581 332
3 554 328
3 203 76
3 134 208
3 19 341
3 730 163
1 539
3 112 4
3 311 305
3 255 281
2 227
3 110 38
3 510 56
3 825 77
3 299 322
3 722 85
3 811 139
3 429 81
3 799 174
3 637 295
3 253 40
3 264 42
3 491 78
3 165 244
3 703 208
3 326 141
3 587 54
3 5 274
3 381 340
3 141 260
3 276 54
3 415 120
3 30 240
1 160
3 644 180
3 344 244
3 651 75
3 548 40
3 303 43
3 754 10
3 23 9
3 186 73
3 609 172
3 361 179
3 660 291
3 78 201
3 804 154
3 286 301
3 164 46
3 726 6
3 593 30
3 244 197
3 513 344
3 250 48
3 445 161
3 139 89
3 683 247
3 440 181
3 414 15
3 846 158
3 645 211
3 463 176
3 125 322
3 705 2
3 350 267
3 575 134
3 795 309
3 368 274
3 610 29
3 82 232
3 714 0
3 115 26
3 569 58
3 365 100
3 423 22
3 681 251
3 729 129
3 499 11
3 609 6
3 596 331
3 727 321
3 565 346
3 415 316
3 92 79
3 6 302
3 20 337
3 836 307
3 750 257
3 822 21
3 647 12
