819
1 228
228 794
228 343
228 510
228 234
228 651
228 816
228 14
228 808
228 221
228 212
228 101
228 189
228 240
228 719
228 656
228 10
228 335
228 91
228 472
228 570
228 735
228 68
228 499
228 277
228 637
228 761
228 150
228 223
228 326
228 267
228 528
228 506
228 38
228 231
228 233
228 801
228 107
228 410
228 694
228 789
228 815
228 50
228 634
228 27
228 282
228 375
228 769
228 454
228 382
228 551
228 198
228 30
228 288
228 505
228 750
228 359
228 202
228 106
228 592
228 352
228 347
228 338
228 555
228 22
228 365
228 306
228 641
228 476
228 207
228 164
228 103
228 580
228 585
228 746
228 715
228 444
228 692
228 521
228 109
228 578
228 622
228 429
228 615
228 493
228 92
228 803
228 422
228 755
228 686
228 292
228 31
228 424
228 534
228 417
228 294
228 185
228 369
228 251
228 17
228 266
228 624
228 16
228 225
228 3
228 82
228 731
228 322
228 153
228 220
228 639
228 518
228 446
228 501
228 269
228 374
228 271
228 480
228 571
228 45
228 711
228 716
228 218
228 523
228 817
228 609
228 175
228 684
228 490
228 88
228 100
228 8
228 558
228 693
228 274
228 532
228 629
228 169
228 471
228 83
228 80
228 249
228 26
228 775
228 317
228 717
228 355
228 701
228 177
228 451
228 491
228 397
228 594
228 581
228 428
228 90
228 620
228 647
228 380
228 211
228 348
228 142
228 182
228 632
228 214
228 475
228 165
228 671
228 749
228 465
228 691
228 208
228 314
228 728
228 75
228 788
228 102
228 539
228 402
228 805
228 813
228 524
228 76
228 333
228 605
228 425
228 321
228 131
228 447
228 219
228 273
228 596
228 683
228 470
228 541
228 336
228 215
228 597
228 696
228 459
228 134
228 582
228 129
228 792
228 399
228 353
228 563
228 253
228 79
228 478
228 747
228 526
228 364
228 289
228 522
228 386
228 655
228 344
228 15
228 638
228 576
228 535
228 318
228 43
228 371
228 133
228 737
228 34
228 646
228 114
228 334
228 147
228 661
228 511
228 204
228 135
228 430
228 37
228 771
228 740
228 291
228 726
228 753
228 366
228 245
228 786
228 806
228 238
228 512
228 280
228 264
228 59
228 675
228 376
228 790
228 530
228 363
228 479
228 707
228 473
228 538
228 536
228 276
228 561
228 268
228 86
228 24
228 589
228 46
228 325
228 527
228 519
228 361
228 158
228 777
228 508
228 237
228 73
228 489
228 242
228 577
228 702
228 440
228 173
228 682
228 84
228 689
228 58
228 458
228 398
228 766
228 224
228 495
228 742
228 773
228 595
228 157
228 13
228 591
228 297
228 468
228 176
228 658
228 195
228 232
228 486
228 662
228 721
228 540
228 738
228 564
228 194
228 25
228 515
228 387
228 700
228 797
228 665
228 810
228 542
228 708
228 739
228 680
228 196
228 377
228 556
228 677
228 349
228 608
228 265
228 645
228 190
228 342
228 53
228 685
228 52
228 767
228 159
228 295
228 649
228 7
228 450
228 70
228 145
228 445
228 285
228 329
228 697
228 246
228 356
228 283
228 520
228 381
228 636
228 341
228 679
228 627
228 51
228 180
228 152
228 795
228 33
228 598
228 174
228 154
228 139
228 122
228 166
228 136
228 394
228 96
228 466
228 192
228 455
228 35
228 89
228 607
228 477
228 449
228 431
228 660
228 590
228 492
228 229
228 303
228 695
228 149
228 69
228 187
228 308
228 113
228 354
228 772
228 167
228 507
228 385
228 172
228 724
228 128
228 710
228 255
228 181
228 618
228 85
228 474
228 648
228 593
228 513
228 358
228 260
228 78
228 405
228 782
228 796
228 171
228 357
228 373
228 119
228 720
228 545
228 533
228 487
228 572
228 160
228 400
228 296
228 704
228 39
228 244
228 642
228 744
228 63
228 126
228 413
228 481
228 312
228 763
228 567
228 330
228 284
228 87
228 606
228 640
228 759
228 390
228 388
228 11
228 281
228 409
228 60
228 441
228 709
228 670
228 243
228 406
228 41
228 419
228 544
228 328
228 423
228 818
228 12
228 664
228 320
228 652
228 257
228 488
228 327
228 633
228 162
228 762
228 199
228 272
228 734
228 66
228 626
228 254
228 370
228 127
228 130
228 554
228 586
228 798
228 319
228 49
228 573
228 258
228 812
228 404
228 614
228 760
228 657
228 415
228 497
228 286
228 439
228 529
228 625
228 241
228 310
228 549
228 514
228 340
228 256
228 216
228 705
228 209
228 98
228 809
228 667
228 156
228 123
228 108
228 412
228 331
228 811
228 418
228 236
228 565
228 124
228 287
228 351
228 546
228 368
228 65
228 435
228 227
228 313
228 779
228 748
228 384
228 414
228 421
228 699
228 770
228 186
228 666
228 802
228 774
228 713
228 434
228 553
228 118
228 462
228 461
228 688
228 116
228 54
228 316
228 230
228 143
228 151
228 6
228 125
228 469
228 81
228 416
228 28
228 453
228 706
228 628
228 324
228 787
228 170
228 4
228 659
228 743
228 339
228 121
228 611
228 574
228 146
228 62
228 391
228 2
228 141
228 279
228 307
228 548
228 722
228 120
228 299
228 630
228 754
228 18
228 179
228 222
228 261
228 631
228 793
228 727
228 389
228 460
228 372
228 438
228 457
228 437
228 138
228 213
228 144
228 783
228 300
228 804
228 301
228 408
228 718
228 57
228 712
228 132
228 203
228 562
228 502
228 814
228 104
228 275
228 673
228 612
228 729
228 547
228 432
228 315
228 601
228 206
228 110
228 200
228 723
228 420
228 776
228 751
228 40
228 503
228 736
228 367
228 575
228 452
228 672
228 650
228 311
228 44
228 483
228 77
228 725
228 71
228 568
228 403
228 678
228 560
228 635
228 654
228 610
228 332
228 758
228 337
228 197
228 401
228 500
228 137
228 644
228 557
228 663
228 346
228 97
228 733
228 757
228 623
228 252
228 602
228 427
228 498
228 745
228 168
228 588
228 584
228 250
228 525
228 616
228 94
228 32
228 379
228 48
228 210
228 482
228 448
228 323
228 653
228 464
228 19
228 395
228 426
228 21
228 259
228 785
228 668
228 504
228 161
228 305
228 9
228 263
228 765
228 411
228 579
228 456
228 184
228 669
228 42
228 617
228 780
228 800
228 309
228 604
228 587
228 117
228 235
228 484
228 442
228 799
228 217
228 345
228 193
228 247
228 383
228 270
228 350
228 407
228 304
228 396
228 20
228 378
228 537
228 509
228 278
228 61
228 360
228 569
228 392
228 552
228 600
228 155
228 732
228 494
228 148
228 105
228 463
228 566
228 293
228 550
228 467
228 619
228 393
228 29
228 781
228 543
228 603
228 436
228 362
228 72
228 756
228 239
228 248
228 112
228 643
228 93
228 730
228 784
228 714
228 433
228 791
228 56
228 302
228 764
228 163
228 599
228 485
228 178
228 36
228 191
228 201
228 752
228 74
228 95
228 67
228 111
228 778
228 188
228 687
228 47
228 819
228 768
228 674
228 517
228 807
228 443
228 262
228 703
228 290
228 64
228 496
228 183
228 226
228 298
228 5
228 205
228 621
228 690
228 698
228 99
228 676
228 531
228 23
228 583
228 115
228 140
228 559
228 516
228 741
228 55
228 681
228 613
1000
3 99 148
1 63
1 781
1 15
1 705
2 705
2 781
3 202 159
1 716
3 607 132
1 45
2 716
1 695
2 695
1 76
3 152 278
2 76
3 720 189
1 373
3 286 8
2 373
2 45
2 63
1 591
2 591
1 421
1 194
2 194
3 156 165
1 140
2 421
1 756
2 140
1 680
2 680
2 15
1 733
3 541 240
2 733
1 220
2 756
3 792 70
3 361 197
3 208 357
1 590
3 521 133
1 522
1 599
3 433 350
2 220
2 522
1 265
2 599
2 265
3 80 307
2 590
1 116
2 116
1 453
1 166
1 587
2 453
1 205
1 675
1 140
2 140
2 205
1 489
2 675
3 504 289
2 166
2 587
2 489
1 463
2 463
1 522
3 714 305
3 225 103
1 772
3 28 267
2 522
1 519
2 772
2 519
3 744 108
1 140
1 70
1 24
1 271
3 291 126
3 4 211
1 530
2 271
2 140
2 530
1 253
3 628 89
1 46
2 253
2 24
3 611 138
2 70
1 741
2 741
3 713 244
3 130 128
2 46
1 472
2 472
3 411 200
1 274
3 413 247
3 364 118
1 350
2 350
1 510
3 260 163
3 394 268
3 622 61
3 543 330
3 519 315
2 274
1 611
2 611
1 54
2 510
2 54
3 353 195
3 383 294
1 455
3 562 1
1 386
1 510
3 476 282
3 422 312
2 386
3 260 256
3 289 176
1 90
1 754
2 90
3 412 196
2 754
3 410 49
2 455
3 462 329
1 727
1 188
2 188
2 510
3 94 294
3 284 17
3 76 346
2 727
1 696
3 12 49
1 797
1 558
3 537 6
2 558
1 480
2 696
2 797
2 480
3 39 62
1 374
2 374
1 798
1 224
2 798
3 316 344
3 494 288
1 816
2 224
2 816
1 702
1 222
3 763 270
2 702
3 231 160
1 227
2 222
3 415 181
1 248
2 227
3 749 266
1 638
2 248
3 356 105
2 638
3 565 226
1 57
2 57
1 582
1 674
2 582
1 316
3 668 141
2 316
1 33
3 558 61
3 551 66
2 674
1 816
1 288
1 696
2 696
1 177
2 177
2 288
1 75
1 168
3 155 342
1 307
3 322 10
3 123 293
2 168
1 181
2 75
3 702 325
2 816
1 752
3 819 220
1 438
1 377
2 181
3 481 147
2 33
2 307
2 377
3 666 250
2 752
3 685 195
2 438
3 121 291
1 599
3 501 219
3 436 54
3 554 204
3 420 161
3 528 162
2 599
1 604
1 779
3 248 118
3 479 341
1 184
2 779
3 77 40
2 184
1 589
1 363
3 432 55
2 363
3 562 53
2 589
3 651 247
2 604
1 679
1 190
2 679
3 310 352
2 190
1 51
1 736
1 34
3 378 20
2 34
1 178
3 414 105
3 700 241
3 55 186
1 214
3 78 132
3 460 142
2 736
1 463
1 576
1 423
3 173 348
2 214
1 428
1 120
1 54
2 423
3 608 181
1 241
2 463
3 749 178
1 367
1 347
1 234
3 729 285
1 268
3 553 118
2 241
1 197
1 397
1 734
3 43 24
2 428
3 744 132
2 234
3 757 101
1 494
1 648
1 241
1 332
2 397
3 680 187
3 308 337
1 132
3 65 336
3 292 79
1 47
3 381 152
2 268
3 678 124
2 648
3 711 214
3 538 335
1 304
2 734
1 805
2 494
1 135
3 342 54
2 51
1 473
1 448
3 441 54
2 178
2 332
1 109
2 132
2 120
1 130
2 135
1 267
1 602
2 47
2 54
1 767
2 241
1 607
3 116 310
1 432
3 355 30
3 641 123
3 594 1
2 602
2 130
1 131
3 368 71
1 541
1 295
1 81
2 767
1 298
1 549
3 755 63
2 473
2 367
3 76 262
1 144
2 347
1 467
1 454
2 549
1 728
2 267
2 295
2 541
3 122 137
2 81
1 228
2 467
2 448
1 328
2 576
2 298
3 193 71
2 454
1 541
3 292 68
3 508 78
3 494 225
2 109
2 228
3 765 241
2 432
2 304
1 319
3 213 31
3 473 288
3 679 339
3 503 114
3 469 344
2 197
1 331
1 773
1 524
2 524
3 92 183
3 281 242
2 728
1 561
2 607
1 503
3 418 357
3 233 349
2 773
1 65
1 542
3 527 261
1 419
1 739
2 319
3 283 1
3 225 9
3 721 196
1 524
1 694
3 507 227
3 136 21
3 636 312
2 331
3 197 85
1 12
3 302 171
1 574
1 501
2 561
1 403
2 65
3 197 295
3 407 212
3 234 197
2 419
2 574
1 31
1 819
1 791
1 194
3 6 209
2 194
2 501
1 649
2 805
1 355
1 518
1 244
3 421 86
1 271
3 130 98
1 389
3 571 236
1 813
2 503
2 813
1 105
2 31
2 518
3 744 247
2 524
1 656
2 403
1 38
1 261
2 791
2 694
2 38
1 515
1 41
2 656
1 214
1 686
2 389
1 766
2 819
3 89 71
2 214
3 239 189
1 641
2 105
1 495
1 414
2 542
1 760
1 645
3 685 336
3 94 47
1 577
1 718
1 623
2 766
3 531 306
3 635 272
2 355
2 244
2 41
3 463 327
2 261
1 604
2 541
1 132
2 515
1 295
3 327 323
1 245
1 406
2 131
1 783
3 36 222
3 117 337
2 132
2 414
3 507 70
2 577
2 783
2 245
3 525 22
2 641
3 803 210
3 744 274
3 671 39
1 472
1 805
2 739
1 562
1 60
2 271
2 645
3 483 294
2 604
1 369
3 694 281
2 718
2 12
1 506
1 541
2 623
2 541
2 295
2 686
1 559
2 559
3 624 179
1 206
1 648
3 419 4
2 206
3 445 220
2 495
3 72 147
2 648
2 472
1 539
3 266 146
1 174
3 679 37
3 510 278
1 251
1 566
3 729 168
1 704
2 406
1 149
3 51 271
2 149
2 174
2 506
2 144
3 315 128
2 60
3 137 132
1 575
3 156 83
2 562
1 633
3 476 235
2 539
2 649
3 582 276
3 17 254
3 383 208
1 589
3 650 167
1 240
3 687 241
2 633
2 328
1 460
2 760
2 460
2 369
1 462
2 575
2 240
3 53 100
3 339 240
1 734
1 124
3 78 187
3 44 342
2 805
3 193 246
1 407
1 332
1 340
1 438
1 517
1 22
1 575
3 246 160
1 180
3 610 312
2 517
2 438
2 124
2 180
2 589
2 462
3 141 20
1 373
2 340
2 566
1 793
1 481
3 158 174
1 246
3 810 232
2 575
3 269 0
3 597 128
3 10 167
3 804 305
2 246
2 704
1 660
3 696 116
1 702
3 775 348
2 481
3 284 285
3 419 250
2 22
2 734
1 770
3 673 136
1 288
3 408 133
2 660
1 164
3 391 205
3 9 161
1 482
1 252
3 447 120
2 770
2 407
1 267
1 669
3 309 38
3 236 159
1 30
2 332
2 482
2 251
3 492 112
2 793
1 351
1 516
3 19 136
3 817 114
3 560 26
1 121
2 702
3 661 249
3 379 110
1 711
3 748 78
1 641
2 669
1 685
1 661
1 607
3 100 185
3 671 135
2 607
1 434
2 661
3 660 254
3 573 70
3 380 296
1 207
1 383
2 207
2 252
2 373
2 288
2 641
1 407
2 434
2 685
3 289 66
2 516
2 383
1 256
1 344
1 636
1 494
1 365
2 636
3 690 358
2 256
3 621 318
1 83
1 725
1 767
1 116
3 785 66
3 508 67
1 493
1 392
2 121
1 307
2 351
2 711
1 324
2 344
1 521
2 267
2 494
1 816
1 571
2 493
3 782 124
2 365
1 634
1 115
3 574 207
3 761 264
1 658
1 264
1 553
3 100 322
3 755 253
2 553
2 521
3 151 238
1 408
1 657
2 264
2 83
2 30
3 136 266
1 26
3 222 165
1 59
1 149
3 576 3
3 141 359
2 164
3 818 21
2 407
3 641 206
3 225 280
2 725
1 601
1 471
2 816
1 652
1 734
2 634
2 657
1 583
3 737 273
2 767
2 149
2 658
3 348 52
2 734
3 779 339
2 116
2 324
1 705
3 748 329
2 392
1 150
2 583
2 471
3 674 352
1 5
2 652
3 541 218
2 5
1 69
2 26
3 170 232
3 372 30
2 69
1 226
3 161 292
3 354 261
3 562 236
1 645
1 175
2 408
2 175
1 352
1 536
1 789
3 399 32
3 562 358
2 150
3 81 169
3 402 339
2 789
1 801
1 604
1 98
1 193
2 536
2 601
1 391
2 59
2 391
1 795
1 370
3 300 233
1 373
1 794
2 373
1 430
2 604
1 636
2 226
3 97 177
1 556
3 536 23
3 81 50
3 341 110
1 648
2 370
1 370
3 572 321
1 747
3 313 281
2 307
3 755 48
3 136 321
2 795
1 343
1 190
2 794
3 109 120
1 501
1 476
1 413
2 98
1 814
2 413
3 90 204
1 755
2 747
2 814
3 21 206
3 784 261
2 801
2 645
1 563
3 102 198
2 193
2 571
1 654
3 227 298
2 648
3 299 196
1 590
1 104
1 536
2 755
2 190
3 674 116
1 782
3 486 344
2 343
1 509
1 626
3 375 56
2 430
2 654
1 252
2 370
2 115
1 149
3 564 2
1 804
1 263
1 146
1 659
1 356
3 325 30
1 311
2 252
1 687
3 565 214
1 93
1 609
3 818 322
2 356
2 659
2 311
2 590
2 476
1 672
3 34 171
1 364
3 487 266
3 184 359
3 638 126
1 596
3 710 190
2 146
2 263
1 50
2 364
1 341
3 706 117
2 804
2 352
3 350 256
2 50
2 782
1 769
3 225 258
3 323 141
3 685 189
1 703
2 149
1 86
2 563
3 209 5
1 615
3 763 223
1 23
3 248 153
1 408
3 571 1
2 626
2 687
1 183
3 365 204
3 621 268
2 609
3 701 125
1 427
2 408
1 120
2 769
1 645
1 397
2 93
3 778 138
1 347
1 774
2 615
3 368 204
1 778
1 768
3 585 238
1 770
1 622
1 309
3 615 162
2 536
2 183
3 640 278
1 109
1 77
3 567 36
1 202
3 403 189
2 109
2 768
1 675
1 226
2 636
2 309
2 509
3 185 181
1 26
1 130
1 815
3 199 337
1 566
3 568 3
1 224
1 69
