681
1 589
1 467
1 184
184 33
1 620
620 157
589 78
184 172
33 660
78 439
172 93
157 389
157 674
78 609
620 42
609 164
609 556
589 23
157 321
589 254
674 679
1 307
172 366
321 532
366 394
254 61
184 203
532 596
394 232
232 264
609 199
394 221
61 54
42 258
23 561
596 189
394 387
33 457
596 136
394 291
366 357
157 24
366 557
357 44
258 549
532 36
33 309
321 305
366 101
674 430
660 292
291 230
136 652
532 353
93 378
199 326
78 183
589 425
321 572
387 90
660 30
387 67
609 41
136 474
394 446
67 120
90 582
36 473
199 433
394 17
557 323
199 56
446 197
292 237
78 211
33 547
237 4
230 647
292 111
652 461
674 107
556 276
232 485
439 435
41 655
203 583
230 162
221 179
596 154
292 399
184 337
291 651
425 621
651 7
337 405
660 400
41 282
254 409
67 538
164 445
445 257
120 39
572 286
61 588
557 517
101 418
430 284
61 424
582 171
556 495
387 631
389 313
547 128
237 494
189 637
164 317
337 406
366 512
313 586
44 543
461 503
445 200
589 331
389 502
4 413
517 580
655 548
389 217
413 96
580 139
637 506
30 335
582 240
139 177
78 65
276 606
30 37
39 330
467 153
620 166
67 370
291 671
166 58
556 486
230 262
557 500
17 462
556 160
39 541
309 371
335 132
67 431
166 214
660 62
54 390
424 628
179 178
154 599
37 344
24 379
107 627
435 396
541 434
42 121
132 348
405 112
674 479
628 16
36 40
353 432
589 496
494 249
262 6
307 471
128 630
580 207
160 288
292 311
309 550
221 187
56 341
418 381
257 194
184 236
264 595
62 115
433 324
1 564
203 590
217 251
424 255
292 266
65 666
671 333
326 626
564 607
655 298
101 308
371 235
637 678
111 632
586 247
341 158
317 11
139 280
549 555
236 386
308 48
671 570
621 675
7 131
550 210
48 372
541 393
532 83
474 53
112 527
288 554
399 528
162 442
541 375
626 269
378 18
139 88
17 234
235 385
528 466
178 428
177 57
112 613
431 611
317 186
502 345
18 656
353 585
132 525
621 252
445 499
462 302
262 581
494 508
33 117
494 558
197 222
630 567
396 180
323 102
323 436
405 373
62 469
564 361
424 105
269 615
258 173
61 192
547 481
366 294
462 209
337 281
214 150
486 290
371 601
172 51
249 681
481 349
6 220
655 644
637 60
572 27
117 151
457 677
538 646
61 253
586 325
151 478
180 464
56 598
88 165
541 537
298 265
413 195
596 239
596 518
290 138
445 215
11 489
177 398
398 125
558 28
557 542
51 575
615 597
93 505
309 504
541 384
381 411
101 293
189 275
186 633
173 21
150 29
558 491
502 456
6 667
24 519
502 20
439 382
679 205
456 103
53 82
317 261
370 669
506 408
385 69
42 516
253 350
637 50
82 420
620 426
253 594
237 450
184 395
102 571
317 602
20 129
252 423
567 295
326 122
631 66
496 343
396 25
23 320
313 87
120 12
90 303
157 130
183 2
60 316
178 482
547 219
275 19
512 610
571 59
426 488
570 148
558 604
386 455
93 46
253 539
183 639
630 35
554 327
556 79
11 271
436 657
435 533
271 8
12 553
405 213
375 449
567 218
666 636
408 544
393 147
325 225
644 568
79 513
494 624
11 52
462 440
647 109
647 297
276 142
433 417
276 95
657 47
393 45
537 10
496 402
115 283
52 459
583 14
150 319
282 159
221 676
307 244
679 524
16 551
590 523
503 63
488 552
646 86
319 593
160 75
558 72
323 246
83 301
660 334
219 113
61 653
275 412
253 312
266 421
194 80
325 662
527 92
102 645
225 605
597 365
92 600
266 388
154 475
564 419
325 145
47 429
171 661
183 137
172 174
400 401
420 274
109 487
65 118
14 584
396 355
325 510
469 391
330 212
657 190
269 643
151 650
1 224
47 98
65 287
512 507
595 169
455 612
244 278
107 665
275 314
401 296
632 196
456 5
393 443
405 242
639 43
118 127
39 346
295 546
72 70
494 38
370 114
400 574
287 71
585 339
393 91
93 202
129 250
405 360
17 352
626 318
130 306
249 634
633 515
83 126
538 273
96 629
162 175
325 587
10 358
92 444
35 367
378 498
426 641
567 193
506 279
67 146
485 577
610 34
2 188
251 664
269 441
646 104
662 592
179 144
538 198
17 376
461 351
499 369
30 13
471 368
271 243
634 397
42 124
10 110
52 191
109 167
36 263
38 248
424 15
357 490
95 300
598 363
624 638
504 181
366 447
376 520
418 477
160 560
500 245
200 163
604 256
292 374
221 304
172 511
489 608
188 359
33 509
455 285
98 143
605 452
374 480
462 289
513 569
382 392
405 216
54 106
151 545
481 458
382 141
285 530
174 640
629 578
571 84
187 49
317 362
608 204
222 534
502 453
641 182
374 149
220 642
163 81
551 322
507 618
681 448
488 529
524 536
188 336
253 501
627 416
273 483
587 135
284 73
610 415
643 451
78 563
81 377
666 310
104 526
276 566
278 77
483 133
415 531
27 591
510 410
195 238
467 156
544 579
214 623
675 268
656 659
647 540
567 155
367 259
496 364
171 670
611 680
384 170
433 231
139 437
623 347
326 329
525 241
638 454
320 223
268 484
632 55
591 422
126 100
49 201
558 76
360 565
372 299
298 521
252 617
305 438
187 404
558 85
126 380
153 648
563 468
111 663
607 176
221 576
670 229
314 161
172 168
157 338
602 227
444 472
115 625
154 562
642 470
305 403
62 672
378 267
137 514
429 228
300 119
431 649
60 414
290 22
587 99
455 277
285 492
453 31
252 559
202 260
90 134
432 208
627 123
485 32
417 354
561 603
491 356
255 185
82 315
479 226
597 74
575 463
130 673
665 140
138 97
346 573
501 535
194 465
265 619
180 342
204 658
406 668
25 328
511 152
326 522
387 233
98 9
250 654
65 3
374 116
310 340
304 26
38 476
496 614
512 272
436 89
36 108
552 270
157 497
381 383
438 64
436 332
154 206
335 493
392 460
103 407
277 635
264 94
144 427
81 622
87 68
230 616
1000
3 79 317
3 320 207
3 522 62
3 571 12
3 505 200
3 424 193
3 126 233
3 513 46
3 644 52
3 424 67
3 672 208
3 67 164
3 648 29
3 448 260
3 677 33
3 542 248
3 146 208
3 351 272
3 287 263
3 289 57
3 81 110
3 599 164
3 312 343
3 402 164
3 342 223
3 55 295
3 228 357
3 183 57
3 190 228
3 465 22
3 125 161
3 191 305
3 307 110
3 107 127
3 117 141
3 636 66
3 253 193
3 515 35
3 97 35
3 67 163
3 269 31
3 627 221
3 307 188
3 539 154
3 36 196
3 307 79
3 249 277
3 481 4
3 647 353
3 112 350
3 407 16
3 131 58
3 507 290
3 169 356
3 44 112
3 529 103
3 121 246
3 281 88
3 71 333
3 347 152
3 45 154
3 566 254
3 239 160
3 340 298
3 134 143
3 638 83
3 252 337
3 630 354
3 340 250
3 472 106
3 635 86
3 390 38
3 619 320
3 558 248
3 136 330
3 4 317
3 595 47
3 173 134
3 245 244
3 642 61
3 519 106
3 176 302
3 627 265
3 10 339
3 224 197
3 79 338
3 256 8
3 257 348
3 427 254
3 104 25
3 235 241
3 667 150
3 154 136
3 473 137
3 227 26
3 674 196
3 324 53
3 207 322
3 464 208
3 89 97
3 82 349
3 556 89
3 488 255
3 590 134
3 8 9
3 391 120
3 134 348
3 494 17
3 249 118
3 229 37
3 252 183
3 51 244
3 584 340
3 338 73
3 186 230
3 142 316
3 440 53
3 241 10
3 592 107
3 408 134
3 218 200
3 567 32
3 464 55
3 28 123
3 584 3
3 340 75
3 647 35
3 298 250
3 250 260
3 681 0
3 296 163
3 476 211
3 9 329
3 339 250
3 415 246
3 196 120
3 453 331
3 52 159
3 271 137
3 501 32
3 390 297
3 513 224
3 576 316
3 18 48
3 497 196
3 584 180
3 260 195
3 276 332
3 410 103
3 232 331
3 532 38
3 83 140
3 342 202
3 514 57
3 176 215
3 396 326
3 171 52
3 428 158
3 230 130
3 649 89
3 61 156
3 327 21
3 228 66
3 411 323
3 360 257
3 533 109
3 68 1
3 92 169
3 294 1
3 26 62
3 18 105
3 606 22
3 419 111
3 325 102
3 396 320
3 504 132
3 82 213
3 504 349
3 399 127
3 346 123
3 312 295
3 325 143
3 616 354
3 519 259
3 507 241
3 341 351
3 229 344
3 4 251
3 428 29
3 480 22
3 121 49
3 288 187
3 106 64
3 384 42
3 56 210
3 315 268
3 680 18
3 92 354
3 646 281
3 486 53
3 629 68
3 562 310
3 120 32
3 487 209
3 121 34
3 332 309
3 136 97
3 395 41
3 261 183
3 116 152
3 241 14
3 66 97
3 325 84
3 291 241
3 656 308
3 646 230
3 677 7
3 192 221
3 309 225
3 22 235
3 110 116
3 83 39
3 478 279
3 255 115
3 254 202
3 646 39
3 475 30
3 71 228
3 522 320
3 126 312
3 321 0
3 226 145
3 533 286
3 635 68
3 674 305
3 392 303
3 173 228
3 570 28
3 425 98
3 620 36
3 187 51
3 539 23
3 241 133
3 387 201
3 106 318
3 625 55
3 65 256
3 542 190
3 252 25
3 398 270
3 123 57
3 499 322
3 644 313
3 339 248
3 493 330
3 75 131
3 19 231
3 249 131
3 288 47
3 606 245
3 564 35
3 437 42
3 424 83
3 334 349
3 467 219
3 75 220
3 378 247
3 108 259
3 116 118
3 529 108
3 417 149
3 518 187
3 341 259
3 307 133
3 1 33
3 270 114
3 454 231
3 436 160
3 428 205
3 545 340
3 635 145
3 227 347
3 182 246
3 178 88
3 462 278
3 560 332
3 678 173
3 335 177
3 141 192
3 275 50
3 542 108
3 652 294
3 433 351
3 578 109
3 292 13
3 598 38
3 244 155
3 666 214
3 461 278
3 661 335
3 220 335
3 360 90
3 66 8
3 620 230
3 165 249
3 664 291
3 104 193
3 82 126
3 625 235
3 173 128
3 584 164
3 183 314
3 547 29
3 528 65
3 325 132
3 110 189
3 320 52
3 494 153
3 557 95
3 252 335
3 500 216
3 376 289
3 424 123
3 191 41
3 191 307
3 45 292
3 423 20
3 353 17
3 235 271
3 679 150
3 406 296
3 91 294
3 395 211
3 472 263
3 537 151
3 34 185
3 229 350
3 521 1
3 498 246
3 366 255
3 543 304
3 455 50
3 222 223
3 396 332
3 266 249
3 56 216
3 9 210
3 249 92
3 521 229
3 285 323
3 580 255
3 653 117
3 83 73
3 81 155
3 558 107
3 270 263
3 191 68
3 271 207
3 530 87
3 629 124
3 392 346
3 85 50
3 100 130
3 264 175
3 519 178
3 406 223
3 482 162
3 356 225
3 253 112
3 229 291
3 252 166
3 187 21
3 438 70
3 181 43
3 466 237
3 124 41
3 562 269
3 316 352
3 446 139
3 167 203
3 469 110
3 460 272
3 393 340
3 459 186
3 343 18
3 17 199
3 531 263
3 112 13
3 106 266
3 396 325
3 232 122
3 191 35
3 571 272
3 496 107
3 39 357
3 313 292
3 405 310
3 525 24
3 664 263
3 108 111
3 13 141
3 220 261
3 451 254
3 527 350
3 495 320
3 577 64
3 585 74
3 574 187
3 347 217
3 2 79
3 355 282
3 12 165
3 528 48
3 3 173
3 263 26
3 251 316
3 490 120
3 26 338
3 488 132
3 534 71
3 147 27
3 591 109
3 312 185
3 157 289
3 124 256
3 312 332
3 303 129
3 190 300
3 262 148
3 239 4
3 528 21
3 170 182
3 300 82
3 461 185
3 74 172
3 653 243
3 421 331
3 373 171
3 104 196
3 63 316
3 271 41
3 112 80
3 658 80
3 513 38
3 626 286
3 307 7
3 265 16
3 68 87
3 653 83
3 87 84
3 118 302
3 390 341
3 530 335
3 202 176
3 580 83
3 162 46
3 450 90
3 101 339
3 3 90
3 20 125
3 6 331
3 20 45
3 553 15
3 147 114
3 391 117
3 11 8
3 597 71
3 303 307
3 571 119
3 549 95
3 660 328
3 195 92
3 566 162
3 606 111
3 453 44
3 295 200
3 664 82
3 629 1
3 78 198
3 238 29
3 258 325
3 443 309
3 286 10
3 119 339
3 590 66
3 472 248
3 237 143
3 509 351
3 169 262
3 506 143
3 545 179
3 348 348
3 484 241
3 468 15
3 577 332
3 496 188
3 508 283
3 614 271
3 663 36
3 53 273
3 93 253
3 668 221
3 47 128
3 341 334
3 341 58
3 404 354
3 84 318
3 26 23
3 450 165
3 343 73
3 125 75
3 192 58
3 21 257
3 457 187
3 366 119
3 166 293
3 47 354
3 91 346
3 211 72
3 292 359
3 493 296
3 324 46
3 301 274
3 641 71
3 328 59
3 338 229
3 255 92
3 627 262
3 88 145
3 36 38
3 644 283
3 316 246
3 433 65
3 128 99
3 488 79
3 592 254
3 164 130
3 424 83
3 381 119
3 603 344
3 83 355
3 576 37
3 224 21
3 625 56
3 542 214
3 508 37
3 389 29
3 480 156
3 322 130
3 16 107
3 681 54
3 274 211
3 332 253
3 603 140
3 550 214
3 300 48
3 368 100
3 81 239
3 125 280
3 170 132
3 441 89
3 531 334
3 201 116
3 352 328
3 564 288
3 1 136
3 459 242
3 593 103
3 674 51
3 280 111
3 673 123
3 388 309
3 242 107
3 408 197
3 451 278
3 296 288
3 596 11
3 470 290
3 258 36
3 84 180
3 637 318
3 625 278
3 244 342
3 639 353
3 94 188
3 281 337
3 112 93
3 667 272
3 330 315
3 394 66
3 323 100
3 7 128
3 184 224
3 532 239
3 253 200
3 117 22
3 590 166
3 296 347
3 39 72
3 613 210
3 524 352
3 112 349
3 102 20
3 535 199
3 27 356
3 163 215
3 461 286
3 228 281
3 498 95
3 538 93
3 359 357
3 219 206
3 668 237
3 354 310
3 222 88
3 393 229
3 597 331
3 507 277
3 19 93
3 503 269
3 149 55
3 21 288
3 142 82
3 62 243
3 609 322
3 159 105
3 64 73
3 315 119
3 258 126
3 594 115
3 573 121
3 373 137
3 164 250
3 389 237
3 286 296
3 559 36
3 201 247
3 108 156
3 642 268
3 348 337
3 118 90
3 196 318
3 569 15
3 417 19
3 27 205
3 115 295
3 577 55
3 509 347
3 545 198
3 636 221
3 394 27
3 332 123
3 566 73
3 28 345
3 44 198
3 496 328
3 386 283
3 495 353
3 646 184
3 371 144
3 569 189
3 482 85
3 236 181
3 240 191
3 34 30
3 215 249
3 640 232
3 594 134
3 195 0
3 439 106
3 555 220
3 511 291
3 593 216
3 426 28
3 105 35
3 461 247
3 104 37
3 654 103
3 142 188
3 176 266
3 328 279
3 81 285
3 70 205
3 110 278
3 140 288
3 520 53
3 608 333
3 660 185
3 541 330
3 637 252
3 254 154
3 505 160
3 610 169
3 279 232
3 656 195
3 339 114
3 494 22
3 135 114
3 152 324
3 278 223
3 274 112
3 418 319
3 480 121
3 597 131
3 37 8
3 149 356
3 414 182
3 409 9
3 625 53
3 485 72
3 360 109
3 341 43
3 207 190
3 521 75
3 399 28
3 282 246
3 54 76
3 264 48
3 83 26
3 9 91
3 256 145
3 44 192
3 97 205
3 286 38
3 165 236
3 97 177
3 346 184
3 228 336
3 663 94
3 354 176
3 154 277
3 611 253
3 333 111
3 148 326
3 104 262
3 292 285
3 623 207
3 393 317
3 277 184
3 557 218
3 553 341
3 187 337
3 386 103
3 240 324
3 669 320
3 534 276
3 306 232
3 26 70
3 250 269
3 419 5
3 278 210
3 284 323
3 554 141
3 588 185
3 405 172
3 543 298
3 136 207
3 261 13
3 328 166
3 570 347
3 218 173
3 108 134
3 581 243
3 493 236
3 222 90
3 13 353
3 254 273
3 655 40
3 596 53
3 146 160
3 623 67
3 220 177
3 354 41
3 307 287
3 95 295
3 343 211
3 264 225
3 312 145
3 365 0
3 240 148
3 592 160
3 435 114
3 270 257
3 216 317
3 10 180
3 107 277
3 228 331
3 106 200
3 575 271
3 478 37
3 64 335
3 498 26
3 12 284
3 566 265
3 514 336
3 426 111
3 482 185
3 665 49
3 335 38
3 261 107
3 55 277
3 101 125
3 170 53
3 515 359
3 680 304
3 82 45
3 540 274
3 270 126
3 31 48
3 153 230
3 587 178
3 674 185
3 297 170
3 411 24
3 390 344
3 71 156
3 312 185
3 373 114
3 88 98
3 297 14
3 630 14
3 256 226
3 392 142
3 520 308
3 368 113
3 379 323
3 113 10
3 396 12
3 68 218
3 28 266
3 526 51
3 345 70
3 582 224
3 194 162
3 376 16
3 566 52
3 492 129
3 200 109
3 140 353
3 489 71
3 346 212
3 457 234
3 531 279
3 15 150
3 150 163
3 151 212
3 648 24
3 453 19
3 331 58
3 193 69
3 525 304
3 365 226
3 248 81
3 256 356
3 114 195
3 23 280
3 570 212
3 226 15
3 1 15
3 662 166
3 507 146
3 658 242
3 529 342
3 366 149
3 271 340
3 69 287
3 233 348
3 382 28
3 336 245
3 464 84
3 588 236
3 608 190
3 250 219
3 97 345
3 434 90
3 170 313
3 14 133
3 318 214
3 597 34
3 343 150
3 646 233
3 583 33
3 128 222
3 619 277
3 255 293
3 493 333
3 377 176
3 653 79
3 264 17
3 601 242
3 591 46
3 596 11
3 112 128
3 348 67
3 529 332
3 61 186
3 64 240
3 183 323
3 111 132
3 480 250
3 237 44
3 56 151
3 167 202
3 160 277
3 170 258
3 432 111
3 35 299
3 259 83
3 570 337
3 531 105
3 508 215
3 478 304
3 517 148
3 259 91
3 663 219
3 567 287
3 416 205
3 95 41
3 462 3
3 625 70
3 333 86
3 199 62
3 295 60
3 151 115
3 542 116
3 542 139
3 474 189
3 203 297
3 377 55
3 89 216
3 579 2
3 61 274
3 161 275
3 67 38
3 157 198
3 293 97
3 401 11
3 46 253
3 581 5
3 278 112
3 663 173
3 669 74
3 204 182
3 105 319
3 313 10
3 62 30
3 272 92
3 634 303
3 676 92
3 106 223
3 449 143
3 441 273
3 503 107
3 646 155
3 554 198
3 290 304
3 216 227
3 22 352
3 101 354
3 144 95
3 361 208
3 85 284
3 409 280
3 242 238
3 291 316
3 350 225
3 267 293
3 76 202
3 623 341
3 6 196
3 235 164
3 661 81
3 439 277
3 95 180
3 321 213
3 160 314
3 188 353
3 208 344
3 152 351
3 410 218
3 320 350
3 50 218
3 460 95
3 671 122
3 286 90
3 437 267
3 116 104
3 543 200
3 473 183
3 329 112
3 46 95
3 648 310
3 259 182
3 546 215
3 597 122
3 349 67
3 279 305
3 483 63
3 37 55
3 481 280
