376
1 271
271 354
271 292
271 105
354 304
271 277
1 312
105 103
304 81
271 327
105 135
1 315
1 254
103 67
312 329
1 101
271 215
327 72
135 280
304 92
135 353
353 255
135 189
315 187
189 73
92 222
189 23
315 24
92 68
24 301
215 357
1 368
103 35
301 252
1 94
292 306
105 214
1 253
315 139
35 209
103 194
353 87
187 153
1 197
187 62
105 322
72 198
277 44
139 54
72 333
214 29
44 371
306 200
353 355
23 231
94 335
354 30
30 191
73 180
280 134
301 8
87 36
24 305
231 373
1 289
329 27
153 217
312 307
215 261
94 41
292 370
217 186
306 336
373 155
261 366
101 338
354 12
336 21
271 65
368 274
198 57
41 150
62 107
103 230
271 372
94 216
103 310
198 50
155 169
355 79
194 20
150 123
135 118
301 250
67 251
315 228
180 257
322 37
368 242
81 284
354 158
216 10
289 241
355 15
292 182
187 376
135 32
67 70
215 311
289 206
329 247
230 127
216 2
197 176
327 121
79 343
215 148
65 233
200 264
304 199
101 185
310 109
20 64
370 328
134 332
121 49
247 146
135 221
105 342
255 331
127 298
310 40
92 234
176 136
328 184
24 239
197 163
331 313
41 152
328 76
292 297
67 340
15 272
239 137
301 360
94 11
136 98
123 320
37 13
15 31
87 243
333 302
139 344
81 204
222 288
182 93
332 178
280 14
261 124
105 4
197 258
185 259
288 90
72 270
40 60
136 177
257 351
177 9
184 85
307 262
92 309
247 116
343 104
258 300
335 193
258 160
185 208
231 19
116 290
105 248
297 39
371 265
241 349
252 318
163 66
27 269
310 164
200 308
371 359
4 281
312 240
284 226
331 282
73 61
23 82
366 125
79 102
298 97
40 212
160 295
290 147
118 144
64 211
164 224
197 294
270 296
37 364
329 358
152 346
262 58
194 337
280 203
288 100
82 33
270 183
288 299
2 16
333 210
308 246
214 108
54 374
10 273
264 78
360 363
147 53
322 326
124 188
210 131
318 149
252 151
29 140
212 362
234 225
8 141
338 71
327 84
93 112
272 132
328 285
15 263
31 115
336 367
31 181
21 361
248 166
177 319
102 154
343 159
329 43
328 77
132 325
254 275
10 6
208 42
153 7
298 34
84 110
294 174
211 86
297 133
311 232
217 138
178 96
35 218
180 341
239 47
206 117
7 48
32 256
54 219
224 28
259 223
148 175
178 156
364 95
338 207
210 142
374 128
32 314
82 173
64 291
137 88
98 268
208 75
271 202
318 170
231 205
207 303
361 321
191 260
374 339
4 347
255 245
154 26
164 74
94 45
277 195
74 55
124 38
188 89
44 324
366 345
174 236
45 356
164 196
261 369
280 162
341 25
97 334
338 113
142 348
7 227
149 80
10 83
306 287
83 229
58 171
86 365
61 56
57 316
144 111
166 168
34 59
66 91
37 167
366 238
343 119
253 350
27 278
11 52
243 352
231 18
239 286
291 283
24 130
70 235
57 323
200 237
209 220
166 126
359 3
107 122
373 165
71 375
127 129
313 179
268 99
184 267
212 17
306 279
265 63
1 46
286 5
283 249
288 69
292 266
287 157
341 190
364 51
166 120
11 145
302 201
332 114
125 106
278 317
14 172
364 244
325 143
123 161
47 192
226 330
15 293
118 22
171 276
79 213
1000
3 44 304
3 279 281
3 185 274
3 294 285
3 277 140
3 246 110
3 224 286
3 12 14
3 229 193
3 127 211
3 51 192
1 368
3 268 82
3 193 339
3 270 262
3 280 282
3 131 332
3 104 51
3 175 40
3 70 99
3 115 223
3 177 189
3 146 277
2 368
3 60 243
3 314 137
1 267
3 248 47
3 253 338
3 1 288
3 294 301
1 85
3 331 38
3 210 145
3 64 256
3 47 112
2 85
3 51 173
2 267
3 164 236
3 112 255
1 79
3 284 268
2 79
1 103
3 102 193
3 323 316
3 235 356
3 273 168
3 20 307
3 327 287
3 59 80
3 69 35
2 103
3 165 109
3 271 190
1 115
3 87 20
3 214 193
3 52 273
3 40 213
3 92 63
3 230 177
1 134
3 49 276
3 99 49
3 336 2
3 112 314
3 62 20
3 172 228
3 257 157
1 160
3 201 69
3 185 261
3 284 54
3 333 184
1 35
3 316 261
2 35
3 100 327
3 363 59
3 248 284
3 187 279
3 102 311
2 160
3 32 53
3 102 301
1 230
3 295 241
3 29 292
3 277 193
3 220 50
3 40 28
3 355 7
3 318 287
2 115
3 188 331
2 230
3 5 222
3 306 204
3 142 161
3 15 16
3 136 242
1 187
3 77 96
2 134
3 93 55
3 140 46
3 267 339
3 185 285
3 229 46
3 290 68
3 104 277
3 358 131
3 298 309
3 247 352
3 105 10
2 187
3 317 318
3 350 357
3 262 144
3 177 58
1 14
3 103 253
3 199 10
1 233
1 275
3 98 106
3 52 308
3 284 69
3 323 304
3 324 109
3 44 18
3 241 23
2 14
1 80
3 15 187
3 367 282
3 108 73
3 203 112
3 155 250
3 56 60
3 147 181
3 265 216
3 132 247
3 333 356
3 311 13
3 137 138
3 249 152
3 361 21
2 233
3 355 27
2 275
3 206 126
2 80
1 225
3 265 279
3 207 33
3 127 26
3 247 100
1 11
1 237
2 225
2 237
2 11
1 261
3 227 287
3 353 39
3 332 236
3 167 63
3 288 279
3 127 183
3 259 239
3 337 297
3 16 63
3 216 270
3 374 147
1 120
3 296 204
3 232 342
3 252 327
3 302 124
1 56
3 202 71
3 310 314
3 189 167
3 144 235
3 343 205
1 217
3 276 174
1 134
3 204 60
2 217
2 56
3 362 28
2 261
3 159 127
3 129 115
3 181 290
3 66 18
3 302 174
1 26
3 293 274
3 49 217
3 11 144
1 148
1 163
1 126
3 13 249
3 123 56
3 102 203
3 89 212
3 325 66
3 267 82
3 297 175
2 126
3 20 336
3 275 278
3 330 215
3 21 132
3 115 230
3 154 284
3 350 68
1 12
3 169 28
3 201 179
3 159 37
3 245 203
3 300 28
3 195 193
2 134
3 339 206
3 271 292
3 356 219
3 338 63
3 161 23
3 159 151
2 163
3 299 273
3 252 270
3 239 148
3 321 262
3 343 28
3 317 50
3 184 92
3 2 172
3 115 289
3 213 28
3 88 307
3 342 101
3 250 230
3 239 141
1 308
3 21 292
3 14 292
3 119 359
3 317 103
3 59 277
3 307 83
3 54 3
3 155 31
3 125 355
3 329 312
3 186 301
3 79 59
2 308
3 319 126
3 49 346
3 61 358
3 64 58
3 48 262
3 287 80
3 123 191
3 211 178
3 215 51
3 126 265
2 26
2 148
3 128 74
1 350
3 197 157
3 136 0
3 83 236
1 118
3 97 261
2 350
3 331 125
3 36 215
1 95
2 118
3 123 262
3 248 112
3 272 140
3 278 266
1 348
1 123
3 281 187
3 354 296
1 256
3 306 161
3 279 325
3 90 99
3 152 346
3 34 208
3 239 162
3 104 332
3 43 348
3 246 294
2 95
3 174 357
3 275 338
3 73 156
2 348
2 12
3 18 84
1 30
3 110 204
3 148 84
3 336 32
3 324 345
3 239 267
3 370 24
3 298 127
3 339 274
3 194 283
1 354
3 38 103
3 14 287
3 203 208
1 32
3 56 27
3 221 266
3 340 102
3 291 319
3 263 166
3 46 25
3 289 294
3 48 224
1 209
3 327 206
3 44 258
3 7 97
3 7 250
1 326
3 19 23
3 225 204
3 141 105
1 360
3 268 35
2 354
3 191 175
2 326
2 30
3 84 215
3 308 120
2 123
3 347 52
3 303 116
3 63 261
3 275 1
3 139 246
3 358 327
3 289 209
3 33 312
3 375 335
3 240 127
3 136 194
3 200 313
3 266 110
3 240 201
3 233 103
3 333 168
3 63 307
3 288 147
3 119 104
3 89 129
1 236
2 236
3 166 245
3 211 300
3 220 358
1 41
3 347 222
3 64 263
3 232 297
3 29 40
3 1 238
3 59 204
3 7 284
3 8 177
2 256
3 202 59
3 217 223
3 352 21
2 41
1 211
3 271 287
3 58 326
3 187 197
3 37 113
3 164 236
3 356 353
3 291 162
3 10 113
2 32
3 366 16
3 124 149
3 191 253
3 57 211
1 69
3 32 21
2 209
3 129 215
1 220
3 106 162
3 45 148
3 59 100
3 1 240
3 39 321
3 130 264
1 137
3 214 12
3 252 330
3 35 139
3 222 283
3 339 16
3 277 359
3 318 76
3 151 293
3 314 47
3 106 306
3 192 22
3 241 232
3 84 107
2 360
3 55 82
2 211
3 208 37
1 317
3 200 290
3 165 172
3 321 114
3 125 265
3 81 204
3 250 35
3 19 227
2 220
3 170 231
2 317
3 95 248
3 374 304
3 374 218
3 296 39
3 355 291
3 25 0
3 248 173
3 40 75
3 309 315
3 123 93
3 119 142
3 212 269
3 292 258
3 339 83
3 242 324
1 107
3 302 160
2 69
3 99 288
3 322 280
3 81 192
1 206
3 153 193
3 263 80
3 71 156
3 322 293
2 120
3 133 164
2 206
3 43 156
2 137
3 360 318
3 93 321
3 139 163
3 316 250
3 59 269
3 134 177
2 107
3 142 254
3 210 179
1 129
3 265 169
2 129
3 178 1
3 248 321
3 104 288
1 329
3 17 137
2 329
1 229
3 105 180
3 68 96
3 8 6
3 57 300
3 224 147
2 229
3 325 187
3 345 86
3 107 150
3 264 172
3 25 248
3 211 223
3 263 166
3 299 189
3 24 88
3 145 59
3 118 262
1 245
3 8 255
3 37 351
3 91 316
3 216 117
3 225 165
3 322 95
3 305 38
3 316 207
3 161 222
3 113 119
3 154 347
3 149 233
1 38
3 218 178
3 34 326
3 308 153
3 161 272
1 317
3 21 219
3 9 281
1 52
1 177
3 341 33
2 52
3 134 227
3 231 129
3 283 46
2 177
3 330 274
3 43 145
3 128 358
3 261 214
3 8 246
3 13 191
1 169
3 243 120
3 190 336
3 323 288
1 162
3 243 212
1 243
3 309 347
3 104 304
3 181 171
2 243
3 320 9
3 272 4
3 49 182
3 250 307
3 213 283
2 38
3 345 203
2 245
1 19
3 338 169
3 72 293
3 90 164
3 213 228
3 228 221
1 80
3 278 212
3 146 37
3 87 13
3 329 66
2 80
2 169
3 76 222
3 322 118
3 154 320
3 210 338
3 113 322
3 3 160
1 149
3 140 308
3 211 64
3 282 245
3 10 138
3 1 284
3 204 20
3 175 169
3 154 59
3 78 76
3 95 151
3 59 282
1 196
3 123 245
3 152 31
1 231
2 19
3 159 267
3 354 65
3 351 106
3 221 280
2 317
3 76 225
3 140 180
2 149
3 270 239
2 162
3 5 288
3 376 306
3 289 166
3 40 73
1 352
3 74 291
3 45 136
3 105 287
3 202 347
3 260 295
3 150 95
3 178 358
3 355 83
3 74 331
3 181 254
3 271 241
3 179 121
3 327 311
3 364 265
3 77 345
3 154 310
1 40
3 295 140
3 39 262
3 94 77
3 218 324
1 52
2 352
3 369 291
2 40
3 50 312
3 129 355
3 23 309
2 196
2 231
3 116 274
3 283 113
3 209 90
3 116 60
2 52
3 127 2
3 116 56
3 267 50
3 65 257
3 363 312
3 283 0
3 355 89
3 262 257
3 316 214
3 247 200
3 13 326
3 233 306
3 276 174
3 144 18
3 195 157
3 222 158
3 359 62
3 217 315
3 35 346
3 85 183
3 139 6
3 72 247
3 130 206
1 370
3 11 244
3 241 111
3 47 37
3 177 132
1 215
3 114 94
3 68 284
3 332 71
3 203 25
3 182 215
3 361 220
3 263 106
3 231 225
3 59 348
3 162 90
1 129
3 177 174
3 71 237
3 322 192
1 325
3 169 307
3 320 51
3 111 81
3 77 347
3 261 28
3 164 330
3 181 96
3 49 63
3 363 50
3 137 296
3 376 21
3 154 208
3 48 334
3 339 335
2 215
3 275 312
3 277 300
3 320 299
3 26 258
2 370
3 217 12
3 122 186
3 303 151
1 302
3 211 168
3 303 157
3 13 175
3 51 123
3 60 9
3 216 316
3 75 345
3 205 152
3 16 25
3 137 119
1 320
1 37
3 101 1
2 129
3 122 338
3 199 278
3 361 42
2 302
3 109 74
3 86 251
3 146 196
3 46 84
3 135 108
1 311
3 217 266
3 154 288
3 18 90
1 277
3 209 213
3 273 60
3 166 337
1 142
2 325
3 249 36
3 194 107
3 62 190
3 275 351
3 198 355
3 227 3
3 254 149
3 109 293
3 342 110
3 305 280
3 365 43
3 211 282
3 155 265
3 255 258
3 42 185
3 190 241
3 72 279
3 216 77
3 301 283
3 59 309
1 18
3 102 352
3 279 166
3 249 107
3 54 77
3 94 276
2 311
3 282 150
3 20 234
3 248 301
3 207 136
3 51 319
3 279 120
3 230 94
2 277
3 331 260
1 111
3 323 291
3 172 351
3 303 90
3 230 122
3 375 207
2 320
3 85 162
3 162 330
3 262 138
3 252 169
3 272 182
1 98
3 46 179
3 299 254
3 108 131
3 55 22
3 135 340
3 327 250
3 27 22
3 95 3
3 270 279
3 166 317
3 176 17
3 228 57
3 44 152
3 276 269
2 37
3 255 162
3 129 188
3 225 71
3 305 28
3 373 125
3 188 67
1 168
3 114 8
3 126 233
2 168
3 115 108
3 227 86
3 370 310
3 319 28
1 253
2 18
2 111
2 253
3 235 282
3 156 126
3 61 140
2 142
3 23 245
3 238 41
3 111 321
3 335 329
3 12 25
3 169 21
3 255 84
3 111 279
3 308 184
3 140 170
3 5 339
3 204 299
2 98
1 333
2 333
1 18
3 94 128
3 181 275
3 333 316
2 18
3 194 271
3 78 260
3 121 36
3 41 141
3 59 293
3 171 218
3 23 217
3 348 177
3 29 5
1 181
3 359 348
3 83 58
3 272 173
3 237 185
3 80 184
3 12 245
3 120 135
2 181
3 288 64
1 268
3 203 284
3 285 345
3 287 15
3 181 72
3 136 48
3 94 57
3 63 233
3 306 314
3 262 334
3 55 129
3 37 288
3 166 193
3 245 242
3 164 85
2 268
3 244 67
3 148 245
3 329 172
3 205 44
3 125 139
1 320
3 371 72
3 329 97
1 36
3 164 138
3 329 250
3 112 170
3 273 320
3 374 187
3 331 35
1 321
3 220 129
3 15 356
1 291
2 320
3 19 118
3 133 170
3 296 286
3 246 98
3 76 56
3 1 3
3 183 146
3 184 343
3 80 34
3 87 169
3 329 184
3 219 266
3 371 96
3 198 224
3 186 107
3 354 248
2 36
2 291
3 47 139
1 58
3 356 104
3 371 217
3 7 239
1 286
2 58
3 213 132
3 320 163
3 54 333
3 35 6
3 234 10
3 156 352
1 310
3 16 76
3 108 100
3 125 8
3 7 68
3 106 260
1 92
3 102 222
2 321
1 103
3 160 82
2 92
3 371 325
1 25
3 193 212
3 261 160
3 341 225
3 283 195
3 80 313
3 57 150
3 356 28
3 181 289
3 70 42
3 364 151
3 318 80
3 90 93
3 101 227
3 241 19
3 350 100
3 117 108
3 23 278
3 285 15
3 235 165
3 267 214
3 109 314
3 135 197
3 117 316
3 169 106
3 185 126
3 128 279
3 109 2
3 139 276
3 307 141
3 184 210
3 125 79
3 370 357
3 137 285
1 338
3 184 191
2 25
2 310
