977
1 632
1 589
1 106
1 697
1 4
1 522
4 554
554 618
554 164
632 13
697 91
522 195
164 179
4 360
164 959
618 807
959 899
91 519
632 682
807 490
4 729
91 93
899 58
554 616
490 401
697 976
401 639
807 702
976 123
106 958
589 707
639 583
682 49
1 677
583 738
958 38
91 53
618 441
899 134
682 78
807 6
958 115
115 824
677 216
93 51
519 769
93 539
58 493
539 334
632 902
902 7
899 751
589 855
360 274
738 754
729 915
902 838
899 440
707 666
164 54
707 496
440 836
51 45
639 502
855 879
115 180
496 247
45 793
522 875
78 587
274 636
164 605
702 936
440 219
697 933
440 35
274 203
707 145
554 520
824 787
879 479
677 749
899 969
519 359
164 510
879 415
838 873
879 841
203 420
440 79
45 226
6 119
134 972
824 945
45 77
702 299
976 253
976 706
787 514
359 806
632 82
873 847
879 654
632 867
793 300
35 681
514 833
738 777
915 869
82 705
520 612
639 422
253 283
441 10
49 260
415 592
35 448
618 499
420 135
359 549
616 430
749 863
654 775
53 64
636 973
420 840
636 766
260 397
769 517
867 65
195 621
793 177
119 140
899 431
902 512
430 641
636 185
247 495
641 14
838 827
134 321
203 443
519 286
958 271
490 378
334 524
274 800
777 858
641 687
359 392
751 816
260 817
554 44
448 825
777 780
448 848
260 826
93 265
766 944
867 946
749 127
203 22
972 623
13 914
79 459
495 844
219 421
38 544
119 170
589 784
867 713
705 214
589 761
123 57
214 213
13 665
35 794
844 435
833 244
976 250
49 465
945 27
512 345
247 906
219 46
618 181
936 347
666 536
135 335
180 207
4 364
945 684
334 50
185 753
761 32
32 789
378 500
847 144
140 903
536 648
415 913
681 783
838 400
430 955
544 752
702 967
286 678
499 722
766 597
274 692
589 483
440 277
824 640
119 768
7 12
321 880
4 917
431 829
415 297
247 710
784 33
522 655
969 234
274 591
10 755
847 922
119 346
678 268
824 69
827 797
789 291
400 830
33 924
14 569
46 776
867 804
79 197
145 912
903 614
830 834
752 805
260 518
751 122
873 828
180 851
234 491
749 877
913 527
250 84
800 565
836 340
443 831
612 428
840 850
554 270
616 898
260 387
794 966
6 313
253 17
53 429
697 172
793 476
364 154
500 450
677 312
10 758
640 567
250 904
587 165
877 474
944 188
544 570
848 791
816 217
493 126
524 101
863 237
713 240
69 771
565 176
791 173
768 336
4 497
789 760
6 331
587 114
794 952
973 447
1 642
430 100
33 585
447 558
713 664
106 663
903 541
518 712
181 511
127 774
244 742
237 350
958 319
753 74
636 622
749 716
321 525
702 651
847 586
789 141
518 463
850 108
692 227
13 353
253 285
749 574
742 467
400 703
955 725
114 743
165 97
517 220
100 356
441 152
502 199
692 509
517 442
855 473
682 799
541 658
493 600
585 218
32 842
616 339
214 133
831 289
800 601
10 5
518 409
1 888
79 257
244 874
321 521
474 433
356 631
145 326
789 893
244 211
197 223
13 273
17 89
636 307
826 908
226 619
817 349
53 815
421 709
350 419
586 545
752 534
65 757
331 149
97 790
520 151
360 770
847 231
119 238
476 42
600 698
253 330
326 437
154 376
203 449
791 361
479 721
738 354
336 943
240 866
641 315
91 15
145 796
541 171
415 73
677 404
592 293
899 926
220 308
967 885
794 261
181 970
334 355
742 314
378 727
226 303
766 948
238 887
958 102
509 325
473 603
22 242
585 370
404 292
213 747
681 740
336 3
82 744
185 923
448 453
171 215
428 543
752 590
787 920
51 425
770 446
789 849
340 452
687 232
887 937
360 482
721 689
524 390
722 695
425 492
431 675
705 731
171 251
586 302
920 417
879 599
376 957
605 852
467 412
397 187
421 358
522 384
428 504
692 95
215 802
731 556
585 460
775 598
65 853
541 679
776 461
721 814
412 342
482 938
973 960
91 86
631 781
796 736
15 940
38 337
614 83
443 75
164 131
409 962
358 148
544 604
108 788
401 233
42 418
433 398
545 329
966 485
799 818
880 551
776 560
50 810
401 379
663 812
788 733
187 160
712 391
903 163
709 954
906 80
499 548
214 432
707 715
77 931
415 406
292 890
244 530
612 572
195 159
904 653
906 637
171 375
738 634
195 294
108 224
877 786
825 466
144 837
601 377
38 434
664 935
453 477
140 19
913 281
500 60
347 118
349 451
888 763
716 275
591 225
972 628
335 861
622 125
331 811
755 205
906 526
938 121
885 11
697 136
314 883
337 236
314 36
231 263
590 627
830 865
336 942
171 578
957 363
933 669
321 635
217 813
890 324
3 67
640 488
572 505
173 646
796 393
841 129
623 704
519 535
308 413
334 932
482 155
632 24
830 694
937 306
356 717
446 662
106 416
346 469
524 124
339 540
733 388
749 900
948 871
551 266
160 246
631 348
477 414
32 582
712 686
548 343
560 183
325 107
751 822
776 389
277 288
955 782
957 200
10 323
6 839
514 919
384 656
387 568
388 593
483 468
913 190
738 2
60 56
435 950
237 318
203 142
587 116
818 720
902 617
237 588
830 204
833 210
770 670
945 344
275 688
406 745
450 322
799 580
771 470
712 576
505 486
312 309
636 372
461 676
56 494
658 158
551 254
636 649
44 762
6 202
218 26
127 652
875 857
322 112
155 870
334 891
720 680
799 660
217 445
288 862
923 602
539 974
164 515
448 532
242 620
404 212
658 104
618 579
834 184
950 178
482 243
180 410
17 835
53 206
834 961
549 626
42 373
293 298
414 193
309 507
180 279
74 272
379 896
257 719
203 96
173 284
755 564
433 894
129 30
214 394
358 280
960 741
768 424
604 714
477 895
5 795
106 625
343 245
56 690
852 333
447 103
356 633
895 718
266 267
242 269
293 258
524 439
902 382
470 255
505 229
721 29
822 41
45 304
583 464
154 964
11 21
272 975
269 182
612 34
505 910
592 584
567 191
852 832
159 169
437 456
144 856
976 70
960 734
833 28
908 672
373 369
337 577
958 965
336 143
257 739
681 808
116 438
642 860
121 661
600 699
286 62
812 403
641 921
144 644
107 615
736 341
783 365
623 594
32 66
535 262
309 81
861 110
784 889
969 673
50 317
689 25
159 878
836 290
292 732
860 132
177 305
518 352
833 366
360 645
409 778
149 249
940 109
873 380
698 667
379 546
829 821
67 426
522 8
243 230
477 241
714 823
857 130
755 711
225 859
429 351
576 735
366 876
554 552
743 911
420 963
511 88
245 647
577 471
853 76
495 683
448 39
908 928
476 671
790 37
429 411
414 765
394 31
442 295
707 737
625 868
406 484
275 892
616 222
81 971
493 192
144 153
131 607
620 228
439 785
841 68
891 98
862 196
193 881
245 503
544 561
227 137
65 905
155 573
535 916
411 624
461 209
286 968
213 611
715 85
589 886
38 700
666 94
154 367
671 221
705 864
622 798
390 276
814 730
163 909
254 408
94 396
913 650
98 801
68 501
365 701
688 779
736 16
288 693
889 724
532 194
336 941
38 371
946 708
969 907
695 332
155 462
417 43
119 436
735 357
190 278
697 259
841 767
699 529
286 457
466 296
970 630
196 252
603 139
891 559
591 555
774 168
353 162
627 498
148 138
74 668
17 750
607 40
497 61
807 256
358 472
788 455
975 854
695 157
871 316
265 407
185 111
419 901
213 809
527 884
420 385
822 120
690 562
507 918
34 235
625 537
535 427
842 538
133 92
127 454
438 596
84 756
306 48
75 845
570 575
363 728
651 773
856 563
654 458
532 977
32 105
687 9
676 764
564 239
443 59
514 475
913 63
701 929
57 264
494 128
364 481
253 174
734 553
241 327
545 301
470 198
716 581
178 691
278 117
302 897
828 523
488 167
38 23
943 547
961 71
281 487
721 608
341 723
293 156
665 566
354 513
886 186
740 571
188 478
39 550
621 925
329 287
839 792
240 480
379 374
749 328
429 953
526 444
200 927
666 657
741 846
954 949
491 362
219 542
300 506
717 282
329 320
449 557
387 87
91 872
541 423
560 934
940 150
355 947
975 147
50 772
179 383
275 311
460 803
705 161
283 595
346 843
396 248
458 643
834 72
195 748
721 189
605 368
216 609
628 208
14 820
907 55
632 659
266 531
601 685
903 113
228 146
813 819
694 759
673 930
501 508
155 956
459 402
148 386
894 395
525 939
317 726
652 18
442 629
600 533
777 528
936 99
25 405
456 90
477 516
678 746
736 606
38 674
462 20
580 610
163 882
451 489
497 696
759 338
546 47
253 951
429 399
452 381
758 310
572 175
783 201
207 52
806 613
62 166
864 638
1000
1 577
3 721 30
3 197 346
2 577
1 548
2 548
1 17
3 518 161
1 801
1 941
1 346
1 925
3 603 248
3 443 291
1 40
1 539
2 40
1 814
3 492 316
3 644 259
3 309 335
2 346
1 474
3 534 250
1 851
2 539
1 625
3 392 357
3 178 257
3 881 259
3 382 72
1 266
2 814
3 352 5
1 258
1 94
1 403
3 14 45
1 510
1 606
1 329
2 474
2 403
2 510
3 172 111
2 801
1 523
3 551 96
2 17
3 928 96
1 573
1 694
2 258
2 851
1 376
3 14 157
3 885 261
2 573
1 80
1 1
2 523
2 694
2 1
1 411
1 438
2 625
3 635 63
1 346
3 157 327
1 604
2 941
2 604
1 179
3 537 192
1 267
1 189
1 367
3 825 221
1 180
1 790
2 438
3 860 308
3 603 1
1 56
3 702 43
3 139 86
1 97
1 234
3 407 237
1 728
3 694 220
3 256 185
2 728
2 266
3 533 219
2 94
3 122 152
1 7
2 925
3 443 333
2 189
2 346
2 376
3 368 325
1 851
2 179
3 311 251
3 34 188
2 97
2 234
3 623 30
2 790
1 334
2 56
1 164
1 87
2 367
1 617
1 641
1 812
1 19
1 524
1 598
3 575 306
2 851
1 166
3 591 321
3 571 176
3 922 202
1 928
1 309
1 4
3 612 247
1 870
2 928
2 524
3 446 324
1 468
3 469 16
1 827
3 567 95
1 801
2 7
2 19
1 833
1 160
1 443
2 468
3 344 127
3 460 50
1 555
1 594
3 330 188
2 606
3 94 35
3 916 263
3 310 77
1 161
1 222
2 4
3 99 356
1 253
2 180
2 812
2 309
3 392 22
2 267
2 555
2 411
1 46
2 329
2 594
1 516
1 71
2 617
1 515
2 87
2 161
1 90
1 216
1 678
1 480
2 870
1 247
2 515
1 273
3 622 327
2 160
2 641
1 398
2 598
3 628 187
1 483
2 480
2 222
3 437 314
3 844 229
1 494
1 514
3 355 308
2 443
1 274
2 46
2 216
2 71
2 90
1 896
1 375
3 638 30
1 662
3 192 133
1 791
1 699
3 689 254
2 833
3 602 356
2 274
1 252
3 480 18
1 750
1 635
2 334
1 380
2 662
1 95
2 375
1 553
1 306
1 581
2 164
1 209
2 380
3 965 23
2 247
1 722
1 219
2 750
1 462
1 505
3 159 224
1 409
2 801
3 622 241
1 227
1 479
1 374
3 861 225
3 902 341
2 827
2 479
1 385
1 96
1 32
3 794 22
2 462
2 505
1 665
2 385
2 252
3 756 279
3 558 24
1 569
1 278
2 699
1 584
1 424
3 390 18
2 791
1 468
2 569
1 290
1 298
1 118
3 747 356
2 253
3 751 139
1 816
3 901 136
1 880
1 606
3 710 18
1 340
2 581
2 553
1 656
2 290
2 514
3 440 199
2 306
3 352 29
2 494
2 516
1 211
2 209
1 601
2 606
2 278
2 483
3 358 293
3 31 72
1 717
1 461
1 71
1 197
3 477 132
2 409
2 95
1 884
1 844
3 237 208
1 231
3 193 54
3 232 50
2 656
3 624 158
2 398
2 118
2 374
1 804
1 539
2 844
3 125 82
2 884
3 145 325
1 272
2 424
3 838 164
3 443 129
3 10 71
3 34 193
1 927
1 540
1 424
2 896
1 22
2 540
2 804
2 816
1 656
2 601
2 722
1 960
3 534 123
2 340
2 635
1 532
1 132
1 740
1 271
1 499
3 244 348
3 781 160
2 665
2 219
1 840
3 442 319
3 947 146
1 576
2 499
1 802
1 249
2 271
2 584
1 977
1 805
3 585 172
3 821 141
2 576
3 393 248
3 67 85
2 461
3 434 358
2 96
1 841
2 273
2 960
3 382 314
3 715 65
1 486
3 253 273
2 678
2 298
3 125 225
1 895
2 468
2 539
1 566
3 355 133
2 32
2 231
1 853
3 457 335
1 857
3 458 186
3 482 46
2 802
2 566
1 44
1 158
2 272
2 840
3 485 28
3 500 295
1 272
3 144 253
2 927
2 211
2 895
2 857
1 627
3 187 112
1 975
2 627
3 713 235
1 946
3 895 18
1 758
3 472 109
2 853
2 272
3 682 261
1 847
1 432
2 975
3 3 194
1 326
2 132
1 765
3 221 150
1 485
2 71
1 521
2 765
2 158
1 803
1 330
2 805
2 330
3 470 43
3 810 212
3 2 138
1 750
3 922 55
1 406
1 319
2 532
2 197
3 865 163
3 225 178
3 71 41
3 459 48
3 148 171
3 616 323
2 847
2 22
3 136 196
2 406
2 80
3 785 132
1 82
1 247
2 249
1 579
1 372
1 329
2 319
3 315 244
1 737
2 521
3 685 34
1 736
2 977
2 166
1 313
2 486
1 765
1 119
1 10
1 404
1 106
1 58
3 902 268
3 256 320
2 404
1 554
3 249 96
1 879
1 519
1 647
1 555
2 119
1 355
1 670
1 252
3 716 8
3 551 131
2 10
1 715
1 635
1 917
2 803
2 106
3 505 236
3 956 199
2 946
1 448
1 404
1 433
2 82
1 405
2 635
3 677 212
3 697 343
3 261 5
3 726 354
2 670
3 360 318
2 519
1 349
3 213 52
2 647
2 758
3 232 204
3 581 203
3 163 165
1 13
3 804 328
1 790
2 740
1 33
2 448
2 372
1 29
1 739
1 752
1 255
3 62 83
1 538
3 741 81
3 224 327
2 29
1 483
1 542
1 170
2 485
2 33
3 75 232
3 502 263
2 329
3 68 312
3 632 194
1 208
2 917
1 230
1 622
2 880
1 552
2 483
3 312 22
1 216
1 442
1 266
1 868
1 35
1 242
1 154
2 58
1 934
2 433
2 432
1 276
3 551 278
1 614
1 135
3 632 52
2 326
3 535 58
3 211 270
1 889
2 614
1 344
1 649
3 440 324
2 717
3 64 229
3 92 262
2 255
3 584 6
1 481
2 868
3 726 180
2 555
2 889
1 56
1 427
2 622
3 678 14
2 715
1 41
1 587
3 889 140
3 877 301
1 83
2 13
1 905
1 954
3 48 24
3 372 20
1 529
2 879
1 553
3 179 85
2 424
1 789
1 275
2 905
1 86
3 808 32
2 442
1 340
2 83
3 791 136
3 457 6
2 765
2 170
2 135
1 932
2 266
3 644 328
3 418 206
2 56
3 249 345
1 602
1 701
2 954
3 421 210
3 686 88
1 61
1 936
1 679
3 744 317
3 370 348
2 61
3 94 96
3 436 240
2 649
2 553
1 455
1 696
2 587
2 737
2 656
1 42
2 275
1 961
1 392
2 344
1 24
1 654
2 35
3 851 44
3 547 172
1 919
1 345
2 392
3 462 350
3 886 337
1 256
3 316 220
1 184
3 240 349
3 491 51
3 406 87
2 44
1 325
2 934
3 690 171
1 624
3 37 49
1 678
3 361 3
3 962 125
2 654
1 617
3 269 322
2 345
1 606
1 857
3 784 153
1 923
1 275
2 256
3 808 195
1 547
1 510
2 547
2 736
3 270 35
2 510
1 161
2 542
2 41
2 739
2 750
1 14
2 696
1 722
3 192 43
3 526 74
2 208
1 795
2 857
1 575
1 810
1 926
2 538
2 926
2 275
3 641 239
2 404
2 276
3 22 120
2 602
2 252
3 172 285
3 499 61
3 396 144
3 186 135
1 627
1 194
2 42
2 242
2 579
1 53
1 737
1 775
3 927 255
1 107
3 489 38
1 497
2 923
2 752
2 932
2 795
3 363 110
3 906 313
2 810
2 936
2 841
1 500
2 154
1 121
1 163
3 793 128
2 775
1 836
2 163
1 3
3 714 191
3 902 2
2 325
3 435 315
1 68
3 393 1
1 29
3 765 327
3 959 337
1 591
1 874
2 679
1 735
1 642
1 425
1 322
3 782 195
3 15 298
1 73
2 322
1 329
2 575
3 965 15
2 701
1 975
2 247
1 774
2 624
2 737
1 577
3 75 240
1 915
1 274
3 726 269
2 497
3 193 352
3 350 302
3 46 351
2 606
2 161
1 842
2 107
3 537 276
1 273
3 846 69
2 53
2 627
2 774
2 427
3 378 69
2 836
1 797
3 41 270
1 315
1 5
2 355
2 554
3 218 253
3 925 215
1 443
3 508 150
3 358 18
2 405
3 374 197
1 862
3 119 10
2 340
1 519
1 182
1 473
3 677 34
3 689 262
3 530 151
1 291
1 293
2 29
3 6 299
1 232
2 577
1 412
3 61 5
1 41
3 403 148
2 293
3 344 147
2 975
3 839 315
2 500
1 876
2 790
1 76
2 473
1 670
3 37 181
1 29
2 617
2 425
2 315
1 427
2 121
1 309
1 562
3 809 248
3 933 197
1 594
1 967
3 649 254
3 93 283
2 24
1 250
2 182
2 86
2 41
1 943
2 313
3 553 89
2 591
2 519
1 19
3 126 63
3 611 227
2 481
1 255
1 966
2 73
2 291
2 255
1 491
3 109 222
2 309
3 217 53
1 119
3 748 325
2 967
2 797
3 788 96
2 273
1 685
2 19
1 530
2 642
3 150 170
3 768 43
2 3
1 182
3 785 171
3 679 315
1 953
3 26 53
2 491
2 29
1 260
1 217
1 701
2 562
3 140 232
2 735
1 94
1 580
1 87
1 773
2 685
2 217
1 70
1 460
1 57
2 862
2 443
3 855 5
3 141 6
3 590 67
1 637
3 495 152
3 727 295
2 274
3 99 213
1 625
1 908
2 57
1 213
1 737
3 377 279
1 425
2 953
2 580
1 145
3 510 354
1 268
1 955
1 904
1 708
3 174 302
2 529
3 403 121
1 138
3 240 203
1 796
3 883 147
1 821
2 138
3 967 78
1 84
1 11
1 905
1 205
1 209
2 789
2 425
1 148
2 919
2 796
1 322
1 839
2 322
1 79
3 372 205
3 613 119
3 578 244
1 959
2 5
1 249
1 386
2 11
1 440
2 209
3 704 331
2 227
2 68
1 698
2 232
1 802
2 194
3 66 101
3 702 319
3 921 310
1 378
1 38
3 486 278
1 91
2 87
1 556
2 821
