357
1 253
253 299
253 335
253 60
253 139
253 14
253 169
253 336
253 48
253 226
253 272
253 212
253 145
253 43
253 74
253 40
253 72
253 331
253 303
253 227
253 197
253 343
253 102
253 240
253 348
253 178
253 283
253 261
253 213
253 111
253 33
253 215
253 88
253 46
253 69
253 24
253 13
253 19
253 252
253 250
253 187
253 206
253 198
253 38
253 17
253 156
253 39
253 314
253 201
253 258
253 152
253 159
253 20
253 328
253 342
253 255
253 282
253 29
253 170
253 293
253 158
253 264
253 220
253 263
253 52
253 203
253 233
253 308
253 4
253 28
253 49
253 122
253 288
253 110
253 267
253 193
253 219
253 216
253 181
253 230
253 42
253 310
253 279
253 298
253 302
253 91
253 78
253 119
253 352
253 149
253 189
253 306
253 89
253 224
253 329
253 62
253 177
253 160
253 221
253 9
253 6
253 65
253 7
253 274
253 124
253 21
253 287
253 56
253 84
253 297
253 18
253 148
253 248
253 205
253 338
253 192
253 316
253 312
253 202
253 341
253 210
253 186
253 340
253 97
253 26
253 67
253 168
253 167
253 254
253 103
253 127
253 55
253 204
253 125
253 51
253 90
253 101
253 144
253 3
253 339
253 114
253 271
253 284
253 141
253 23
253 355
253 113
253 92
253 64
253 71
253 105
253 257
253 68
253 333
253 166
253 241
253 138
253 76
253 22
253 315
253 117
253 96
253 151
253 259
253 278
253 128
253 294
253 129
253 150
253 275
253 12
253 179
253 95
253 87
253 347
253 104
253 268
253 300
253 161
253 63
253 135
253 27
253 269
253 116
253 120
253 357
253 295
253 196
253 251
253 121
253 59
253 309
253 208
253 265
253 35
253 211
253 311
253 136
253 80
253 313
253 2
253 234
253 93
253 305
253 73
253 301
253 77
253 25
253 174
253 218
253 126
253 47
253 349
253 324
253 85
253 229
253 106
253 34
253 41
253 157
253 325
253 50
253 176
253 334
253 155
253 222
253 285
253 238
253 173
253 260
253 273
253 180
253 266
253 115
253 330
253 45
253 112
253 195
253 143
253 79
253 118
253 270
253 322
253 185
253 188
253 228
253 61
253 346
253 53
253 171
253 318
253 163
253 98
253 31
253 147
253 337
253 183
253 184
253 190
253 15
253 304
253 57
253 16
253 231
253 86
253 133
253 256
253 225
253 99
253 354
253 291
253 108
253 245
253 30
253 286
253 107
253 317
253 153
253 237
253 172
253 326
253 130
253 319
253 75
253 243
253 344
253 66
253 249
253 277
253 262
253 235
253 194
253 10
253 242
253 11
253 199
253 146
253 70
253 292
253 247
253 353
253 154
253 8
253 276
253 209
253 214
253 191
253 140
253 54
253 44
253 246
253 323
253 175
253 100
253 83
253 109
253 280
253 58
253 244
253 351
253 320
253 332
253 236
253 82
253 281
253 165
253 131
253 217
253 137
253 134
253 350
253 290
253 356
253 164
253 5
253 327
253 142
253 307
253 289
253 207
253 296
253 182
253 200
253 36
253 321
253 132
253 232
253 239
253 345
253 37
253 123
253 162
253 94
253 223
253 32
253 81
1000
3 255 5
3 16 131
3 79 209
3 27 340
3 122 290
3 153 70
3 237 165
3 178 157
3 43 162
3 98 217
3 320 301
3 186 13
3 90 305
3 348 319
3 300 239
3 350 208
3 238 81
3 186 172
3 216 172
3 105 75
3 129 207
3 94 230
3 177 137
3 98 297
3 175 327
3 209 310
3 17 166
3 141 156
3 270 16
3 355 211
3 276 282
3 217 38
3 56 234
3 66 351
3 73 128
3 13 38
3 159 294
3 23 68
3 70 116
3 38 267
3 156 358
3 250 89
3 96 0
3 304 69
3 111 68
3 110 351
3 60 102
3 256 68
3 62 64
3 260 230
3 301 21
3 27 234
3 291 231
3 160 335
3 97 104
3 74 68
3 275 342
3 295 45
3 193 191
3 84 114
3 205 5
3 90 353
3 254 148
3 228 337
3 200 199
3 282 166
3 15 275
3 178 250
3 46 86
3 339 143
3 47 74
3 165 324
3 295 0
3 344 333
3 74 147
3 11 337
3 3 332
3 47 77
3 120 303
3 196 105
3 338 200
3 219 158
3 177 191
3 86 52
3 253 346
3 316 307
3 226 280
3 151 126
3 131 75
3 341 4
3 117 163
3 145 24
3 178 209
3 73 262
3 95 263
3 204 130
3 298 38
3 46 184
3 263 126
3 32 259
3 252 73
3 5 55
3 119 215
3 15 223
3 60 248
3 242 197
3 65 191
3 140 59
3 317 64
3 49 19
3 328 287
3 184 329
3 180 226
3 43 289
3 212 275
3 303 287
3 175 118
3 54 300
3 265 308
3 328 42
3 142 110
3 65 221
3 118 179
3 14 33
3 311 162
3 154 1
3 307 264
3 160 191
3 20 306
3 248 61
3 198 295
3 195 145
3 100 243
3 277 25
3 30 262
3 176 2
3 167 357
3 97 96
3 314 60
3 352 115
3 170 254
3 153 306
3 157 62
3 65 183
3 92 278
3 134 32
3 304 138
3 207 259
3 73 326
3 93 263
3 313 321
3 208 9
3 152 281
3 295 297
3 220 350
3 17 169
3 20 321
3 295 159
3 224 34
3 338 198
3 90 321
3 51 157
3 100 9
3 120 138
3 276 324
3 305 253
3 61 196
3 79 45
3 88 157
3 240 344
3 63 205
3 94 178
3 284 249
3 112 53
3 207 88
3 12 329
3 72 311
3 30 34
3 3 205
3 221 301
3 101 350
3 314 209
3 204 247
3 318 71
3 355 123
3 133 322
3 85 225
3 112 224
3 101 143
3 87 63
3 276 210
3 216 348
3 195 139
3 13 289
3 299 10
3 213 331
3 330 181
3 62 341
3 78 32
3 180 97
3 5 347
3 98 276
3 301 2
3 144 25
3 217 241
3 84 127
3 46 5
3 291 351
3 120 70
3 267 19
3 158 336
3 256 304
3 109 324
3 37 47
3 191 203
3 121 133
3 246 335
3 298 287
3 162 280
3 93 101
3 223 56
3 13 135
3 219 322
3 67 94
3 244 188
3 349 252
3 337 68
3 272 110
3 323 240
3 299 46
3 174 11
3 75 233
3 65 124
3 293 294
3 92 213
3 72 201
3 95 107
3 317 345
3 263 73
3 131 197
3 136 210
3 260 104
3 147 321
3 275 253
3 116 146
3 352 318
3 217 86
3 320 260
3 266 5
3 150 210
3 331 348
3 22 39
3 29 285
3 31 285
3 12 86
3 208 9
3 194 204
3 75 138
3 9 82
3 87 319
3 324 2
3 1 262
3 218 154
3 219 326
3 208 161
3 333 245
3 143 351
3 86 138
3 118 305
3 34 168
3 230 209
3 333 16
3 70 346
3 131 20
3 159 248
3 53 346
3 77 87
3 71 138
3 285 0
3 264 40
3 26 335
3 72 93
3 36 40
3 310 227
3 120 245
3 117 13
3 112 289
3 140 193
3 169 291
3 232 246
3 108 359
3 109 45
3 330 264
3 224 212
3 1 70
3 256 155
3 170 48
3 314 144
3 336 237
3 11 41
3 266 275
3 224 7
3 42 295
3 195 100
3 181 334
3 223 81
3 171 281
3 289 87
3 262 221
3 298 167
3 70 90
3 357 256
3 11 207
3 130 276
3 83 321
3 319 220
3 189 293
3 42 326
3 324 81
3 203 56
3 105 353
3 177 185
3 12 12
3 80 56
3 291 4
3 91 275
3 2 62
3 343 347
3 78 56
3 273 77
3 322 353
3 236 209
3 28 13
3 100 330
3 209 73
3 342 49
3 78 201
3 328 238
3 22 100
3 336 169
3 132 317
3 57 17
3 209 139
3 330 15
3 161 176
3 5 216
3 342 1
3 4 129
3 264 184
3 183 207
3 291 161
3 106 188
3 181 314
3 332 266
3 276 95
3 252 217
3 8 199
3 191 314
3 51 2
3 273 155
3 254 172
3 267 71
3 141 181
3 139 66
3 324 107
3 121 184
3 38 28
3 75 355
3 136 333
3 208 3
3 67 249
3 301 95
3 60 271
3 238 215
3 93 11
3 337 287
3 169 12
3 345 46
3 206 341
3 140 16
3 3 244
3 357 152
3 53 49
3 187 52
3 8 32
3 47 268
3 200 80
3 118 231
3 52 202
3 148 181
3 33 247
3 316 194
3 289 121
3 172 273
3 309 80
3 250 117
3 236 131
3 77 57
3 15 0
3 121 26
3 251 258
3 319 25
3 252 128
3 329 327
3 70 263
3 250 108
3 78 334
3 109 37
3 85 332
3 351 281
3 108 200
3 203 24
3 126 176
3 265 310
3 305 4
3 293 19
3 307 144
3 201 272
3 20 225
3 148 352
3 315 169
3 101 210
3 95 1
3 271 268
3 181 96
3 304 63
3 280 351
3 50 104
3 155 352
3 182 158
3 231 85
3 273 147
3 26 306
3 86 265
3 5 157
3 293 190
3 166 131
3 242 289
3 189 325
3 158 30
3 85 136
3 109 191
3 57 302
3 144 119
3 311 272
3 319 18
3 251 164
3 186 256
3 164 283
3 248 292
3 46 284
3 139 184
3 355 255
3 328 198
3 75 282
3 192 6
3 131 42
3 177 147
3 116 8
3 308 337
3 174 104
3 294 324
3 110 189
3 310 91
3 198 113
3 15 220
3 154 213
3 322 156
3 12 188
3 288 167
3 161 46
3 122 343
3 185 65
3 229 213
3 194 192
3 87 26
3 282 116
3 249 58
3 288 328
3 58 115
3 40 157
3 267 312
3 63 302
3 308 314
3 25 9
3 56 337
3 233 341
3 312 201
3 332 302
3 131 322
3 13 270
3 240 250
3 231 215
3 215 235
3 280 8
3 331 32
3 209 267
3 271 145
3 60 212
3 53 37
3 175 79
3 47 296
3 338 112
3 157 100
3 279 211
3 278 327
3 229 43
3 353 48
3 156 215
3 114 106
3 6 159
3 68 204
3 37 80
3 163 80
3 134 251
3 209 179
3 268 1
3 126 20
3 220 115
3 32 35
3 39 18
3 312 356
3 25 150
3 121 155
3 271 298
3 119 46
3 139 239
3 204 44
3 227 288
3 67 174
3 344 274
3 68 56
3 304 266
3 14 287
3 238 74
3 273 172
3 103 190
3 265 39
3 79 158
3 335 27
3 155 211
3 153 310
3 293 307
3 132 241
3 234 339
3 96 150
3 264 4
3 354 357
3 321 256
3 255 181
3 2 79
3 129 90
3 199 245
3 46 241
3 24 148
3 151 267
3 136 242
3 283 279
3 242 209
3 29 315
3 112 174
3 231 174
3 259 19
3 83 32
3 280 256
3 253 105
3 321 256
3 5 1
3 182 129
3 65 78
3 22 232
3 204 261
3 87 342
3 186 125
3 153 52
3 343 130
3 52 306
3 131 287
3 63 293
3 345 218
3 118 355
3 48 233
3 217 243
3 96 135
3 213 180
3 162 292
3 136 342
3 197 334
3 46 131
3 286 93
3 25 215
3 46 145
3 126 52
3 45 330
3 130 42
3 218 108
3 189 217
3 57 295
3 2 109
3 179 327
3 342 355
3 234 300
3 119 277
3 61 358
3 202 76
3 256 63
3 71 240
3 249 106
3 354 339
3 264 313
3 202 80
3 94 348
3 217 265
3 113 39
3 126 232
3 36 319
3 101 139
3 41 97
3 37 275
3 258 33
3 3 222
3 64 39
3 286 85
3 69 139
3 45 80
3 52 27
3 107 236
3 237 215
3 240 0
3 110 133
3 85 144
3 5 45
3 169 240
3 3 288
3 98 241
3 286 186
3 25 317
3 184 194
3 280 144
3 314 357
3 216 46
3 161 20
3 226 278
3 167 31
3 228 266
3 48 22
3 332 199
3 343 114
3 123 347
3 144 229
3 261 114
3 154 207
3 296 286
3 106 255
3 186 320
3 235 268
3 130 23
3 134 102
3 308 330
3 179 267
3 104 22
3 315 343
3 115 128
3 327 286
3 13 133
3 272 338
3 176 144
3 213 255
3 34 212
3 66 216
3 187 295
3 75 161
3 265 237
3 329 321
3 240 341
3 215 267
3 9 23
3 53 176
3 77 6
3 70 196
3 173 20
3 302 99
3 106 112
3 281 81
3 197 220
3 57 251
3 37 301
3 70 163
3 4 25
3 113 183
3 305 108
3 311 138
3 148 139
3 324 345
3 131 102
3 89 191
3 271 17
3 122 100
3 218 351
3 44 311
3 245 325
3 147 24
3 255 139
3 227 291
3 124 341
3 2 216
3 192 40
3 92 29
3 237 57
3 270 14
3 326 182
3 140 200
3 99 161
3 104 197
3 262 13
3 202 87
3 355 248
3 216 319
3 185 298
3 47 274
3 335 39
3 87 276
3 39 108
3 353 223
3 262 57
3 178 83
3 93 102
3 184 106
3 78 274
3 121 155
3 323 139
3 166 29
3 157 185
3 187 104
3 179 336
3 223 233
3 3 153
3 129 300
3 26 162
3 147 109
3 39 44
3 293 225
3 233 240
3 167 12
3 97 34
3 115 9
3 230 298
3 59 40
3 310 218
3 318 317
3 220 269
3 21 72
3 66 129
3 176 219
3 209 14
3 137 205
3 205 339
3 184 350
3 234 296
3 260 206
3 82 301
3 61 183
3 116 51
3 33 297
3 206 129
3 182 324
3 38 160
3 308 146
3 222 167
3 335 17
3 60 88
3 90 159
3 266 96
3 250 103
3 7 247
3 296 82
3 74 51
3 306 145
3 249 70
3 45 163
3 283 90
3 77 193
3 316 8
3 349 32
3 287 155
3 217 191
3 284 4
3 292 194
3 336 298
3 32 17
3 260 299
3 291 140
3 6 158
3 106 202
3 166 11
3 190 297
3 264 107
3 303 160
3 297 308
3 178 137
3 295 299
3 107 209
3 45 90
3 155 343
3 147 123
3 153 266
3 207 38
3 101 64
3 41 196
3 307 201
3 48 300
3 270 79
3 8 329
3 232 85
3 7 316
3 231 231
3 254 69
3 246 137
3 234 52
3 104 279
3 281 326
3 306 216
3 324 159
3 233 255
3 281 248
3 270 85
3 156 47
3 306 94
3 102 247
3 146 67
3 241 14
3 50 298
3 146 312
3 246 267
3 77 88
3 85 140
3 79 129
3 36 334
3 209 306
3 229 29
3 137 278
3 129 218
3 2 172
3 9 106
3 324 173
3 350 275
3 192 81
3 186 219
3 290 75
3 254 48
3 190 257
3 310 287
3 67 345
3 92 153
3 327 283
3 138 195
3 250 195
3 357 313
3 267 104
3 78 118
3 24 56
3 156 29
3 287 132
3 237 316
3 228 326
3 342 44
3 126 63
3 310 10
3 131 282
3 64 65
3 40 236
3 19 33
3 122 212
3 244 338
3 299 160
3 74 201
3 55 287
3 12 284
3 128 87
3 121 62
3 151 197
3 274 24
3 213 39
3 212 347
3 155 190
3 124 123
3 119 302
3 248 145
3 114 87
3 10 294
3 145 143
3 33 261
3 50 134
3 135 200
3 133 314
3 325 216
3 203 235
3 172 310
3 76 76
3 82 80
3 251 34
3 134 53
3 51 168
3 199 176
3 326 172
3 252 36
3 314 137
3 159 6
3 273 47
3 26 202
3 43 167
3 195 20
3 164 250
3 91 20
3 351 296
3 221 320
3 140 330
3 295 168
3 280 137
3 87 85
3 22 223
3 44 182
3 91 150
3 345 69
3 66 266
3 339 8
3 308 299
3 324 214
3 331 210
3 42 324
3 182 161
3 318 317
3 137 181
3 187 58
3 175 22
3 18 205
3 143 108
3 299 179
3 197 233
3 154 165
3 256 88
3 207 17
3 27 15
3 297 185
3 188 97
3 136 286
3 356 54
3 339 128
3 105 188
3 80 9
3 326 258
3 287 244
3 182 36
3 21 76
3 174 249
3 94 140
3 325 189
3 36 240
3 35 164
3 15 274
3 198 349
3 296 179
3 73 91
3 126 37
3 260 0
3 13 200
3 323 232
3 17 40
3 262 4
3 256 294
3 257 301
3 313 198
3 18 64
3 203 229
3 321 334
3 198 81
3 56 89
3 15 269
3 81 354
3 27 36
3 288 290
3 257 320
3 139 352
3 205 224
3 209 252
3 340 160
3 12 323
3 26 249
3 145 260
3 313 289
3 318 107
3 67 177
3 166 203
3 292 74
3 62 289
3 253 16
3 24 315
3 149 176
3 221 297
3 48 73
