677
1 362
1 406
362 332
332 497
406 122
122 101
362 559
122 310
559 273
332 334
310 414
310 306
362 537
1 593
537 568
406 192
122 628
101 337
337 3
192 531
192 352
101 418
306 410
362 230
531 633
273 561
230 213
101 617
101 474
362 382
192 333
306 634
192 598
414 226
213 183
561 614
183 48
406 523
3 304
568 163
418 102
593 556
337 243
617 123
418 399
163 392
633 662
101 248
48 20
163 567
567 51
333 488
243 464
362 347
488 49
556 133
310 253
333 433
273 29
662 503
230 368
633 139
561 188
556 419
139 18
537 381
51 309
537 562
18 227
410 205
230 41
48 57
243 127
464 121
381 141
567 507
633 150
419 268
537 88
226 42
352 157
121 106
418 525
273 246
507 209
192 610
562 7
503 572
248 457
418 38
20 351
568 23
568 147
525 371
333 467
101 290
531 50
50 107
102 588
610 504
253 530
572 625
628 585
18 249
209 70
410 261
567 288
610 267
410 412
122 431
227 484
18 675
332 239
567 534
488 554
7 446
559 320
406 223
525 271
392 67
419 298
433 342
141 125
337 257
334 620
488 646
617 402
446 46
464 421
503 666
412 339
598 120
227 427
41 344
253 577
310 160
392 424
163 311
634 45
412 28
101 359
351 318
226 590
332 82
102 31
525 279
554 642
634 194
271 105
279 135
133 575
271 670
332 668
3 143
127 114
503 175
359 137
150 512
554 329
474 563
306 543
534 195
431 27
424 581
50 361
1 78
359 321
418 661
88 331
248 263
102 282
331 664
194 636
205 59
427 63
474 336
446 178
352 54
497 573
195 349
127 591
642 521
633 216
239 284
209 519
504 138
661 555
279 631
598 167
503 600
268 560
342 649
419 494
318 644
101 630
675 317
634 517
598 37
7 124
517 6
563 395
27 367
488 490
504 558
646 641
402 116
157 550
512 569
67 9
290 308
147 452
175 527
329 190
361 89
507 671
588 153
550 660
163 441
484 447
339 283
304 327
125 387
194 65
675 493
7 184
537 360
414 206
178 676
127 526
125 84
630 444
588 274
675 264
600 211
467 166
392 241
153 32
419 56
135 578
668 201
246 413
371 466
344 461
127 204
585 470
139 109
88 26
67 145
135 489
494 40
109 548
367 485
50 19
6 481
537 425
360 90
23 674
537 439
253 71
425 375
572 97
484 255
427 529
567 363
3 604
439 673
230 477
327 313
575 39
548 448
166 453
318 10
402 83
558 482
51 463
590 397
90 218
105 297
573 162
673 586
178 657
569 515
184 510
563 228
642 330
675 198
674 648
662 225
7 672
598 285
10 528
7 126
139 574
490 315
662 539
133 615
246 289
304 68
7 407
410 587
318 131
425 173
598 385
127 251
10 259
368 193
574 430
67 570
304 34
630 266
517 256
521 276
37 460
285 595
351 47
671 207
330 376
54 582
569 345
206 609
157 219
190 436
560 254
145 468
290 12
138 73
51 645
363 650
534 384
289 415
54 616
444 404
153 115
271 522
162 500
371 378
360 584
671 14
530 85
89 638
239 618
310 505
600 314
674 380
285 429
507 608
591 502
337 91
604 372
464 146
6 149
444 400
206 229
519 169
251 275
131 514
175 462
523 356
40 140
68 189
131 374
166 221
166 99
268 98
418 323
39 623
54 158
10 180
447 532
304 536
288 601
588 479
360 294
56 199
14 245
590 232
206 658
672 566
559 200
490 272
317 478
645 409
412 341
556 501
116 667
510 44
657 552
349 222
392 129
367 541
537 355
484 270
355 445
261 518
227 154
141 217
380 403
194 220
267 416
467 643
84 475
507 72
160 197
222 301
507 74
591 365
560 469
397 25
436 483
668 506
207 509
211 159
68 492
116 280
180 278
481 36
530 76
173 66
563 258
297 307
157 240
219 53
424 176
139 104
290 312
163 547
192 411
31 196
220 366
550 491
115 24
290 417
427 326
500 542
657 80
460 212
362 423
643 594
522 379
609 296
264 214
662 605
253 235
539 576
664 250
216 545
248 612
446 113
461 238
448 358
646 370
160 443
34 94
413 92
240 156
255 75
3 546
466 134
668 247
497 281
153 295
543 142
500 181
623 459
246 597
543 252
107 622
56 8
205 656
195 533
572 179
371 458
421 663
371 111
179 286
514 177
3 215
587 480
46 373
612 170
367 174
367 677
370 186
570 305
120 524
206 549
331 665
444 210
489 77
66 171
634 86
65 187
123 16
134 224
351 52
430 538
666 35
556 619
439 4
598 33
313 437
16 449
341 103
395 654
206 11
289 389
462 299
447 540
189 599
157 377
86 338
419 69
331 434
412 208
519 579
276 655
140 495
510 396
494 100
263 17
24 185
410 231
392 119
331 498
98 5
9 357
157 454
416 451
528 592
541 300
313 328
320 87
374 237
298 234
587 236
378 30
528 426
146 401
463 613
173 61
240 442
503 386
31 476
114 130
7 93
628 79
101 520
76 394
57 659
235 128
275 408
540 471
220 22
248 354
372 440
103 203
523 110
69 364
24 624
364 496
672 172
423 242
577 161
194 391
616 316
105 456
166 557
541 390
217 155
552 544
510 13
658 465
531 571
367 58
536 182
407 15
506 639
59 165
199 369
608 432
328 450
238 62
644 117
25 632
427 596
19 652
407 513
570 95
286 508
156 43
74 405
424 164
548 651
339 551
588 422
672 325
504 322
539 233
97 60
593 152
613 21
146 607
90 535
485 565
316 168
372 516
228 580
203 583
418 81
490 487
329 303
18 626
559 511
646 269
342 393
631 55
228 244
237 2
574 398
638 438
393 343
2 606
610 265
178 635
623 302
243 202
205 388
167 96
327 653
302 148
280 428
656 350
189 647
432 136
9 118
566 191
411 292
63 602
423 499
487 553
311 420
642 473
19 603
425 64
97 287
167 611
544 627
36 112
53 383
453 262
156 319
635 669
239 144
350 486
611 132
188 637
490 340
487 324
522 348
357 335
57 472
179 640
27 435
201 589
484 455
443 260
17 277
442 353
398 629
203 151
92 346
442 108
237 621
671 291
431 293
620 564
1000
1 180
1 282
3 592 247
1 562
1 35
3 558 29
3 142 22
2 282
1 58
1 227
2 35
3 320 119
3 353 172
2 58
3 283 179
3 88 36
3 285 39
2 227
2 180
2 562
1 552
2 552
3 649 186
1 266
2 266
1 620
1 458
3 257 201
3 307 14
2 620
2 458
1 35
1 588
1 540
1 44
3 631 273
3 448 106
3 239 261
2 540
1 467
3 494 190
3 379 293
3 453 60
3 228 239
3 308 125
3 250 135
2 467
2 35
3 143 5
2 44
3 181 68
1 449
3 200 177
3 644 358
2 588
1 530
1 366
1 230
1 128
1 19
1 477
2 128
2 366
1 395
3 424 310
3 541 276
3 25 345
2 230
3 117 56
3 43 199
1 314
2 449
1 124
3 329 354
2 395
3 594 185
1 453
1 594
2 530
3 512 53
1 278
3 256 39
3 456 25
3 164 231
2 124
1 79
3 481 334
2 477
2 19
3 558 213
3 543 31
2 594
2 79
3 69 322
1 664
3 576 281
3 537 317
2 664
3 667 178
1 337
1 466
3 307 287
3 397 74
3 625 34
1 157
3 162 239
3 594 329
1 370
1 67
1 657
1 521
1 123
1 659
2 466
1 380
1 341
3 303 136
1 104
3 208 160
1 466
1 637
3 446 0
3 385 245
1 194
3 292 104
2 104
3 362 314
2 370
2 637
3 243 145
1 392
3 8 353
2 157
2 453
2 278
3 271 112
2 341
3 455 138
1 604
3 172 38
3 525 189
1 404
1 142
3 129 291
1 675
1 121
1 566
2 604
1 532
3 664 348
3 281 257
1 663
3 160 289
2 466
3 510 172
1 373
3 188 169
3 321 181
2 194
1 274
1 513
3 92 81
3 363 316
1 558
2 121
2 380
1 272
3 149 80
2 657
1 87
1 83
3 44 263
3 672 310
3 375 282
3 474 202
3 505 258
1 634
3 580 19
1 141
2 123
1 630
3 405 90
3 233 316
1 213
1 236
3 587 183
1 128
2 513
3 331 174
3 667 123
1 37
2 634
1 100
3 524 57
3 594 343
1 537
2 337
1 407
3 277 22
2 675
3 478 15
1 192
3 583 305
1 245
1 629
2 558
3 94 110
3 168 220
3 145 100
1 510
2 192
3 42 130
1 362
1 290
1 443
2 213
2 532
3 270 58
2 404
1 268
3 32 138
2 274
3 32 253
1 95
3 376 141
1 558
1 138
3 328 194
1 369
3 409 333
2 236
3 242 62
1 570
1 571
1 546
3 640 359
3 608 157
3 425 356
3 190 265
1 535
3 426 262
3 645 41
1 191
3 46 259
1 186
3 313 242
3 635 357
3 660 141
2 630
1 355
3 171 229
3 211 139
2 100
2 272
3 493 205
2 83
3 379 25
3 649 194
3 173 201
3 28 284
3 645 317
2 373
2 67
3 280 222
2 128
3 524 59
1 80
2 290
3 388 66
2 546
3 263 112
2 268
3 339 305
3 608 157
2 362
3 338 274
3 591 177
2 37
3 147 30
2 566
3 586 333
2 138
2 537
3 292 20
2 535
1 465
3 52 80
3 644 254
3 669 126
3 566 203
1 153
3 473 315
3 330 100
3 159 101
3 29 329
3 592 2
3 34 317
3 491 151
1 427
1 78
1 551
1 491
3 249 68
1 21
3 200 181
2 465
3 497 254
1 385
3 652 194
3 309 202
2 663
3 133 192
3 530 189
3 397 210
3 490 144
3 478 46
2 571
3 312 59
1 412
1 330
3 321 347
3 652 4
2 629
3 451 164
3 637 266
3 298 290
3 8 244
3 582 357
3 446 278
3 64 237
2 245
3 373 16
3 428 140
3 81 234
3 61 254
1 81
3 587 3
3 603 1
2 330
3 533 83
1 417
3 408 174
1 216
1 514
2 417
1 605
2 216
3 285 79
3 84 226
1 143
1 174
2 355
1 479
3 534 94
1 301
3 240 138
3 500 161
3 331 179
1 8
1 675
3 128 41
1 311
3 534 51
2 570
2 174
1 378
1 272
3 420 325
2 412
2 385
3 41 16
3 299 295
2 141
3 384 282
3 359 6
1 238
2 80
2 153
2 514
1 345
3 471 54
2 191
3 163 355
2 345
2 272
3 31 145
3 470 159
1 379
1 650
1 488
3 208 80
1 68
2 87
2 659
3 513 193
3 271 144
3 181 16
2 301
2 379
3 585 51
2 78
2 95
3 276 36
3 73 195
3 144 160
1 272
1 613
1 330
3 366 35
1 230
3 33 60
3 617 344
1 385
1 546
3 114 262
3 648 264
1 430
2 143
2 272
2 479
3 87 324
3 22 184
2 650
1 282
2 314
2 330
1 65
2 510
3 56 283
3 422 265
1 446
3 363 311
1 181
3 123 85
3 464 200
3 247 78
2 238
3 249 357
3 473 353
3 108 298
3 487 176
3 598 192
3 272 173
1 639
3 283 111
3 355 47
1 548
3 91 216
1 674
2 675
1 179
3 297 339
3 106 280
3 394 52
1 226
1 633
3 463 249
1 39
3 455 140
3 642 333
2 548
3 455 78
3 594 142
2 378
1 513
3 507 44
3 312 24
3 241 312
1 588
1 587
3 287 215
3 160 311
1 26
2 68
2 226
2 81
3 362 214
1 290
3 266 220
3 532 191
3 646 215
3 391 264
3 18 256
3 606 177
1 555
1 590
2 407
3 90 82
1 221
3 132 136
2 488
2 186
3 157 39
2 546
3 123 145
3 518 131
1 482
2 221
3 291 128
3 210 229
3 29 90
2 513
2 8
1 586
1 504
3 257 23
3 417 312
1 58
1 626
3 103 181
1 631
1 183
1 6
3 541 310
1 234
3 642 100
3 617 89
2 6
2 39
1 169
3 375 140
2 183
2 230
3 526 121
2 282
3 147 331
2 21
3 657 154
3 196 340
3 97 71
3 239 183
3 333 99
2 290
1 409
3 642 310
3 531 136
3 529 318
3 496 123
3 394 167
3 655 177
1 200
2 409
2 551
3 375 69
2 169
2 588
2 311
2 674
2 613
2 555
3 39 286
1 165
1 221
3 397 112
3 570 109
2 605
3 510 223
3 530 142
3 594 321
1 296
3 343 28
1 602
2 392
3 220 95
2 296
1 31
1 349
2 165
3 5 332
2 179
3 345 56
2 234
3 403 263
2 58
2 504
3 66 338
3 60 155
3 71 180
2 181
3 603 333
3 677 11
1 350
3 231 115
2 482
3 35 238
3 43 234
2 631
3 233 301
1 47
3 301 293
1 407
2 626
1 341
1 444
3 154 303
1 33
1 563
2 558
1 582
2 639
1 526
2 31
3 182 215
3 510 65
2 602
3 439 296
2 587
2 142
3 439 321
3 506 319
1 265
3 494 250
2 586
3 174 235
1 263
3 414 143
1 356
3 42 80
3 395 184
1 61
3 344 219
3 171 208
3 20 165
2 61
3 483 220
1 10
3 37 114
1 67
3 251 52
3 477 153
2 430
1 410
2 427
3 535 44
3 120 158
2 446
2 443
3 456 327
3 663 144
2 265
1 607
3 486 280
2 444
3 256 248
3 600 167
3 54 0
2 491
3 270 358
2 65
1 614
3 186 20
1 616
2 590
2 263
2 563
3 112 132
3 152 149
3 609 115
3 311 190
3 397 6
3 465 241
3 296 106
1 580
2 616
2 200
3 578 230
3 596 155
1 36
3 76 283
3 272 110
1 456
3 222 194
1 289
1 441
2 385
3 69 281
3 463 22
3 103 45
3 558 209
3 670 205
3 432 134
3 644 297
1 379
1 493
3 178 307
1 660
1 572
3 478 255
1 30
3 60 63
3 353 346
3 393 119
1 615
2 33
3 364 248
3 131 116
3 402 227
3 613 9
1 429
2 356
2 349
3 123 27
3 142 156
2 407
2 379
3 82 299
2 369
2 221
2 10
3 452 188
1 274
3 500 280
3 555 84
3 100 44
2 521
2 526
3 200 14
3 82 247
3 481 30
3 363 358
3 1 207
3 638 117
1 77
1 114
3 339 63
3 73 276
1 592
2 26
1 139
1 182
2 274
2 615
3 536 7
1 655
3 167 250
3 354 334
3 642 287
2 493
1 619
2 580
1 158
3 447 120
1 645
2 182
2 36
3 526 267
3 624 88
3 381 60
1 170
3 99 292
1 611
3 527 324
2 441
1 121
2 633
3 188 291
3 522 348
3 273 267
2 660
1 12
2 47
3 610 154
3 414 276
3 527 333
1 654
3 97 323
3 506 255
3 327 317
2 592
3 290 341
1 210
2 139
2 341
3 425 231
3 648 260
3 558 241
3 17 249
3 84 154
3 557 163
1 495
3 497 138
3 21 8
2 495
3 491 219
2 121
2 77
1 525
3 262 350
2 30
3 424 112
2 655
3 297 28
3 324 22
2 170
3 612 273
3 324 130
1 510
3 412 127
1 425
3 115 137
2 582
2 350
3 322 65
3 550 212
3 632 89
1 267
2 429
2 654
3 61 140
2 210
3 331 22
3 484 353
3 95 115
3 314 227
1 532
3 677 195
3 540 209
2 114
3 81 181
1 472
3 50 244
3 87 171
1 445
2 67
3 245 303
3 59 352
3 2 179
3 166 18
3 67 181
2 472
1 39
3 279 205
1 173
2 410
1 515
3 383 106
3 392 2
3 146 352
1 278
3 96 343
1 617
3 309 325
3 115 353
3 412 208
3 145 274
3 583 50
2 614
3 334 225
2 611
3 644 163
3 232 75
3 242 52
1 495
3 218 150
1 114
3 448 28
3 236 190
2 158
1 126
2 278
3 669 213
2 456
3 677 71
3 169 31
3 448 29
3 27 68
2 289
2 510
3 47 24
2 525
3 336 349
3 170 350
3 476 218
1 270
3 196 200
3 468 31
3 288 211
3 38 291
1 486
3 596 28
2 126
3 24 276
1 423
3 44 149
2 445
3 246 92
1 533
3 205 26
3 240 101
3 246 186
1 517
3 621 281
1 417
2 417
2 517
1 480
3 22 79
3 592 27
1 530
2 423
3 219 295
1 150
1 192
3 146 332
2 617
3 592 11
3 436 112
2 270
2 515
1 634
2 150
1 652
3 319 328
1 197
3 159 207
3 445 336
2 197
2 645
3 606 153
2 173
3 188 337
1 334
2 634
2 192
2 267
3 395 175
1 581
3 200 279
3 62 21
1 383
3 656 303
1 368
3 404 189
3 484 159
3 221 41
1 328
2 652
1 260
2 260
3 179 183
3 565 52
1 540
1 625
2 334
2 486
3 407 230
2 495
2 607
1 7
3 228 165
3 131 48
3 424 243
1 537
1 298
1 281
2 114
2 298
3 81 269
1 583
3 648 48
3 527 21
3 276 44
3 518 213
3 109 151
1 307
2 537
3 428 26
2 383
3 8 277
3 252 54
3 157 61
3 178 244
3 618 133
1 563
3 571 355
2 480
1 269
3 493 92
3 603 126
2 368
1 352
3 179 129
2 625
1 55
1 497
2 581
2 55
2 540
3 366 35
3 50 113
2 328
3 322 318
2 269
3 469 204
3 635 101
2 530
3 648 346
1 300
3 419 244
2 300
