769
1 175
175 56
56 74
74 764
764 415
415 98
98 726
726 641
641 158
158 505
505 325
325 449
449 252
252 540
540 352
352 102
102 394
394 768
768 728
728 714
714 534
534 719
719 303
303 154
154 598
598 542
542 582
582 538
538 631
631 674
674 273
273 50
50 363
363 466
466 434
434 578
578 459
459 3
3 28
28 533
533 455
455 211
211 103
103 284
284 348
348 381
381 218
218 549
549 156
156 327
327 191
191 149
149 316
316 543
543 603
603 754
754 574
574 193
193 360
360 21
21 486
486 334
334 695
695 266
266 9
9 337
337 285
285 495
495 140
140 250
250 59
59 420
420 733
733 282
282 487
487 370
370 611
611 161
161 214
214 63
63 301
301 654
654 244
244 432
432 300
300 454
454 492
492 684
684 80
80 694
694 274
274 651
651 480
480 430
430 531
531 547
547 281
281 31
31 345
345 8
8 2
2 40
40 679
679 336
336 636
636 644
644 699
699 132
132 133
133 239
239 127
127 368
368 530
530 151
151 373
373 643
643 668
668 765
765 223
223 267
267 390
390 755
755 743
743 350
350 221
221 225
225 501
501 47
47 101
101 176
176 766
766 237
237 716
716 217
217 289
289 433
433 399
399 763
763 89
89 629
629 291
291 209
209 622
622 502
502 116
116 408
408 73
73 310
310 351
351 286
286 304
304 404
404 610
610 377
377 677
677 178
178 81
81 617
617 155
155 224
224 569
569 416
416 722
722 500
500 362
362 374
374 166
166 563
563 565
565 397
397 88
88 328
328 499
499 324
324 215
215 509
509 741
741 561
561 400
400 525
525 586
586 624
624 376
376 82
82 431
431 767
767 425
425 96
96 355
355 144
144 698
698 294
294 163
163 138
138 632
632 11
11 260
260 407
407 125
125 443
443 751
751 647
647 126
126 685
685 666
666 276
276 527
527 347
347 558
558 757
757 732
732 16
16 672
672 623
623 535
535 413
413 306
306 739
739 48
48 663
663 165
165 615
615 583
583 206
206 299
299 552
552 269
269 616
616 474
474 184
184 143
143 680
680 756
756 562
562 253
253 76
76 564
564 729
729 759
759 329
329 403
403 216
216 379
379 77
77 14
14 179
179 251
251 196
196 740
740 551
551 620
620 424
424 43
43 709
709 419
419 318
318 460
460 570
570 342
342 511
511 319
319 601
601 309
309 117
117 461
461 560
560 243
243 235
235 411
411 707
707 44
44 607
607 4
4 599
599 545
545 584
584 356
356 173
173 23
23 706
706 510
510 554
554 566
566 228
228 33
33 656
656 512
512 731
731 194
194 441
441 673
673 458
458 87
87 27
27 41
41 280
280 29
29 621
621 590
590 553
553 528
528 595
595 548
548 688
688 660
660 681
681 690
690 234
234 32
32 683
683 177
177 361
361 703
703 119
119 263
263 658
658 606
606 124
124 761
761 649
649 557
557 51
51 91
91 295
295 174
174 650
650 735
735 700
700 671
671 226
226 83
83 121
121 38
38 497
497 749
749 182
182 22
22 262
262 488
488 346
346 655
655 457
457 489
489 339
339 231
231 608
608 36
36 37
37 230
230 67
67 341
341 662
662 518
518 427
427 478
478 597
597 436
436 652
652 442
442 204
204 388
388 467
467 609
609 270
270 46
46 95
95 572
572 105
105 275
275 577
577 705
705 614
614 526
526 453
453 52
52 471
471 7
7 261
261 197
197 5
5 130
130 475
475 596
596 734
734 72
72 437
437 114
114 762
762 585
585 392
392 747
747 383
383 146
146 199
199 201
201 198
198 417
417 26
26 481
481 94
94 418
418 484
484 769
769 366
366 255
255 635
635 242
242 514
514 247
247 659
659 70
70 640
640 49
49 227
227 315
315 210
210 524
524 208
208 12
12 396
396 136
136 353
353 219
219 515
515 713
713 482
482 109
109 711
711 290
290 212
212 207
207 745
745 142
142 150
150 20
20 589
589 426
426 6
6 386
386 410
410 181
181 508
508 313
313 634
634 302
302 192
192 84
84 246
246 90
90 170
170 385
385 571
571 507
507 573
573 233
233 555
555 99
99 429
429 504
504 600
600 718
718 423
423 465
465 402
402 371
371 62
62 257
257 435
435 670
670 503
503 485
485 580
580 335
335 186
186 54
54 320
320 642
642 213
213 691
691 625
625 723
723 157
157 496
496 412
412 493
493 451
451 332
332 141
141 19
19 308
308 61
61 323
323 708
708 128
128 333
333 35
35 264
264 369
369 556
556 384
384 248
248 581
581 65
65 736
736 550
550 258
258 701
701 628
628 53
53 715
715 145
145 277
277 78
78 717
717 147
147 168
168 159
159 602
602 587
587 444
444 55
55 664
664 529
529 326
326 710
710 312
312 135
135 523
523 317
317 100
100 272
272 521
521 588
588 314
314 113
113 240
240 296
296 544
544 450
450 506
506 414
414 519
519 287
287 123
123 637
637 591
591 259
259 42
42 331
331 86
86 750
750 188
188 653
653 354
354 321
321 148
148 687
687 382
382 517
517 349
349 112
112 472
472 139
139 30
30 725
725 93
93 438
438 498
498 60
60 440
440 106
106 452
452 592
592 79
79 665
665 344
344 222
222 639
639 593
593 10
10 567
567 229
229 760
760 675
675 667
667 391
391 648
648 111
111 724
724 468
468 71
71 297
297 311
311 75
75 364
364 378
378 686
686 456
456 464
464 359
359 613
613 539
539 97
97 470
470 536
536 271
271 491
491 152
152 322
322 463
463 245
245 34
34 305
305 605
605 220
220 604
604 746
746 744
744 398
398 702
702 712
712 298
298 626
626 17
17 395
395 401
401 579
579 25
25 720
720 446
446 283
283 18
18 185
185 678
678 107
107 278
278 387
387 307
307 704
704 64
64 422
422 676
676 483
483 338
338 657
657 727
727 256
256 131
131 758
758 254
254 633
633 200
200 288
288 490
490 238
238 393
393 232
232 697
697 428
428 693
693 68
68 120
120 110
110 268
268 612
612 343
343 164
164 172
172 129
129 189
189 742
742 205
205 69
69 92
92 737
737 293
293 646
646 236
236 249
249 476
476 669
669 104
104 380
380 24
24 627
627 169
169 45
45 469
469 516
516 292
292 738
738 137
137 340
340 477
477 619
619 357
357 462
462 108
108 559
559 57
57 409
409 190
190 445
445 479
479 618
618 661
661 532
532 696
696 241
241 575
575 115
115 365
365 576
576 162
162 594
594 66
66 537
537 195
195 265
265 279
279 682
682 202
202 372
372 689
689 58
58 405
405 421
421 546
546 568
568 187
187 645
645 638
638 748
748 522
522 167
167 753
753 406
406 520
520 439
439 494
494 122
122 473
473 692
692 448
448 447
447 721
721 203
203 180
180 330
330 39
39 15
15 375
375 752
752 118
118 171
171 513
513 541
541 160
160 358
358 367
367 730
730 389
389 13
13 85
85 183
183 153
153 630
630 134
1000
3 679 329
3 360 135
3 524 3
3 762 264
3 273 258
1 638
3 515 216
3 102 220
3 657 73
3 574 65
3 85 59
3 149 50
1 742
3 127 186
3 26 58
3 504 254
3 361 176
3 586 160
3 69 314
3 413 272
3 163 168
2 638
1 702
3 490 356
2 702
3 560 201
1 1
3 4 230
2 742
1 298
1 116
3 249 331
3 208 351
3 562 269
3 729 119
3 94 300
3 383 37
2 1
2 116
3 325 65
3 516 188
3 673 88
3 549 264
3 759 146
3 138 199
3 119 300
1 277
3 695 200
3 454 338
3 748 119
3 196 212
3 142 0
3 348 227
3 87 197
3 637 291
3 328 67
3 227 14
3 271 6
3 386 120
3 573 24
3 403 334
2 298
3 264 297
3 483 264
1 643
3 395 227
3 509 241
3 739 214
3 282 258
3 89 239
1 543
3 180 296
3 251 215
3 315 285
3 513 284
3 547 165
3 153 22
3 687 294
3 283 236
3 202 68
3 168 115
3 673 51
3 159 207
3 15 331
3 755 215
3 173 301
3 695 160
3 42 112
3 395 32
3 477 155
2 643
3 287 226
2 543
3 176 278
3 119 167
3 232 357
2 277
3 763 203
3 92 64
1 364
3 321 287
3 464 131
3 644 170
3 87 247
3 431 37
1 587
1 511
3 51 181
3 102 315
3 244 201
2 364
3 726 155
3 62 186
3 202 172
1 157
3 17 359
3 274 271
3 161 190
3 714 89
3 303 344
3 437 26
3 336 116
3 673 166
3 633 123
3 460 32
2 511
3 271 7
2 587
3 685 357
3 658 13
3 261 147
3 205 48
3 249 294
3 661 302
3 743 128
3 59 56
3 315 347
3 709 173
3 589 156
3 476 252
3 518 159
3 714 79
3 406 203
3 443 145
2 157
1 693
3 118 234
3 203 156
3 308 286
3 728 66
1 140
3 44 189
3 344 202
3 433 179
3 347 140
3 465 255
3 677 28
2 693
2 140
3 700 305
1 727
2 727
3 28 184
3 605 51
1 101
2 101
3 463 53
3 240 73
1 365
3 257 338
3 690 256
1 153
3 666 201
3 412 158
3 209 249
2 365
2 153
1 109
3 457 267
3 691 167
3 324 256
3 499 307
3 127 197
3 261 250
3 102 82
3 110 211
3 260 144
3 630 210
3 37 198
3 170 342
3 306 233
2 109
3 37 30
3 551 184
3 756 308
3 385 37
3 410 184
3 736 97
3 669 183
1 472
3 36 309
3 680 339
1 102
3 142 341
3 723 346
2 472
3 330 2
3 210 240
3 258 154
3 563 322
3 627 55
3 660 325
3 321 11
3 769 346
3 163 149
3 542 211
2 102
3 70 152
3 190 292
3 691 260
3 335 44
1 240
3 17 242
3 564 224
3 46 336
3 527 5
3 28 5
3 451 228
3 754 137
3 477 229
3 242 122
3 514 247
1 255
3 116 316
3 610 234
1 419
3 645 71
3 48 160
3 172 314
3 709 316
3 92 302
2 419
3 366 309
3 441 339
3 293 356
3 439 125
3 22 185
3 289 225
3 533 106
3 750 190
2 240
3 229 33
1 39
3 67 203
3 206 110
3 16 337
3 412 282
3 101 332
3 417 180
1 427
3 344 339
3 561 77
3 442 191
3 474 207
3 175 165
3 400 311
1 411
1 725
3 124 317
3 554 65
2 411
3 303 246
3 124 194
3 459 326
3 289 61
3 186 266
3 330 147
3 127 164
1 636
3 589 90
3 519 244
3 201 63
3 556 159
1 766
3 569 245
3 299 306
3 577 251
2 427
3 341 45
1 293
3 515 280
3 541 244
3 681 239
3 295 12
3 134 249
3 284 166
3 437 95
3 167 67
1 695
2 695
3 352 66
3 257 245
3 340 140
3 676 140
3 434 203
2 725
3 139 339
3 491 288
3 90 122
3 622 146
3 279 154
3 529 199
3 544 31
3 355 213
1 281
3 559 71
3 348 164
2 293
2 39
3 69 102
3 172 148
1 583
3 449 182
3 322 194
3 360 334
3 758 184
3 662 125
1 125
3 490 284
3 693 108
3 523 111
3 459 152
3 513 264
3 200 321
3 614 243
3 525 58
3 33 44
3 311 290
3 63 286
3 205 281
3 496 6
3 29 287
3 630 136
2 583
3 150 50
3 362 197
1 310
1 205
1 421
3 727 26
3 17 27
3 560 108
3 251 330
3 227 160
3 645 157
3 37 48
3 394 9
1 473
3 597 112
3 105 305
3 655 147
1 151
2 205
3 72 20
2 636
3 364 285
2 473
3 495 280
3 134 185
3 751 327
2 421
2 281
3 736 92
3 501 186
3 603 206
3 284 184
3 276 322
3 179 225
3 384 38
3 228 314
3 503 41
3 456 291
3 439 139
3 716 165
3 53 176
3 132 100
3 298 2
3 415 324
3 107 207
3 112 162
3 644 216
3 42 73
1 695
3 102 198
3 501 278
3 422 15
2 151
3 108 16
3 237 287
3 394 82
3 308 93
3 83 279
3 173 161
3 273 105
3 611 11
3 741 241
3 644 338
1 572
3 374 66
3 188 219
3 604 70
2 310
3 362 178
3 769 355
3 280 263
2 255
3 593 223
3 561 323
3 671 143
1 548
3 91 27
3 725 117
3 540 244
3 736 93
3 320 195
3 87 138
3 760 82
3 5 204
2 572
3 244 255
2 548
1 218
3 70 264
3 291 60
3 138 109
3 255 114
2 695
3 432 223
3 157 215
2 125
3 189 72
3 88 58
3 596 14
1 499
3 59 31
3 741 87
3 400 122
3 188 131
1 270
3 158 55
3 602 258
3 225 266
3 760 191
3 18 213
3 252 76
3 703 213
3 485 233
3 587 177
1 195
3 514 286
3 299 11
2 270
3 547 199
3 317 222
3 467 225
3 148 33
1 397
2 195
1 164
3 586 125
1 394
1 291
3 358 11
3 163 68
3 629 232
3 34 327
3 127 119
1 590
2 164
3 726 149
3 91 198
3 140 46
2 218
3 364 94
1 46
3 244 141
3 132 282
3 190 11
3 504 333
3 579 37
3 438 328
3 615 20
3 594 296
3 435 184
3 477 322
3 415 355
3 694 89
3 330 315
1 490
1 414
3 132 47
3 474 189
3 624 46
3 113 337
3 592 240
3 688 10
3 495 61
3 742 136
3 192 80
3 509 189
3 165 54
3 396 7
2 46
3 216 55
3 386 165
1 173
3 676 123
1 370
3 261 224
3 176 187
3 670 110
3 186 11
3 712 128
2 291
1 563
2 394
3 400 191
3 702 171
3 605 345
3 406 80
3 675 115
3 258 149
3 535 201
3 205 255
3 666 328
3 352 228
3 650 64
3 140 98
3 99 346
3 199 309
3 279 45
3 158 44
3 527 211
3 390 273
3 527 137
3 243 104
3 588 188
3 5 345
3 416 288
3 692 89
3 288 34
3 367 1
3 651 30
1 753
3 435 122
1 271
3 552 186
1 594
3 3 266
3 9 32
3 703 50
2 499
3 112 111
3 10 288
2 490
3 243 201
3 400 216
3 762 207
3 82 168
3 402 227
3 568 261
3 10 239
3 76 100
3 204 31
1 684
3 433 233
3 758 68
2 766
3 508 131
3 703 229
3 695 138
3 136 8
3 212 145
3 59 243
3 745 93
3 654 90
3 715 151
3 120 188
2 594
3 243 192
3 691 39
3 216 301
1 16
3 400 85
3 212 246
3 735 71
3 731 191
2 397
3 287 168
3 695 263
3 8 8
3 461 108
3 196 70
3 123 44
1 511
3 697 240
3 490 359
3 740 127
3 343 267
3 561 62
3 445 316
3 312 176
2 271
2 173
3 329 338
3 449 52
3 630 2
3 272 118
3 48 255
3 392 116
3 438 320
3 69 215
3 623 297
3 289 186
3 714 324
3 400 175
3 172 126
2 511
3 757 343
3 460 318
3 182 0
1 356
3 510 315
3 704 120
3 667 44
3 760 321
3 226 267
3 151 350
3 579 245
3 470 30
3 735 6
3 18 71
1 251
3 11 333
3 29 112
3 552 82
2 16
3 551 214
3 364 64
3 602 251
3 221 292
3 142 240
3 496 61
3 525 44
3 191 269
3 479 151
2 370
3 425 239
1 31
1 374
1 713
3 388 255
3 152 127
3 662 96
3 280 133
3 197 105
3 302 29
3 30 286
3 24 249
3 681 316
3 514 30
3 610 316
2 713
2 374
2 251
3 659 156
2 563
3 507 12
3 25 12
3 229 112
1 637
3 327 36
3 141 19
1 283
3 130 256
3 504 201
3 16 263
3 611 168
2 283
3 511 98
3 90 207
3 541 112
3 52 6
2 684
3 727 259
3 707 295
3 157 236
3 60 220
3 215 140
2 590
1 241
1 660
3 583 131
3 697 143
3 82 56
3 563 358
3 264 203
3 366 127
1 622
1 697
3 378 147
3 352 32
2 660
2 241
1 425
3 380 78
3 645 150
2 356
3 340 212
3 688 358
3 184 357
3 368 126
3 709 356
3 308 296
3 176 40
3 373 296
3 121 227
2 753
3 625 99
2 622
3 567 159
3 388 119
3 755 191
1 761
3 516 345
3 405 152
3 579 289
3 730 193
1 745
3 218 299
3 567 183
3 757 273
3 747 350
3 122 57
2 761
3 81 304
3 248 73
3 509 337
3 4 103
3 307 139
2 697
3 227 356
3 301 114
3 701 96
3 728 237
1 278
3 551 195
3 520 316
3 595 311
3 122 214
1 398
3 3 284
1 505
3 576 64
3 475 142
3 711 259
3 464 264
3 642 89
2 745
3 466 251
3 723 181
2 505
1 147
2 147
3 334 188
3 25 156
3 379 86
3 646 72
3 73 312
3 442 323
3 455 188
3 757 89
1 429
3 81 186
2 429
2 31
3 147 289
3 256 10
3 280 148
3 264 63
2 637
3 45 159
2 278
3 260 63
3 668 307
3 96 232
1 744
3 224 184
1 362
3 605 159
3 499 203
3 15 2
3 532 148
3 373 343
3 608 162
3 397 345
3 122 288
3 250 247
1 213
1 690
2 425
3 569 66
3 715 89
3 241 189
3 18 325
3 478 284
2 213
3 525 137
3 320 260
3 459 225
1 424
3 157 219
3 182 290
3 702 102
3 386 288
1 33
3 4 359
2 690
3 607 283
3 695 89
3 244 98
3 368 120
3 351 88
3 121 134
3 301 11
3 420 256
3 313 125
3 727 339
3 93 269
3 122 288
3 668 343
3 721 23
1 595
2 744
1 171
3 469 233
3 270 143
3 383 163
3 690 85
1 48
3 435 320
3 759 259
3 269 11
3 749 193
3 63 173
3 39 80
3 341 286
3 676 217
3 165 42
3 645 164
3 602 125
1 432
3 15 58
3 371 305
2 432
3 510 146
3 763 71
1 594
3 313 186
3 371 83
3 62 291
3 684 123
3 551 200
3 491 297
3 51 55
3 132 75
2 362
1 143
3 733 55
3 3 280
3 344 146
3 724 120
3 767 154
3 180 51
2 414
1 153
3 155 346
3 356 288
1 582
3 506 320
3 720 141
3 466 333
3 708 97
3 4 332
3 679 68
3 377 4
3 23 234
3 286 41
3 625 258
3 342 89
2 33
3 277 190
1 697
3 339 231
3 157 119
3 359 240
1 646
3 664 327
2 582
1 465
2 697
3 257 171
3 581 219
3 647 14
3 621 62
3 630 125
3 265 299
3 521 111
1 306
3 763 129
3 769 83
3 124 55
3 220 266
3 375 326
2 143
3 488 203
1 604
3 601 351
3 325 342
3 122 92
2 398
1 419
3 769 151
2 419
3 391 19
3 415 259
3 560 51
3 225 14
1 558
3 447 227
3 228 274
3 503 110
3 53 178
3 513 224
3 22 306
3 1 289
2 604
3 434 197
2 595
3 543 358
3 257 147
1 42
3 23 271
3 179 185
3 491 220
3 446 243
2 171
3 578 271
3 194 83
1 680
3 430 205
3 309 160
3 552 255
3 149 329
1 214
3 349 60
3 208 236
3 110 325
3 141 7
3 281 328
3 579 308
2 214
3 760 181
3 103 53
3 378 204
3 677 330
3 115 139
1 50
3 443 230
3 130 344
3 555 108
3 147 172
3 437 341
3 312 19
1 378
1 659
1 214
2 214
3 366 88
1 450
3 754 345
3 524 53
3 37 211
3 341 11
3 45 342
3 128 214
2 378
3 328 149
3 642 338
3 513 340
