847
1 291
291 583
291 584
291 480
291 766
291 105
291 221
291 277
291 785
291 160
291 604
291 341
291 544
291 820
291 414
291 430
291 155
291 403
291 42
291 816
291 244
291 250
291 116
291 506
291 215
291 745
291 778
291 630
291 755
291 504
291 540
291 662
291 45
291 422
291 368
291 513
291 738
291 261
291 270
291 845
291 11
291 379
291 264
291 217
291 547
291 340
291 727
291 266
291 339
291 419
291 536
291 109
291 343
291 191
291 146
291 66
291 572
291 274
291 235
291 123
291 52
291 710
291 705
291 743
291 78
291 715
291 591
291 741
291 248
291 433
291 788
291 673
291 566
291 383
291 283
291 512
291 168
291 685
291 102
291 776
291 450
291 23
291 304
291 284
291 149
291 296
291 280
291 194
291 275
291 363
291 689
291 718
291 370
291 530
291 39
291 267
291 608
291 218
291 350
291 474
291 165
291 201
291 435
291 58
291 127
291 736
291 821
291 112
291 382
291 71
291 186
291 446
291 205
291 390
291 461
291 443
291 92
291 659
291 605
291 578
291 581
291 247
291 756
291 43
291 531
291 799
291 62
291 538
291 47
291 295
291 84
291 353
291 449
291 373
291 502
291 54
291 207
291 626
291 94
291 675
291 33
291 17
291 588
291 497
291 172
291 238
291 129
291 563
291 562
291 794
291 665
291 740
291 753
291 505
291 569
291 444
291 657
291 521
291 5
291 822
291 411
291 307
291 312
291 315
291 98
291 823
291 475
291 378
291 503
291 213
291 27
291 309
291 571
291 349
291 550
291 314
291 145
291 620
291 345
291 200
291 346
291 305
291 318
291 416
291 465
291 641
291 415
291 258
291 137
291 770
291 162
291 67
291 24
291 537
291 771
291 564
291 781
291 599
291 360
291 510
291 773
291 82
291 25
291 246
291 660
291 542
291 133
291 524
291 241
291 362
291 55
291 441
291 126
291 487
291 15
291 533
291 53
291 653
291 272
291 251
291 153
291 670
291 80
291 159
291 552
291 448
291 111
291 227
291 534
291 805
291 73
291 772
291 148
291 628
291 114
291 289
291 568
291 56
291 262
291 320
291 681
291 737
291 594
291 151
291 263
291 777
291 492
291 110
291 18
291 99
291 616
291 14
291 174
291 301
291 333
291 837
291 596
291 331
291 431
291 255
291 692
291 323
291 434
291 843
291 7
291 666
291 384
291 163
291 327
291 322
291 19
291 488
291 696
291 420
291 838
291 721
291 486
291 282
291 491
291 59
291 354
291 279
291 490
291 650
291 635
291 462
291 782
291 477
291 829
291 181
291 119
291 697
291 768
291 832
291 494
291 751
291 96
291 4
291 561
291 206
291 567
291 259
291 483
291 828
291 678
291 12
291 811
291 132
291 769
291 81
291 236
291 464
291 717
291 417
291 212
291 814
291 470
291 167
291 287
291 95
291 164
291 551
291 324
291 629
291 649
291 271
291 765
291 292
291 742
291 760
291 655
291 65
291 793
291 347
291 575
291 76
291 63
291 539
291 252
291 456
291 421
291 600
291 389
291 231
291 476
291 334
291 189
291 140
291 580
291 230
291 142
291 418
291 458
291 638
291 400
291 808
291 618
291 424
291 759
291 509
291 447
291 840
291 97
291 592
291 686
291 154
291 385
291 407
291 185
291 265
291 393
291 466
291 677
291 171
291 617
291 36
291 553
291 754
291 844
291 120
291 809
291 637
291 233
291 525
291 847
291 106
291 792
291 83
291 103
291 453
291 135
291 801
291 556
291 184
291 695
291 731
291 590
291 726
291 730
291 750
291 426
291 824
291 813
291 203
291 611
291 335
291 392
291 51
291 344
291 374
291 88
291 32
291 136
291 454
291 187
291 16
291 328
291 668
291 511
291 723
291 830
291 299
291 748
291 394
291 306
291 758
291 579
291 576
291 29
291 22
291 523
291 598
291 376
291 412
291 342
291 728
291 495
291 134
291 468
291 680
291 554
291 529
291 286
291 293
291 734
291 761
291 612
291 663
291 807
291 150
291 232
291 391
291 546
291 188
291 222
291 587
291 177
291 329
291 713
291 60
291 74
291 574
291 380
291 706
291 224
291 44
291 439
291 690
291 240
291 405
291 739
291 128
291 625
291 401
291 8
291 210
291 406
291 124
291 763
291 269
291 532
291 183
291 708
291 402
291 733
291 780
291 138
291 818
291 508
291 381
291 108
291 173
291 646
291 667
291 500
291 582
291 613
291 179
291 69
291 325
291 614
291 459
291 367
291 72
291 408
291 835
291 482
291 199
291 516
291 839
291 834
291 693
291 311
291 597
291 643
291 764
291 560
291 798
291 674
291 298
291 319
291 338
291 709
291 157
291 425
291 6
291 308
291 268
291 803
291 169
291 365
291 545
291 499
291 211
291 535
291 104
291 796
291 245
291 371
291 543
291 427
291 812
291 294
291 795
291 313
291 423
291 725
291 619
291 694
291 176
291 484
291 691
291 386
291 34
291 117
291 351
291 330
291 606
291 396
291 229
291 549
291 640
291 684
291 676
291 757
291 359
291 601
291 682
291 285
291 806
291 357
291 623
291 158
291 77
291 528
291 654
291 61
291 290
291 687
291 797
291 364
291 375
291 437
291 429
291 642
291 473
291 774
291 652
291 493
291 64
291 471
291 388
291 249
291 175
291 541
291 679
291 664
291 577
291 463
291 161
291 622
291 658
291 831
291 193
291 790
291 3
291 369
291 404
291 656
291 749
291 190
291 253
291 31
291 602
291 209
291 257
291 842
291 767
291 50
291 85
291 399
291 589
291 631
291 20
291 9
291 779
291 204
291 732
291 21
291 143
291 228
291 166
291 438
291 827
291 170
291 703
291 669
291 337
291 846
291 30
291 372
291 752
291 196
291 593
291 41
291 87
291 75
291 722
291 387
291 28
291 91
291 130
291 355
291 118
291 451
291 585
291 514
291 702
291 472
291 300
291 413
291 515
291 648
291 744
291 746
291 789
291 607
291 671
291 501
291 735
291 297
291 479
291 208
291 636
291 639
291 219
291 428
291 633
291 489
291 841
291 223
291 517
291 89
291 410
291 336
291 815
291 817
291 704
291 707
291 79
291 2
291 317
291 13
291 826
291 302
291 432
291 467
291 195
291 49
291 237
291 348
291 214
291 833
291 234
291 565
291 356
291 93
291 559
291 202
291 672
291 460
291 661
291 321
291 496
291 507
291 644
291 107
291 254
291 397
291 615
291 90
291 624
291 555
291 310
291 558
291 698
291 647
291 156
291 220
291 273
291 621
291 182
291 714
291 455
291 86
291 787
291 100
291 303
291 366
291 783
291 711
291 180
291 101
291 610
291 332
291 288
291 192
291 724
291 548
291 699
291 700
291 627
291 144
291 121
291 361
291 729
291 197
291 35
291 452
291 802
291 68
291 242
291 701
291 819
291 445
291 358
291 256
291 409
291 38
291 720
291 46
291 519
291 10
291 152
291 125
291 632
291 131
291 178
291 48
291 216
291 326
291 478
291 716
291 557
291 719
291 527
291 141
291 281
291 634
291 395
291 570
291 485
291 147
291 457
291 712
291 688
291 377
291 442
291 278
291 810
291 520
291 609
291 115
291 791
291 825
291 595
291 518
291 37
291 70
291 440
291 603
291 804
291 800
291 775
291 225
291 683
291 122
291 498
291 26
291 586
291 398
291 57
291 651
291 260
291 645
291 139
291 316
291 786
291 276
291 40
291 243
291 573
291 481
291 198
291 747
291 762
291 226
291 784
291 836
291 352
291 239
291 522
291 436
291 469
291 113
291 526
1000
1 53
3 546 106
1 835
1 660
3 808 130
2 835
3 776 9
3 478 262
2 660
3 214 62
3 350 99
3 170 214
1 82
3 267 117
1 772
2 53
1 828
2 82
1 755
3 727 52
1 594
2 772
3 803 223
3 741 323
1 141
3 403 323
3 82 233
2 141
3 674 130
1 166
1 5
2 594
3 471 263
2 166
2 755
3 92 262
3 607 292
1 128
3 752 268
3 646 226
3 115 172
3 752 278
3 791 0
1 527
1 558
1 75
1 360
1 292
1 437
3 592 255
3 50 309
3 199 55
3 111 39
1 199
2 5
3 403 171
3 518 305
3 364 68
3 532 246
3 595 70
2 828
3 751 159
2 527
1 369
3 693 132
3 161 265
2 360
2 199
2 292
3 562 54
1 372
3 152 11
1 1
3 518 105
1 497
2 128
2 372
3 467 350
1 181
3 740 22
2 181
2 437
3 706 99
3 730 283
2 558
2 369
3 180 137
1 444
1 409
3 249 195
1 594
2 409
1 230
3 612 130
3 321 321
1 244
3 2 147
3 634 122
2 75
3 835 289
1 257
2 244
1 715
2 715
3 210 298
3 419 318
1 133
1 750
1 712
2 444
3 813 298
2 257
3 783 305
3 421 181
2 594
3 269 38
3 442 240
1 740
1 289
3 156 209
3 200 340
3 13 313
2 750
3 306 195
1 733
2 712
3 664 353
3 326 46
3 119 323
3 841 218
3 372 317
3 630 134
1 429
3 743 57
2 133
2 1
3 222 29
3 99 219
3 398 252
2 429
2 497
2 230
2 733
2 289
2 740
3 236 22
3 829 351
1 141
2 141
3 385 123
1 837
1 550
3 14 229
3 46 267
2 837
2 550
1 414
2 414
3 161 177
1 785
1 39
2 785
1 505
3 702 143
3 348 245
3 468 193
3 92 319
1 500
3 588 98
1 428
3 56 330
3 139 107
3 66 253
1 820
3 283 316
1 59
3 589 38
3 190 324
3 553 146
3 21 126
1 315
3 539 241
3 625 215
3 38 271
3 208 126
3 606 258
2 39
1 311
3 726 57
2 59
3 90 323
3 819 224
1 727
1 557
1 235
3 746 92
2 428
2 505
3 744 66
3 232 32
2 315
3 539 312
3 162 292
2 311
3 159 219
1 489
2 820
3 277 182
3 564 221
3 99 264
1 281
2 489
3 61 134
3 732 229
2 500
1 238
3 618 331
3 754 7
3 19 248
1 140
2 238
1 529
3 672 233
3 709 266
3 339 19
3 719 168
2 281
1 840
2 557
3 291 101
3 42 298
3 716 185
3 496 181
3 310 235
2 840
2 529
3 269 60
3 648 253
3 563 277
3 824 130
3 31 49
3 385 112
3 533 40
3 41 125
1 113
2 113
2 140
2 727
3 574 281
3 72 285
1 842
1 55
1 614
2 55
2 842
3 293 198
3 127 232
2 235
3 499 133
2 614
1 204
1 646
3 585 200
3 806 61
2 646
3 13 261
2 204
1 687
1 504
3 410 323
1 545
2 545
2 504
3 419 130
3 322 218
2 687
3 100 117
1 803
3 106 40
2 803
1 296
3 843 201
2 296
3 757 280
3 334 99
3 452 265
1 845
3 425 272
3 435 202
2 845
1 723
3 662 28
3 454 78
3 112 230
3 114 275
1 448
2 723
3 538 292
2 448
1 158
3 9 161
3 198 134
3 548 217
1 174
3 236 303
3 729 133
3 518 255
2 158
3 786 183
2 174
1 331
3 260 230
3 801 129
3 150 225
2 331
3 51 322
1 359
3 20 211
1 730
3 555 106
3 648 228
3 132 258
3 628 211
3 599 97
3 503 63
2 730
3 504 137
3 630 110
1 623
3 65 18
3 280 334
2 359
3 654 0
2 623
1 201
2 201
3 288 102
3 286 112
1 818
1 130
3 399 271
1 601
1 184
2 184
2 818
3 262 343
3 825 292
1 324
2 324
2 601
1 810
1 842
1 141
3 62 157
3 341 143
3 286 279
3 201 24
1 75
3 543 348
3 699 86
3 183 346
1 735
3 53 321
3 740 186
3 134 350
2 842
3 535 101
3 227 146
3 389 344
3 806 205
1 750
1 416
3 656 248
3 562 212
1 67
3 92 186
2 810
3 666 179
3 701 244
3 666 202
1 551
1 111
3 832 126
2 67
2 551
3 82 262
2 111
2 750
3 658 345
3 276 275
3 51 298
3 467 218
1 71
3 845 102
1 28
2 71
3 628 183
3 591 140
3 443 313
3 154 90
3 234 243
3 84 280
2 75
3 624 132
1 88
3 17 221
1 439
1 570
3 395 23
3 547 327
3 706 84
3 639 25
1 82
2 439
3 639 311
1 31
1 57
3 647 50
3 576 298
3 374 204
2 88
3 365 119
2 130
2 735
3 186 278
2 82
3 170 280
2 416
1 334
3 65 142
2 334
1 804
3 34 354
3 750 328
2 141
3 344 71
3 649 307
3 818 296
3 615 110
2 804
3 107 282
3 262 213
3 23 115
2 570
2 57
2 28
1 116
1 101
1 714
3 415 258
3 275 111
1 104
3 443 214
3 536 197
3 447 46
3 366 78
3 601 250
3 61 72
3 16 159
1 357
2 357
2 116
2 101
3 823 127
3 642 211
2 31
1 291
3 556 287
3 277 348
2 104
2 714
1 226
2 291
2 226
3 836 318
3 842 94
1 256
2 256
1 542
2 542
1 688
3 4 147
2 688
3 745 318
3 535 12
3 115 340
1 686
2 686
1 369
1 729
1 535
3 820 288
2 369
3 569 202
2 729
3 104 116
1 314
2 535
3 387 204
1 102
3 543 88
1 492
3 96 79
3 735 165
3 125 24
1 318
2 318
2 314
2 102
1 760
3 766 85
3 152 140
3 529 276
3 205 140
3 195 129
3 440 348
2 492
1 163
2 163
3 142 317
2 760
3 315 177
3 804 332
3 433 77
1 28
1 566
2 28
3 569 170
3 655 275
3 619 150
2 566
1 584
1 469
3 189 291
3 158 352
2 584
1 756
3 685 30
1 735
2 469
3 828 15
3 336 78
2 756
3 77 96
2 735
3 432 16
3 663 66
1 207
1 235
1 346
1 528
1 611
1 834
3 242 59
3 248 170
1 617
1 554
1 844
3 506 19
1 621
2 617
1 445
3 816 24
3 789 355
3 212 323
1 438
3 770 136
3 302 169
3 134 145
3 247 321
3 353 91
3 315 165
1 659
3 147 137
2 235
3 330 339
3 824 45
3 704 23
3 204 341
2 659
3 93 28
2 438
3 494 208
3 147 47
1 309
3 521 219
1 549
2 611
3 794 281
3 168 299
2 346
1 748
2 554
1 770
3 616 3
3 437 146
2 549
3 5 261
1 137
1 280
3 369 296
3 233 154
2 834
3 157 218
3 264 13
2 445
3 48 18
1 758
3 636 83
3 767 59
3 40 94
3 427 42
3 377 69
3 333 245
1 100
2 758
3 759 158
1 60
3 643 171
2 60
3 233 326
3 319 265
1 347
3 263 22
1 464
3 841 162
2 280
3 184 91
2 748
1 414
1 352
2 844
3 619 293
3 96 331
2 352
3 29 279
2 621
2 528
1 420
3 345 258
1 248
1 504
1 622
2 464
1 646
3 180 274
3 571 52
2 420
3 439 14
1 17
3 140 170
3 11 294
3 33 85
3 630 39
2 248
2 207
3 702 238
3 708 175
3 330 163
3 188 325
1 556
3 11 148
1 496
3 800 223
2 556
1 191
3 505 19
1 786
3 15 65
3 299 295
3 42 207
3 735 114
3 499 210
1 211
1 246
3 244 221
3 831 271
3 725 245
3 346 14
2 309
3 763 43
3 13 75
3 427 323
2 17
2 191
1 639
3 378 242
3 309 317
3 339 177
3 787 133
2 639
3 178 239
3 587 201
3 264 174
1 438
3 114 232
1 238
3 569 143
3 52 75
3 752 146
3 416 26
3 728 108
3 809 204
3 767 173
3 209 14
1 219
1 457
3 616 199
3 353 83
2 457
3 28 320
3 131 152
3 205 169
3 447 350
3 289 205
3 80 142
3 755 258
3 126 336
2 622
3 171 239
3 551 60
2 246
3 55 191
3 555 19
3 657 348
1 519
3 33 173
3 739 10
3 448 284
3 611 51
1 117
1 678
1 685
1 583
3 459 151
3 423 170
2 100
2 438
2 504
3 557 314
1 778
2 496
3 409 290
1 247
1 619
1 252
2 770
1 271
2 583
3 13 213
3 816 302
3 735 266
3 830 111
3 175 238
2 414
3 692 231
3 365 193
3 408 245
3 124 175
2 238
3 47 104
1 106
2 271
3 22 52
3 781 15
1 342
3 213 121
1 33
3 93 193
3 204 38
1 19
2 247
1 35
2 137
3 93 161
3 789 259
3 814 25
2 786
3 517 341
1 224
1 662
3 339 199
1 776
3 520 110
1 75
3 288 253
1 647
1 733
1 220
3 61 266
1 579
1 684
3 726 288
1 412
1 510
2 219
1 832
2 33
3 789 124
2 117
3 629 98
2 106
2 19
1 531
3 377 48
2 684
2 685
2 733
3 97 207
1 415
1 802
3 154 268
3 240 170
2 678
2 35
3 546 8
1 764
3 754 299
3 319 211
1 130
3 468 269
3 340 103
1 407
1 684
1 34
2 662
3 422 5
1 153
2 647
1 76
2 130
3 116 92
3 293 144
3 310 117
2 684
1 512
3 811 51
3 766 59
3 716 41
2 519
3 126 248
1 5
3 205 322
3 641 73
3 87 281
1 304
2 75
1 591
3 503 64
3 424 102
3 151 305
2 220
3 564 113
3 681 348
3 814 80
2 764
1 737
3 360 208
1 704
1 487
3 461 38
2 778
1 423
3 356 64
1 520
2 776
3 45 78
3 187 183
2 832
3 473 205
1 48
1 391
2 5
3 427 241
3 119 5
3 414 220
3 757 156
3 568 234
1 363
1 546
2 153
3 184 309
3 725 246
1 42
2 211
1 289
1 691
3 61 18
1 672
3 404 147
1 101
3 298 159
3 143 207
3 399 202
3 282 200
2 415
3 475 29
3 624 142
2 531
3 549 100
3 108 80
1 734
2 737
3 323 228
3 117 41
1 279
3 533 43
1 563
1 495
1 718
3 169 159
1 22
1 760
2 279
2 563
3 229 117
2 42
2 619
3 564 135
1 842
3 116 293
3 606 291
1 527
1 62
2 512
3 393 281
2 22
3 794 35
1 790
3 689 156
3 427 38
3 824 216
3 740 49
1 411
3 568 249
1 505
3 311 238
1 375
1 449
2 375
3 607 264
3 359 2
3 30 87
3 276 17
2 546
3 810 345
3 104 24
2 391
3 624 6
1 491
2 704
3 285 336
3 654 245
3 166 193
2 252
1 374
1 282
3 461 175
3 785 350
3 314 38
1 127
1 147
3 707 294
3 741 298
2 579
2 374
3 580 311
1 740
3 824 210
1 538
2 224
3 515 229
1 297
3 768 203
3 77 30
2 790
3 525 334
3 108 109
1 560
3 61 115
1 607
2 672
2 510
3 494 150
2 48
2 560
3 754 175
2 412
1 1
3 478 107
3 412 123
3 535 110
1 148
3 206 7
3 471 102
3 346 200
2 148
1 537
1 668
1 12
