464
1 27
27 456
27 114
27 310
27 69
27 30
27 302
27 186
27 245
27 393
27 403
27 89
27 156
27 155
27 209
27 77
27 86
27 6
27 204
27 454
27 405
27 367
27 127
27 391
27 148
27 92
27 414
27 144
27 54
27 181
27 419
27 217
27 271
27 132
27 104
27 415
27 95
27 138
27 126
27 211
27 446
27 377
27 281
27 193
27 85
27 315
27 350
27 189
27 381
27 196
27 397
27 353
27 286
27 88
27 201
27 342
27 311
27 205
27 447
27 102
27 65
27 51
27 140
27 324
27 328
27 183
27 436
27 314
27 299
27 337
27 398
27 239
27 380
27 332
27 83
27 444
27 404
27 145
27 190
27 435
27 421
27 345
27 151
27 313
27 264
27 418
27 169
27 450
27 111
27 303
27 420
27 221
27 425
27 348
27 191
27 394
27 338
27 43
27 17
27 131
27 276
27 431
27 68
27 103
27 76
27 162
27 243
27 458
27 464
27 90
27 268
27 34
27 241
27 187
27 335
27 363
27 289
27 274
27 227
27 4
27 378
27 25
27 273
27 242
27 290
27 167
27 16
27 75
27 124
27 40
27 36
27 369
27 136
27 366
27 173
27 38
27 37
27 47
27 113
27 84
27 257
27 382
27 329
27 232
27 44
27 174
27 8
27 41
27 74
27 301
27 153
27 129
27 285
27 58
27 298
27 349
27 256
27 21
27 278
27 176
27 235
27 78
27 94
27 55
27 261
27 406
27 11
27 320
27 340
27 91
27 259
27 407
27 248
27 194
27 60
27 275
27 57
27 45
27 142
27 352
27 463
27 343
27 110
27 70
27 266
27 429
27 133
27 49
27 123
27 427
27 306
27 20
27 139
27 230
27 428
27 316
27 305
27 441
27 392
27 371
27 97
27 198
27 42
27 347
27 384
27 172
27 100
27 147
27 326
27 262
27 79
27 218
27 150
27 294
27 325
27 52
27 106
27 48
27 426
27 462
27 358
27 231
27 300
27 336
27 192
27 223
27 3
27 440
27 424
27 200
27 459
27 10
27 71
27 157
27 159
27 412
27 312
27 319
27 323
27 432
27 390
27 18
27 448
27 364
27 179
27 410
27 107
27 263
27 322
27 165
27 346
27 152
27 234
27 9
27 50
27 32
27 376
27 96
27 461
27 64
27 212
27 438
27 434
27 365
27 224
27 359
27 395
27 252
27 175
27 61
27 128
27 388
27 115
27 170
27 308
27 182
27 208
27 288
27 304
27 386
27 453
27 357
27 280
27 188
27 442
27 171
27 307
27 59
27 430
27 236
27 379
27 121
27 375
27 7
27 292
27 368
27 238
27 216
27 206
27 433
27 108
27 119
27 399
27 56
27 28
27 269
27 184
27 197
27 333
27 413
27 99
27 385
27 383
27 331
27 356
27 327
27 164
27 396
27 355
27 416
27 330
27 101
27 66
27 254
27 225
27 62
27 105
27 23
27 374
27 295
27 361
27 293
27 279
27 87
27 24
27 423
27 341
27 117
27 53
27 457
27 35
27 130
27 118
27 282
27 439
27 33
27 373
27 134
27 318
27 283
27 80
27 22
27 253
27 387
27 29
27 455
27 409
27 5
27 158
27 163
27 339
27 15
27 219
27 296
27 291
27 422
27 199
27 449
27 73
27 177
27 277
27 109
27 202
27 408
27 265
27 354
27 2
27 220
27 31
27 360
27 154
27 267
27 287
27 250
27 168
27 146
27 451
27 389
27 255
27 72
27 222
27 297
27 160
27 370
27 270
27 149
27 317
27 240
27 141
27 26
27 233
27 260
27 214
27 39
27 161
27 443
27 411
27 309
27 180
27 63
27 178
27 402
27 417
27 362
27 228
27 137
27 237
27 46
27 143
27 249
27 215
27 251
27 344
27 401
27 82
27 93
27 213
27 452
27 203
27 207
27 12
27 81
27 400
27 19
27 116
27 67
27 372
27 120
27 437
27 460
27 321
27 244
27 112
27 258
27 246
27 247
27 125
27 135
27 195
27 351
27 284
27 13
27 226
27 185
27 98
27 210
27 14
27 334
27 166
27 445
27 272
27 122
27 229
1000
3 342 352
3 251 247
3 210 318
3 380 114
1 359
3 73 277
2 359
1 87
3 451 163
3 212 197
3 451 74
2 87
3 229 69
3 402 105
3 206 218
3 320 304
3 279 100
3 31 242
3 181 46
3 355 254
3 190 106
3 464 267
3 288 19
1 170
3 277 132
3 419 267
2 170
3 207 250
3 77 24
3 187 42
3 260 67
3 241 222
3 273 314
3 449 314
3 349 180
3 355 246
1 395
3 250 180
3 170 93
3 444 234
3 344 323
3 323 93
3 110 181
3 411 251
1 184
3 167 53
3 4 16
2 184
2 395
1 321
3 63 114
3 242 37
3 279 61
3 335 229
3 4 258
3 257 66
3 457 216
3 173 1
3 152 92
3 97 197
3 171 60
3 275 23
3 162 324
3 437 30
3 222 101
3 309 24
3 300 310
3 431 56
1 200
3 187 81
3 35 121
2 321
3 273 284
3 321 281
3 338 224
1 322
3 225 175
3 113 139
1 188
3 331 124
3 365 247
3 308 98
3 300 203
3 80 135
3 461 67
3 394 9
3 95 321
3 385 90
2 188
3 63 140
3 300 130
1 31
1 108
3 133 315
1 301
3 339 149
3 144 358
2 322
2 108
1 115
3 248 198
3 280 246
3 464 292
3 455 18
3 137 237
3 136 35
1 32
1 321
2 31
3 356 12
3 448 209
3 145 34
3 419 151
3 41 127
3 411 112
1 432
3 74 148
3 344 49
2 200
1 114
3 174 132
3 104 352
3 168 97
3 99 171
3 53 53
2 301
3 335 255
3 101 278
3 170 99
3 341 344
3 441 105
3 302 82
3 398 76
3 27 58
3 358 75
2 115
3 353 148
3 235 277
1 39
3 287 207
3 409 88
3 329 225
3 387 75
3 252 326
3 349 86
3 216 91
3 31 283
3 111 281
3 205 78
3 323 193
3 19 267
3 445 110
3 143 207
3 209 45
3 322 253
3 145 263
3 322 187
1 296
3 179 249
3 205 217
3 103 8
3 157 234
1 203
3 435 134
3 42 217
3 369 57
3 438 72
3 362 326
3 127 210
1 301
3 127 298
3 238 34
3 171 177
3 285 271
1 43
3 418 198
3 162 20
3 289 49
3 111 44
3 282 208
1 209
1 316
3 460 98
3 13 285
3 260 246
3 70 100
2 316
1 7
3 299 320
3 152 241
3 29 167
3 278 179
3 324 207
3 456 197
3 306 207
1 199
3 436 279
3 110 263
3 264 245
2 203
3 368 234
3 373 224
3 110 0
3 16 100
2 39
3 16 157
3 149 58
3 365 177
3 375 294
3 457 78
1 382
3 223 28
3 271 140
3 97 93
3 359 319
3 81 355
3 327 179
3 275 291
3 151 265
3 358 72
3 327 223
2 199
1 51
3 282 155
3 191 4
3 337 110
3 94 13
3 34 11
3 452 94
3 329 83
3 455 142
3 384 128
1 369
3 193 135
3 45 219
3 247 329
3 228 11
3 294 97
1 134
3 213 191
3 14 206
1 287
3 434 326
3 399 319
2 382
3 184 203
1 1
3 109 120
3 78 97
3 252 317
2 7
3 383 237
2 1
1 293
3 255 146
3 93 212
3 15 312
1 130
3 138 127
3 38 219
1 322
2 114
2 293
3 374 246
3 56 52
3 274 137
3 278 160
3 169 123
3 355 33
3 270 271
3 446 165
3 120 139
3 186 213
1 386
2 321
3 317 258
3 379 259
3 74 178
3 138 237
3 55 77
3 267 57
3 18 297
3 152 206
3 292 94
3 10 129
3 53 52
1 258
3 190 119
3 263 352
3 437 35
3 47 336
3 282 310
3 182 76
3 415 241
1 268
3 440 212
1 110
3 374 77
3 348 101
3 93 104
3 449 42
1 253
3 450 134
2 369
3 11 270
3 127 130
3 372 259
3 293 216
3 183 13
3 213 226
3 229 175
3 138 274
1 172
3 454 195
2 386
3 4 315
3 406 283
3 194 292
3 105 66
3 163 318
3 142 129
3 161 153
3 199 44
3 76 158
1 47
3 452 190
3 9 167
3 233 312
3 72 107
3 143 184
2 253
3 308 224
3 299 264
3 207 352
3 456 113
3 395 90
3 433 352
2 287
2 268
3 234 97
3 293 137
3 21 218
3 35 178
2 258
1 453
3 258 347
3 62 26
3 38 328
3 342 102
3 111 161
2 134
3 448 20
3 291 72
3 297 142
3 163 344
3 171 141
3 429 229
3 417 14
3 103 290
3 53 250
3 214 157
3 418 328
3 431 346
3 220 315
2 32
2 322
3 228 208
3 433 185
3 33 126
1 70
2 70
3 233 160
3 382 259
3 122 65
3 194 254
3 254 297
3 31 33
3 180 263
3 147 87
3 27 272
3 352 46
3 288 293
3 49 181
3 8 152
3 101 44
3 289 100
3 34 191
3 452 37
3 57 282
3 437 18
3 90 352
2 301
3 210 246
3 430 80
3 31 43
2 209
3 88 328
3 366 43
3 87 17
3 443 308
3 336 187
3 313 244
3 25 329
3 228 158
3 433 107
3 240 299
3 105 218
1 248
3 24 336
1 17
2 43
2 453
3 221 322
2 172
3 320 54
3 154 241
3 198 87
3 459 323
3 108 202
3 143 337
3 118 358
3 197 44
2 110
3 363 9
2 51
3 184 92
3 387 239
3 234 106
1 441
3 445 319
3 106 76
3 18 257
3 302 237
3 197 277
1 362
3 32 132
3 228 60
3 63 101
1 453
2 362
3 142 216
3 64 275
1 315
3 305 4
3 134 216
3 318 288
3 355 35
3 291 242
3 353 195
3 8 107
3 64 350
3 57 38
3 342 52
2 47
3 12 206
2 248
1 363
3 354 35
3 266 117
3 86 200
3 232 148
3 336 304
3 147 58
3 100 229
3 262 134
1 243
3 173 82
3 6 238
3 316 163
3 313 357
2 243
3 401 349
3 368 47
3 221 205
3 9 118
3 298 39
3 19 1
3 346 83
1 35
3 422 31
1 313
3 91 313
3 452 226
3 437 211
1 275
1 124
1 239
3 446 288
2 35
1 73
3 321 44
3 190 251
3 393 64
1 54
3 307 151
3 219 96
3 389 335
3 361 189
3 141 146
3 79 291
1 462
3 88 346
1 57
3 377 326
3 464 45
3 146 287
3 113 325
1 245
3 109 98
3 287 63
3 103 135
3 461 104
3 451 66
1 68
3 260 116
3 353 208
3 242 221
3 455 221
3 322 207
1 42
3 52 125
3 50 197
3 59 1
3 291 53
2 57
3 13 135
3 175 99
3 118 132
3 217 123
2 462
2 275
3 236 195
3 88 83
3 72 169
3 59 186
3 186 38
3 276 4
3 391 172
3 142 198
3 409 52
3 48 21
3 116 7
3 5 355
3 415 90
1 236
3 396 144
3 207 90
3 93 127
3 30 195
3 335 267
3 458 103
3 59 45
3 140 293
3 241 152
1 434
3 30 288
3 4 87
3 365 291
3 92 20
1 162
3 302 299
1 39
3 427 308
3 80 227
3 419 234
3 88 336
2 245
3 264 159
3 347 41
3 149 124
2 239
3 451 67
2 130
3 28 2
3 356 32
3 264 300
3 333 96
3 91 30
3 203 231
3 332 83
3 356 298
3 460 39
1 264
3 125 250
3 424 192
3 216 281
3 148 83
3 188 193
3 139 94
3 230 145
2 162
3 347 333
2 315
2 434
3 7 282
2 236
3 285 213
3 216 28
3 447 225
3 218 317
3 141 313
3 189 322
1 15
2 441
3 220 347
3 318 351
3 99 142
3 21 211
1 150
3 421 127
3 318 55
3 443 192
3 302 116
3 167 184
3 95 216
1 241
2 150
3 163 201
3 24 61
3 88 35
1 298
1 220
1 247
3 331 275
3 25 179
3 139 11
3 302 47
3 416 278
3 186 161
3 155 240
3 293 2
3 280 240
1 189
3 328 227
3 413 257
3 338 64
1 27
3 306 20
3 377 42
3 28 28
3 446 206
3 111 129
3 84 305
3 365 71
3 293 177
3 23 44
1 186
3 34 129
3 244 11
3 19 178
3 426 239
3 394 270
3 194 359
2 42
1 308
3 40 49
1 48
3 318 103
3 116 314
3 310 149
3 232 184
3 163 185
3 231 229
3 381 21
3 16 359
2 48
1 8
3 216 197
3 132 84
2 54
3 108 17
2 73
2 453
3 262 232
3 160 229
3 195 153
3 51 44
3 168 110
1 463
3 369 69
3 333 118
3 170 60
3 97 144
3 447 31
3 415 302
3 352 89
3 433 219
3 447 205
3 147 305
3 152 204
3 268 208
3 185 277
3 292 103
3 438 11
3 246 188
3 190 218
3 72 348
1 37
3 102 298
2 220
3 461 175
3 89 194
3 293 77
3 182 263
3 187 355
3 284 247
3 256 271
3 188 13
3 305 115
3 66 258
3 105 89
3 2 159
3 396 178
3 309 281
3 63 182
2 15
2 432
3 375 282
2 189
3 321 329
3 391 138
3 25 67
3 372 255
3 171 63
3 430 272
3 261 23
3 304 187
3 101 102
3 349 339
3 413 180
3 339 17
3 9 321
3 196 168
1 373
2 308
1 135
3 219 118
3 248 232
3 374 71
3 210 281
3 88 100
3 432 80
3 421 248
3 36 201
2 313
3 287 278
3 44 22
3 88 280
3 149 249
3 103 219
3 386 267
3 439 13
3 145 140
3 406 320
3 234 77
3 83 253
3 85 270
2 298
3 102 324
3 121 273
3 445 88
3 119 312
3 172 73
1 282
3 244 260
3 330 71
3 255 299
3 335 130
1 331
3 56 74
3 375 0
1 367
3 213 26
3 31 158
3 58 286
3 171 241
3 141 79
2 282
3 279 325
2 135
3 114 42
3 269 130
3 109 276
3 259 241
3 461 166
3 42 81
3 109 232
3 4 16
1 339
3 36 247
3 132 351
3 21 297
2 241
3 360 216
2 8
3 2 318
3 309 281
3 420 190
1 405
3 14 357
1 26
3 300 121
3 203 344
3 444 98
2 68
1 7
2 405
2 373
3 445 223
3 159 258
2 367
3 113 40
2 247
3 283 11
2 7
3 325 207
2 331
3 276 180
2 27
3 156 284
3 150 148
1 298
3 147 168
3 266 267
3 381 287
3 223 144
3 425 102
3 434 219
3 371 185
2 39
3 181 199
3 233 275
3 455 210
3 231 64
3 67 60
3 24 277
3 117 210
3 235 269
3 285 179
1 443
3 205 237
3 221 31
3 391 254
3 420 152
3 249 212
1 460
3 332 187
3 383 37
3 350 20
3 146 235
3 236 252
3 92 298
3 407 233
3 109 114
3 134 340
3 46 352
3 319 133
3 13 162
3 56 18
3 464 330
3 404 320
3 280 12
3 370 109
3 196 34
2 363
3 304 296
3 428 36
3 364 138
3 381 271
3 299 312
2 124
3 168 121
3 368 103
3 268 10
3 212 63
3 257 56
3 371 43
1 67
1 28
3 353 36
3 444 222
3 137 177
3 235 345
3 62 36
1 271
3 138 60
1 181
3 204 85
3 262 196
3 198 317
3 130 309
1 16
2 17
3 241 40
3 132 73
3 421 26
1 321
1 453
3 442 318
3 19 10
3 140 63
3 6 147
1 11
3 30 65
1 172
1 358
3 422 113
1 382
3 169 237
3 183 98
3 396 266
3 240 199
3 444 121
3 319 90
3 79 95
3 17 218
3 233 224
3 387 250
2 298
3 378 142
3 263 98
2 172
3 100 323
3 164 34
3 145 150
2 339
3 106 56
3 370 142
3 403 80
2 321
3 1 287
3 440 104
3 92 72
1 6
3 214 342
3 62 221
1 85
3 137 54
3 98 1
3 346 41
3 280 308
1 180
3 294 278
3 105 334
2 11
3 308 356
3 39 98
3 40 348
3 385 231
3 263 95
1 112
2 26
3 148 52
3 348 214
3 141 336
2 181
3 53 148
3 175 317
2 271
3 360 298
3 265 1
3 33 111
3 330 145
3 11 268
3 151 134
3 405 336
2 112
3 281 284
3 455 269
3 125 269
3 190 39
3 188 107
3 225 82
3 233 223
3 74 28
3 404 227
3 126 144
3 440 286
3 53 101
1 305
3 350 160
3 93 357
3 362 203
3 152 254
3 49 358
3 134 173
3 260 112
3 53 177
3 133 48
3 262 158
3 262 118
3 104 7
3 245 244
3 247 132
2 16
1 246
3 159 233
3 450 196
3 35 15
2 6
