845
1 498
498 757
757 281
281 149
149 56
56 654
654 785
785 113
113 662
662 194
194 35
35 359
359 348
348 518
518 404
404 554
554 268
268 592
592 345
345 429
429 804
804 631
631 762
762 457
457 715
715 236
236 165
165 753
753 543
543 408
408 173
173 685
685 369
369 328
328 700
700 202
202 150
150 58
58 372
372 531
531 438
438 510
510 660
660 605
605 115
115 16
16 425
425 707
707 516
516 812
812 445
445 427
427 816
816 477
477 613
613 719
719 164
164 456
456 71
71 336
336 536
536 590
590 170
170 669
669 730
730 318
318 66
66 221
221 646
646 759
759 120
120 576
576 615
615 447
447 62
62 276
276 727
727 384
384 694
694 17
17 195
195 261
261 459
459 775
775 656
656 257
257 495
495 110
110 325
325 233
233 357
357 320
320 779
779 391
391 103
103 141
141 291
291 249
249 364
364 778
778 832
832 797
797 580
580 696
696 808
808 326
326 352
352 128
128 564
564 463
463 112
112 537
537 437
437 479
479 273
273 415
415 148
148 349
349 260
260 54
54 319
319 108
108 539
539 831
831 127
127 841
841 396
396 781
781 499
499 699
699 370
370 253
253 294
294 577
577 736
736 817
817 515
515 465
465 442
442 722
722 834
834 505
505 350
350 48
48 563
563 468
468 718
718 92
92 790
790 691
691 11
11 676
676 360
360 193
193 45
45 385
385 647
647 61
61 582
582 163
163 26
26 334
334 277
277 792
792 373
373 312
312 307
307 782
782 208
208 490
490 14
14 93
93 169
169 749
749 218
218 317
317 434
434 182
182 566
566 633
633 293
293 223
223 91
91 635
635 621
621 278
278 25
25 547
547 661
661 156
156 803
803 12
12 651
651 43
43 455
455 21
21 611
611 491
491 464
464 424
424 795
795 587
587 784
784 135
135 768
768 119
119 822
822 290
290 34
34 743
743 174
174 168
168 493
493 474
474 728
728 735
735 51
51 640
640 623
623 390
390 449
449 306
306 713
713 416
416 32
32 729
729 380
380 335
335 428
428 330
330 470
470 460
460 520
520 433
433 448
448 123
123 475
475 144
144 586
586 450
450 140
140 815
815 530
530 774
774 73
73 269
269 346
346 524
524 192
192 342
342 243
243 331
331 458
458 264
264 10
10 284
284 426
426 570
570 683
683 521
521 650
650 788
788 262
262 734
734 684
684 214
214 200
200 507
507 783
783 176
176 655
655 645
645 627
627 107
107 838
838 259
259 626
626 544
544 289
289 377
377 180
180 314
314 353
353 267
267 171
171 692
692 517
517 667
667 794
794 549
549 65
65 673
673 365
365 285
285 675
675 4
4 482
482 304
304 565
565 308
308 610
610 666
666 444
444 473
473 418
418 801
801 347
347 147
147 263
263 175
175 222
222 760
760 100
100 88
88 215
215 591
591 31
31 172
172 754
754 49
49 835
835 809
809 687
687 316
316 183
183 540
540 78
78 361
361 379
379 60
60 553
553 557
557 337
337 309
309 738
738 559
559 624
624 229
229 671
671 124
124 686
686 47
47 546
546 201
201 772
772 270
270 698
698 245
245 821
821 484
484 258
258 38
38 322
322 701
701 256
256 81
81 386
386 695
695 414
414 552
552 618
618 247
247 333
333 151
151 509
509 532
532 602
602 657
657 511
511 287
287 519
519 436
436 720
720 508
508 244
244 30
30 469
469 84
84 139
139 251
251 209
209 572
572 18
18 630
630 186
186 246
246 394
394 239
239 302
302 190
190 95
95 706
706 726
726 389
389 432
432 400
400 327
327 301
301 393
393 750
750 36
36 104
104 255
255 351
351 142
142 20
20 568
568 751
751 486
486 211
211 765
765 571
571 137
137 828
828 87
87 227
227 506
506 578
578 717
717 453
453 573
573 690
690 323
323 280
280 116
116 64
64 177
177 746
746 83
83 376
376 526
526 793
793 324
324 2
2 237
237 514
514 485
485 502
502 599
599 747
747 235
235 40
40 598
598 114
114 711
711 76
76 362
362 160
160 430
430 210
210 344
344 420
420 807
807 50
50 67
67 652
652 204
204 271
271 680
680 313
313 818
818 604
604 488
488 157
157 739
739 441
441 358
358 152
152 740
740 366
366 461
461 533
533 721
721 773
773 158
158 829
829 52
52 440
440 98
98 96
96 371
371 642
642 522
522 767
767 844
844 839
839 791
791 503
503 413
413 588
588 643
643 742
742 188
188 593
593 24
24 205
205 653
653 786
786 398
398 496
496 161
161 451
451 423
423 561
561 704
704 298
298 466
466 367
367 122
122 181
181 538
538 787
787 824
824 292
292 500
500 558
558 381
381 710
710 102
102 22
22 57
57 551
551 550
550 732
732 387
387 842
842 339
339 810
810 68
68 679
679 228
228 23
23 625
625 225
225 800
800 75
75 356
356 82
82 422
422 529
529 203
203 708
708 584
584 802
802 125
125 826
826 105
105 99
99 410
410 467
467 42
42 216
216 480
480 796
796 638
638 614
614 111
111 109
109 77
77 833
833 405
405 534
534 7
7 840
840 207
207 472
472 340
340 55
55 612
612 431
431 206
206 454
454 184
184 27
27 155
155 179
179 407
407 143
143 836
836 737
737 609
609 813
813 678
678 616
616 512
512 603
603 527
527 659
659 392
392 709
709 658
658 145
145 776
776 133
133 101
101 230
230 622
622 130
130 596
596 383
383 231
231 411
411 535
535 703
703 375
375 199
199 8
8 714
714 579
579 608
608 724
724 240
240 589
589 716
716 232
232 213
213 501
501 417
417 388
388 85
85 412
412 338
338 481
481 825
825 3
3 770
770 545
545 439
439 286
286 310
310 600
600 382
382 634
634 13
13 321
321 663
663 733
733 723
723 771
771 548
548 697
697 226
226 282
282 497
497 212
212 399
399 274
274 487
487 799
799 560
560 763
763 843
843 191
191 250
250 712
712 53
53 409
409 136
136 606
606 117
117 705
705 674
674 648
648 198
198 632
632 185
185 397
397 118
118 702
702 601
601 492
492 489
489 121
121 814
814 443
443 628
628 446
446 295
295 154
154 283
283 311
311 90
90 39
39 296
296 29
29 354
354 672
672 607
607 242
242 494
494 629
629 378
378 341
341 585
585 343
343 665
665 756
756 363
363 94
94 266
266 513
513 303
303 693
693 395
395 811
811 769
769 126
126 766
766 254
254 279
279 595
595 89
89 806
806 368
368 167
167 37
37 764
764 780
780 106
106 845
845 761
761 80
80 19
19 748
748 525
525 196
196 668
668 329
329 677
677 619
619 755
755 74
74 97
97 131
131 682
682 297
297 670
670 504
504 641
641 636
636 33
33 72
72 555
555 189
189 138
138 478
478 153
153 649
649 238
238 374
374 820
820 315
315 823
823 798
798 28
28 300
300 745
745 401
401 288
288 725
725 79
79 421
421 86
86 462
462 639
639 46
46 597
597 9
9 731
731 63
63 217
217 523
523 219
219 166
166 159
159 248
248 197
197 59
59 556
556 44
44 567
567 402
402 134
134 689
689 583
583 252
252 581
581 224
224 644
644 162
162 758
758 483
483 830
830 41
41 6
6 569
569 146
146 305
305 542
542 275
275 406
406 178
178 241
241 617
617 528
528 332
332 574
574 272
272 805
805 234
234 744
744 299
299 355
355 220
220 419
419 452
452 5
5 752
752 827
827 594
594 132
132 69
69 681
681 187
187 15
15 575
575 637
637 819
819 741
741 789
789 476
476 265
265 435
435 620
620 664
664 129
129 562
562 70
70 541
541 403
403 688
688 471
471 837
837 777
1000
3 532 99
1 185
3 719 245
2 185
1 465
1 439
2 439
2 465
3 167 66
1 511
3 125 119
2 511
3 499 35
3 270 297
3 717 167
3 811 113
1 495
3 459 100
1 66
3 23 232
3 486 47
2 495
3 689 234
1 640
1 359
3 38 337
2 66
2 359
2 640
1 772
3 843 84
1 268
1 537
3 436 137
3 427 312
1 478
3 763 355
1 844
3 557 87
3 722 138
2 268
3 417 129
1 8
2 844
3 535 19
3 576 279
2 537
3 758 38
2 8
3 459 26
1 332
1 439
3 612 344
3 373 233
3 23 341
1 492
3 668 253
1 130
3 579 83
3 11 35
3 709 121
3 324 50
3 310 358
3 185 328
3 473 91
1 760
3 313 65
2 760
3 132 170
3 400 55
2 478
1 731
2 332
2 772
3 473 358
3 263 276
3 189 4
3 560 180
1 836
3 778 158
3 801 127
3 194 215
1 233
2 492
2 233
3 61 274
1 702
3 74 46
2 439
1 315
3 333 174
3 222 292
3 251 23
3 693 5
3 736 90
3 379 106
1 450
1 379
3 517 59
1 768
2 731
1 643
3 1 209
3 736 284
3 46 349
2 768
3 641 301
3 349 135
3 106 217
3 618 174
2 450
1 839
2 130
3 96 111
2 839
3 792 301
2 702
1 650
1 202
1 482
3 676 125
3 376 3
3 440 104
1 467
2 650
1 382
2 379
2 482
1 730
3 254 103
3 362 197
2 315
2 382
3 543 201
1 64
3 127 178
1 80
3 337 85
3 749 206
1 394
3 369 287
2 64
3 66 92
2 836
3 431 206
2 80
3 487 172
3 112 112
3 647 248
3 733 282
3 235 11
1 140
2 467
1 537
3 192 87
3 31 71
1 268
3 667 262
2 268
2 394
1 318
3 729 113
1 194
2 318
1 204
2 202
3 131 138
2 204
1 2
2 194
1 593
1 351
2 537
2 643
3 112 0
1 132
3 237 216
1 579
1 410
3 30 281
3 160 10
2 410
2 2
1 813
2 593
2 140
3 726 193
2 579
3 44 84
3 646 3
2 730
2 351
1 265
2 132
3 200 173
1 82
3 44 285
1 646
1 260
3 222 317
3 595 174
1 301
2 646
3 1 94
1 360
1 467
3 280 167
3 88 106
1 226
3 276 321
1 578
1 800
2 578
3 727 23
2 226
3 190 44
3 264 123
1 357
2 265
3 182 2
2 360
3 507 88
2 82
3 271 152
1 24
1 509
3 785 26
3 477 226
2 813
2 800
2 509
3 321 230
2 260
2 357
2 467
2 24
3 804 101
1 78
1 836
3 317 326
3 766 342
1 286
3 214 128
1 362
1 394
3 204 261
2 836
1 606
2 78
1 41
3 63 298
3 45 83
2 41
3 650 260
2 394
2 362
3 139 70
3 664 263
2 606
3 222 96
1 291
3 443 109
3 54 112
2 286
1 124
3 381 355
2 301
3 431 102
2 291
1 506
3 111 140
3 203 278
1 567
3 407 192
3 469 327
3 180 126
3 806 49
1 807
2 807
3 440 354
1 136
3 253 161
3 453 133
3 306 93
2 124
3 518 203
3 804 359
3 362 249
2 567
1 496
1 656
1 633
1 823
1 173
2 823
2 506
1 377
1 430
2 633
3 671 135
3 800 357
3 304 14
3 399 154
3 101 35
1 616
3 414 280
3 670 49
1 670
2 616
3 529 358
2 377
2 173
3 24 97
3 397 119
3 557 33
3 9 54
3 426 210
2 656
2 670
1 84
2 136
3 774 342
2 430
1 541
1 245
3 608 322
1 786
1 825
2 496
2 541
3 152 8
3 601 299
2 84
3 619 289
3 541 18
3 477 68
1 666
3 172 142
3 401 180
3 266 335
1 35
3 294 266
3 289 353
3 473 344
1 497
1 559
3 546 316
3 110 98
1 415
2 666
1 691
1 475
1 485
1 843
2 415
1 675
3 690 321
3 197 212
2 691
2 675
3 373 106
1 706
1 581
3 543 310
3 353 255
2 35
2 706
1 419
3 93 200
3 611 38
3 467 326
3 521 297
3 702 328
1 29
2 245
3 735 44
3 768 43
2 419
1 526
3 189 157
1 191
3 38 3
3 103 108
3 303 340
3 394 191
3 279 58
3 565 76
1 333
3 751 280
2 581
3 576 260
3 136 330
2 333
2 559
2 825
1 453
3 259 138
3 359 125
2 29
2 786
2 453
3 827 240
3 462 344
1 389
2 843
3 390 335
2 497
2 526
2 485
3 562 243
3 513 288
3 326 69
3 452 213
3 506 289
3 180 328
1 554
2 389
2 475
3 694 245
3 15 299
3 329 149
1 552
2 552
2 191
1 97
1 275
2 97
1 779
2 554
3 100 17
3 116 131
3 584 164
3 752 249
3 781 298
3 109 129
3 729 348
3 808 1
2 275
1 111
2 111
3 572 41
3 694 142
3 56 140
1 616
3 40 237
3 280 352
3 404 306
3 354 96
1 549
3 15 290
1 456
2 779
3 675 223
1 41
1 69
1 336
3 348 202
3 55 19
1 209
2 209
2 69
2 616
2 549
3 186 69
3 4 224
1 148
3 188 342
1 250
1 406
1 96
3 498 252
2 250
1 742
2 336
2 742
1 603
1 278
2 41
2 278
3 834 354
1 296
1 642
1 813
3 266 72
3 517 15
3 535 67
2 813
3 700 232
3 426 70
2 603
3 497 10
1 198
1 783
1 399
2 456
3 581 150
3 219 287
3 74 244
2 642
2 783
3 100 46
1 525
1 510
3 359 208
3 601 195
3 789 243
3 534 193
3 555 42
2 148
3 302 144
3 150 62
1 77
2 510
3 591 15
3 465 78
3 9 343
3 605 69
2 77
3 565 356
3 509 219
1 194
3 337 354
2 406
3 497 196
1 574
1 725
3 60 251
2 296
1 644
3 408 252
3 78 56
3 628 224
3 553 226
2 399
2 194
3 142 126
3 668 68
1 439
3 575 152
2 198
2 525
2 725
1 685
3 390 203
3 468 61
1 138
2 138
1 7
3 295 45
1 499
1 532
3 225 109
3 81 358
1 751
3 681 20
3 27 243
3 4 357
1 501
3 635 305
3 189 277
3 323 128
1 342
3 115 186
3 831 184
3 291 303
3 121 62
3 563 155
2 499
1 49
2 7
3 276 37
2 644
1 16
3 510 260
2 574
1 226
2 342
3 474 16
3 152 185
1 507
3 814 163
1 626
3 253 263
2 49
1 757
3 425 264
3 650 269
3 789 329
3 805 49
3 449 281
2 757
3 642 352
3 611 126
3 641 63
3 615 93
1 10
2 532
3 228 172
2 501
3 404 241
3 127 124
3 370 87
1 53
1 471
1 309
1 792
3 91 135
1 115
2 626
1 21
3 193 238
3 131 303
2 471
3 287 163
2 21
2 53
2 10
3 628 221
3 422 138
3 662 336
3 601 119
1 641
2 792
2 115
2 685
1 819
3 14 290
2 641
1 481
2 16
3 720 288
3 478 11
2 819
3 336 188
1 313
3 360 23
3 396 226
3 286 70
3 425 124
1 293
3 213 57
3 662 175
2 313
2 439
1 157
2 309
2 507
1 666
3 303 250
3 577 321
3 147 299
3 774 80
2 96
1 559
1 252
1 10
1 575
1 28
2 559
3 414 331
2 481
1 806
2 575
2 28
1 336
3 533 44
1 411
3 258 216
1 55
1 266
1 415
1 182
3 368 23
1 463
1 517
2 55
2 10
3 536 55
1 465
1 228
1 74
3 535 65
2 228
1 469
3 331 339
2 74
3 316 12
3 798 62
1 615
3 176 97
3 150 146
3 257 300
3 219 144
3 294 22
3 774 283
3 639 288
2 751
1 659
1 798
3 32 160
2 266
1 747
3 168 222
2 411
3 828 160
3 289 78
1 778
2 182
2 517
2 798
2 463
3 76 335
1 309
2 666
3 580 3
2 415
1 665
3 230 276
3 43 107
1 162
3 495 197
1 212
3 816 130
1 599
3 811 26
3 652 146
1 829
3 331 82
3 65 33
3 235 114
3 681 105
3 776 62
3 122 41
1 687
3 530 308
2 157
2 747
2 252
3 264 170
1 21
3 182 230
2 336
1 750
3 449 16
2 21
3 573 149
2 162
2 615
2 309
3 490 171
1 812
2 469
1 59
2 778
3 746 228
3 114 261
2 687
1 687
2 806
3 235 7
2 599
1 254
1 185
3 417 34
3 332 309
3 76 150
3 137 120
1 258
1 519
3 84 323
3 663 149
2 59
3 396 291
3 643 275
3 7 271
3 839 163
3 142 71
3 222 42
3 50 251
3 321 185
3 524 86
3 44 356
2 519
1 208
2 212
2 258
3 447 19
1 309
3 647 353
3 259 320
3 241 95
3 719 331
2 812
3 488 157
3 523 109
1 386
1 98
1 445
3 36 62
1 528
1 771
1 775
3 647 262
2 386
2 465
3 697 118
3 616 31
3 65 264
3 232 152
1 690
3 442 122
1 63
3 359 75
1 112
3 763 288
1 682
2 771
3 426 319
2 775
3 480 216
1 738
2 63
3 178 314
2 687
3 325 317
1 260
3 808 290
3 526 230
3 436 237
1 779
3 565 247
3 718 114
2 309
3 764 327
1 583
3 225 176
2 254
3 708 95
2 682
3 287 212
1 46
1 301
2 98
1 101
2 750
3 464 248
3 381 143
2 112
3 151 164
2 260
3 273 32
3 240 213
3 496 74
3 119 342
1 289
1 324
3 409 126
2 324
2 583
1 215
2 738
3 107 37
2 690
2 215
2 445
3 569 128
1 300
3 683 291
2 301
2 829
3 266 52
1 519
3 588 222
3 39 129
2 289
3 402 294
3 500 194
3 628 112
3 542 347
1 108
2 101
3 34 306
3 334 32
1 808
3 696 90
1 574
2 519
3 827 325
3 842 192
2 46
1 386
1 216
3 545 226
3 836 110
1 803
2 779
3 258 30
2 208
2 386
3 844 71
2 108
2 185
3 37 74
1 815
2 528
3 83 283
1 176
3 52 345
3 450 349
2 574
1 611
1 829
2 659
3 210 269
3 48 359
3 565 283
1 470
1 594
2 808
2 803
2 594
1 199
1 205
3 109 24
3 200 310
1 447
1 120
1 185
1 255
3 780 15
3 723 174
2 293
2 176
1 579
2 829
3 640 351
1 552
3 725 128
2 815
1 96
3 439 6
1 841
1 498
1 373
1 346
2 470
3 381 334
2 665
3 556 236
3 381 8
3 277 104
3 333 183
1 778
3 433 18
3 343 116
2 255
3 22 49
3 448 295
1 159
2 159
2 205
3 747 190
2 841
1 141
3 139 265
2 579
1 555
3 258 23
2 120
3 725 60
2 346
1 341
3 176 202
3 609 308
1 638
2 300
3 730 223
1 291
1 733
1 761
3 845 121
1 138
3 570 49
3 192 40
3 238 58
2 226
3 204 20
2 291
3 725 258
3 717 64
1 825
2 638
3 831 274
2 733
2 141
2 216
3 455 49
3 500 250
2 373
1 804
