1000 1000
0 0 0 0 0 0 0 0 0 0 0 0 0 0 0 0 0 0 0 0 0 0 0 0 0 0 0 0 0 0 0 0 0 0 0 0 0 0 0 0 0 0 0 0 0 0 0 0 0 0 0 0 0 0 0 0 0 0 0 0 0 0 0 0 0 0 0 0 0 0 0 0 0 0 0 0 0 0 0 0 0 0 0 0 0 0 0 0 0 0 0 0 0 0 0 0 0 0 0 0 0 0 0 0 0 0 0 0 0 0 0 0 0 0 0 0 0 0 0 0 0 0 0 0 0 0 0 0 0 0 0 0 0 0 0 0 0 0 0 0 0 0 0 0 0 0 0 0 0 0 0 0 0 0 0 0 0 0 0 0 0 0 0 0 0 0 0 0 0 0 0 0 0 0 0 0 0 0 0 0 0 0 0 0 0 0 0 0 0 0 0 0 0 0 0 0 0 0 0 0 0 0 0 0 0 0 0 0 0 0 0 0 0 0 0 0 0 0 0 0 0 0 0 0 0 0 0 0 0 0 0 0 0 0 0 0 0 0 0 0 0 0 0 0 0 0 0 0 0 0 0 0 0 0 0 0 0 0 0 0 0 0 0 0 0 0 0 0 0 0 0 0 0 0 0 0 0 0 0 0 0 0 0 0 0 0 0 0 0 0 0 0 0 0 0 0 0 0 0 0 0 0 0 0 0 0 0 0 0 0 0 0 0 0 0 0 0 0 0 0 0 0 0 0 0 0 0 0 0 0 0 0 0 0 0 0 0 0 0 0 0 0 0 0 0 0 0 0 0 0 0 0 0 0 0 0 0 0 0 0 0 0 0 0 0 0 0 0 0 0 0 0 0 0 0 0 0 0 0 0 0 0 0 0 0 0 0 0 0 0 0 0 0 0 0 0 0 0 0 0 0 0 0 0 0 0 0 0 0 0 0 0 0 0 0 0 0 0 0 0 0 0 0 0 0 0 0 0 0 0 0 0 0 0 0 0 0 0 0 0 0 0 0 0 0 0 0 0 0 0 0 0 0 0 0 0 0 0 0 0 0 0 0 0 0 0 0 0 0 0 0 0 0 0 0 0 0 0 0 0 0 0 0 0 0 0 0 0 0 0 0 0 0 0 0 0 0 0 0 0 0 0 0 0 0 0 0 0 0 0 0 0 0 0 0 0 0 0 0 0 0 0 0 0 0 0 0 0 0 0 0 0 0 0 0 0 0 0 0 0 0 0 0 0 0 0 0 0 0 0 0 0 0 0 0 0 0 0 0 0 0 0 0 0 0 0 0 0 0 0 0 0 0 0 0 0 0 0 0 0 0 0 0 0 0 0 0 0 0 0 0 0 0 0 0 0 0 0 0 0 0 0 0 0 0 0 0 0 0 0 0 0 0 0 0 0 0 0 0 0 0 0 0 0 0 0 0 0 0 0 0 0 0 0 0 0 0 0 0 0 0 0 0 0 0 0 0 0 0 0 0 0 0 0 0 0 0 0 0 0 0 0 0 0 0 0 0 0 0 0 0 0 0 0 0 0 0 0 0 0 0 0 0 0 0 0 0 0 0 0 0 0 0 0 0 0 0 0 0 0 0 0 0 0 0 0 0 0 0 0 0 0 0 0 0 0 0 0 0 0 0 0 0 0 0 0 0 0 0 0 0 0 0 0 0 0 0 0 0 0 0 0 0 0 0 0 0 0 0 0 0 0 0 0 0 0 0 0 0 0 0 0 0 0 0 0 0 0 0 0 0 0 0 0 0 0 0 0 0 0 0 0 0 0 0 0 0 0 0 0 0 0 0 0 0 0 0 0 0 0 0 0 0 0 0 0 0 0 0 0 0 0 0 0 0 0 0 0 0 0 0 0 0 0 0 0 0 0 0 0 0 0 0 0 0 0 0 0 0 0 0 0 0 0 0 0 0 0 0 0 0 0 0 0 0 0 0 0 0 0 0 0 0 0 0 0 0 0 0 0 0 0 0 0 0 0 0 0 0 0 0 0 0 0 0 0 0 0 0 0 0 0 0 0 0 0 0 0 0 0 0 0 0 0 0 0 0 0 0 0 0 0 0 0 0 0 0 0 0 0 0 0 0 0 0 0 0 0 0 0 0 0 0 0 0 0 0 0 0 0 0 0 0 0 0 0 0 0 0 0 0 0 0 0 0 0 0 0 0 0 0 0 0 0 0 0 0 0 0 0 0 0 0 0 0 0 0 0 0 0 0 0 0 0 0 0 0 0 0 0 0 0 0 0 0 0 0 0 0 0
726 840 10
688 713 19
997 998 -1
171 875 44
875 889 -8
325 381 -7
702 981 280
288 785 209
905 951 43
971 975 -2
794 822 -9
994 997 2
641 827 168
611 713 -1
187 542 -54
917 994 24
386 696 91
41 983 -94
3 258 249
95 441 343
86 929 379
450 974 294
165 497 64
892 899 -4
89 905 768
491 947 -328
202 691 321
694 751 -45
766 937 113
233 390 -123
628 680 26
694 784 -65
340 476 68
691 753 -14
559 788 94
268 850 -206
662 958 136
853 854 1
247 970 -521
396 651 -9
688 730 -34
553 614 -31
219 535 228
159 262 -34
529 882 -109
549 937 -238
101 141 20
71 112 -27
281 534 189
673 783 -51
586 754 108
328 557 -9
240 593 294
737 894 4
788 821 -6
429 943 -285
522 654 -97
396 429 -29
831 948 118
690 848 28
290 966 -178
843 931 58
574 923 -252
652 925 -44
734 819 30
385 585 14
782 943 142
324 983 -360
393 631 -75
195 650 318
856 965 36
939 991 -41
499 525 9
41 619 -359
106 484 -238
86 619 -472
496 984 -381
199 837 350
225 537 -290
375 751 305
828 846 -18
251 789 136
229 241 0
48 510 -277
143 426 -100
361 488 -52
895 948 31
197 424 -155
496 935 109
264 444 -178
167 464 -27
798 877 28
718 922 -102
75 121 -46
316 967 315
780 923 78
514 665 146
587 905 -255
24 535 210
897 965 -59
223 853 -449
57 820 659
869 888 -17
801 997 -16
675 777 -74
740 878 -90
906 945 29
132 519 -105
840 934 -44
83 553 459
763 829 -2
173 902 188
433 866 -247
703 798 -75
254 453 -189
641 693 -2
815 934 49
984 995 11
5 211 -82
179 514 -246
712 953 78
388 767 -258
336 950 597
379 609 192
149 821 -488
184 548 365
869 912 -7
968 978 6
185 260 6
384 888 -490
725 925 -177
628 797 119
110 268 104
666 990 -33
562 905 255
258 963 367
405 555 -133
462 717 -133
853 888 11
28 828 -658
468 922 -365
915 941 5
546 715 -30
557 983 -242
751 793 26
879 911 -22
719 739 3
368 433 11
533 649 17
367 850 426
791 792 2
617 826 -57
455 585 111
234 541 -175
502 666 71
754 927 18
700 708 6
155 260 -101
62 969 -295
568 844 269
313 694 87
481 983 374
602 904 -237
658 919 57
789 954 -84
2 710 548
240 368 -114
688 799 72
539 892 297
351 839 -36
264 878 -255
794 980 33
213 405 151
42 160 19
634 1000 -246
982 994 -1
312 555 -242
18 517 329
58 571 -399
890 922 31
292 816 75
722 839 98
17 278 171
892 938 -23
888 928 32
115 762 99
468 769 -130
345 358 -10
374 415 33
265 580 -177
377 916 217
199 596 -82
174 483 54
844 920 49
592 606 8
577 806 -135
424 844 126
322 894 -302
28 269 -140
930 983 -39
488 820 93
912 936 16
920 973 24
230 616 -327
885 885 0
602 643 33
143 661 77
194 398 -2
533 915 225
889 977 52
420 553 -74
79 457 57
313 538 -174
464 751 258
334 454 6
342 459 68
892 924 -20
615 798 -65
663 943 80
413 420 -1
281 772 227
389 412 1
362 846 -170
441 682 57
43 522 121
168 627 -51
672 976 -151
561 830 -15
868 898 -14
387 772 376
866 935 -7
359 424 -52
860 954 74
650 791 -83
596 824 223
367 551 -131
464 651 4
786 921 -46
636 696 3
768 778 -11
608 769 28
317 827 -336
512 676 77
681 757 -9
318 926 -102
842 916 -7
912 921 1
639 887 129
177 540 -281
1 964 121
223 688 450
253 443 82
516 747 -72
972 975 -3
274 982 567
946 961 14
594 922 -327
75 699 175
894 987 -54
470 493 16
954 958 1
911 953 17
57 383 -143
295 740 -38
769 957 66
782 852 -54
663 863 78
652 771 85
945 980 -27
154 566 267
47 519 246
107 223 16
997 998 -2
287 540 30
321 497 6
366 663 -125
775 794 1
876 967 10
112 542 -213
134 305 151
697 904 191
182 985 780
130 489 -246
530 671 -73
573 725 -109
703 897 117
718 793 50
510 806 71
643 789 24
486 633 143
256 338 37
684 695 5
134 518 284
403 999 -95
319 898 -270
681 681 0
79 934 -681
275 634 -320
470 491 -6
706 960 122
182 767 -57
62 316 19
9 334 -166
125 377 -252
53 877 -727
292 506 -57
189 999 -15
207 536 79
117 809 150
284 304 3
920 966 -14
360 682 -284
147 347 65
648 697 20
701 940 111
337 565 158
810 819 -5
673 956 63
386 491 15
937 982 -30
439 690 -21
474 938 -229
737 973 123
604 781 157
951 970 -2
411 697 250
29 464 38
842 957 5
492 713 55
892 1000 25
472 788 -252
786 983 85
372 927 252
70 850 -756
410 878 211
433 967 -248
655 819 -58
643 959 -247
935 949 11
419 470 -50
666 998 -116
159 402 117
825 855 29
406 447 -19
480 720 -215
167 869 550
696 818 66
73 121 -37
31 432 -317
896 938 -19
875 988 20
587 997 -86
206 373 147
184 869 531
503 681 -17
90 742 -77
713 935 -208
524 682 -7
579 955 36
277 611 -265
240 742 -103
658 987 -17
322 761 -372
491 632 77
6 882 -437
947 983 20
92 229 -93
713 738 -20
81 320 -156
686 834 46
671 825 45
668 723 -51
105 684 372
414 753 66
144 981 -342
166 480 100
397 650 -51
942 949 -5
819 995 -84
80 993 293
613 670 56
214 874 -578
722 870 -15
363 712 139
654 941 206
874 880 -5
428 741 -278
427 623 126
546 673 15
301 961 -234
850 883 14
128 394 -103
268 271 1
435 753 -185
769 945 148
345 634 -44
360 368 -3
530 956 101
520 841 109
765 901 -116
354 450 -24
548 930 -62
380 457 1
543 985 -148
208 620 -3
366 710 -80
327 966 -317
206 429 -72
470 720 -237
550 896 308
199 957 -203
398 447 -18
268 449 52
881 950 62
698 778 3
889 913 25
949 978 -6
292 982 -483
81 818 79
993 995 1
603 680 -28
836 989 -50
222 977 -634
47 571 -14
63 481 35
290 456 113
736 781 -34
976 993 7
634 976 -75
988 995 4
200 545 36
154 763 -194
931 963 29
760 924 131
281 947 -479
587 928 9
35 403 -276
840 946 102
993 998 -3
704 861 -155
876 883 -5
876 971 -33
822 867 -9
147 329 -163
880 977 -59
86 870 -708
90 666 -573
504 692 154
977 979 -1
867 945 -74
518 593 22
973 993 21
435 636 192
641 672 14
790 860 59
132 497 -340
623 784 138
298 621 -116
872 905 31
143 631 -466
90 992 -682
512 648 91
469 726 -248
396 989 323
116 898 246
740 818 26
362 567 -106
879 994 84
470 685 -46
875 917 7
166 786 -247
992 992 0
47 451 -53
399 722 50
389 769 97
371 666 129
923 977 -26
952 978 22
593 690 -17
487 904 -331
343 454 111
993 993 0
413 844 -236
720 750 5
599 627 12
918 945 -27
438 702 -13
677 805 95
934 972 -29
662 978 -199
850 951 -1
38 414 -181
657 825 95
538 559 -5
846 936 -52
643 952 226
369 676 -187
579 972 -173
59 465 -266
89 964 -479
463 555 48
35 937 429
532 837 -301
610 703 -34
211 321 69
991 997 -6
566 920 -34
748 951 -172
637 807 34
5 704 -260
359 983 -276
309 313 0
637 704 9
167 378 -119
922 988 -3
915 965 10
201 711 504
129 546 -131
587 839 -200
321 731 39
758 788 22
823 979 -22
886 948 19
823 958 26
561 968 -187
534 942 284
121 580 350
994 999 -4
125 347 -54
610 635 2
140 403 -160
607 983 -61
593 798 88
699 908 141
14 110 -93
714 866 -42
389 983 -209
136 215 -21
746 871 20
920 951 18
751 876 83
909 941 -5
220 220 -1
199 318 102
323 522 97
755 784 2
879 988 17
552 572 -21
890 935 -35
148 599 171
673 791 -97
706 923 2
848 962 -9
326 391 -18
780 811 18
336 923 -360
782 960 -35
461 480 4
883 966 -79
190 331 58
299 591 126
113 317 -130
554 879 -296
77 803 676
17 191 -145
978 989 -6
654 737 -31
505 572 -45
282 857 461
589 664 -22
18 275 173
564 909 -274
62 86 -17
727 772 -1
510 957 149
113 160 -26
697 718 2
439 971 206
866 918 50
378 743 -7
67 241 21
783 804 -10
565 702 -123
197 876 -479
955 967 6
26 978 882
302 585 22
106 915 241
956 984 15
749 875 2
918 971 11
893 895 0
288 368 48
842 864 1
853 950 42
259 896 52
290 517 -151
159 850 62
149 779 -464
961 963 2
351 644 -41
630 704 -3
21 459 356
486 627 -100
54 888 -808
957 988 19
346 606 227
737 785 25
213 475 144
536 797 -74
501 810 -139
748 762 12
102 200 83
389 803 -53
275 875 -296
540 899 -110
279 656 360
95 909 -196
882 948 3
987 993 2
891 901 -4
24 406 25
385 738 34
993 999 -7
959 988 -11
108 233 22
100 424 114
968 1000 -19
721 834 47
370 426 41
607 936 18
130 800 -521
562 612 -8
619 776 -86
666 909 -229
483 750 -112
235 837 393
947 973 -24
154 232 -42
463 798 187
565 874 -113
635 755 -35
803 973 143
174 778 -425
520 828 210
956 987 19
127 279 21
140 521 136
73 166 32
514 637 -24
101 627 -231
367 837 -362
295 768 -30
554 973 279
841 903 46
45 148 -97
185 709 -196
884 934 3
817 896 44
921 960 -7
138 509 -206
612 739 -37
976 996 -10
137 643 6
460 727 -110
898 992 42
683 767 -65
144 183 -39
947 972 17
558 643 -34
835 858 -8
805 856 6
259 311 -51
93 321 163
86 281 117
333 509 61
124 181 15
472 834 -241
155 283 66
682 914 199
55 665 113
630 923 21
853 922 18
280 841 165
349 687 82
512 623 97
66 842 184
499 935 356
52 58 6
891 903 -4
402 677 -200
445 875 -366
659 661 -1
658 703 -11
590 590 -1
129 912 -312
234 852 472
952 956 -1
775 879 57
862 943 -81
971 974 3
852 925 39
414 555 -112
356 557 -180
693 949 -237
237 893 -293
773 995 107
309 972 1
444 811 -321
613 962 -260
464 560 -91
594 598 1
248 981 721
65 693 -588
964 972 2
111 375 123
687 894 -1
595 940 -92
815 912 -70
842 963 -27
153 858 317
94 453 211
65 555 -348
432 853 400
523 878 14
622 706 24
864 902 -32
577 584 7
617 630 5
586 729 -50
275 759 205
386 750 -234
480 897 353
894 943 -21
863 885 22
401 421 -17
929 993 -37
30 974 372
780 788 -3
915 935 1
351 388 -30
148 492 -180
202 989 55
576 902 103
259 788 202
484 876 -139
950 972 8
740 872 55
376 781 355
403 870 -343
920 938 -12
738 964 109
82 813 596
512 630 -28
165 320 14
142 990 608
498 542 -44
959 963 -3
658 953 194
894 966 17
985 987 -3
965 992 6
190 772 205
190 483 191
942 965 -2
77 797 -534
554 641 23
892 973 20
846 909 -25
640 755 105
783 966 -74
959 987 -2
804 861 11
722 972 122
437 863 339
103 139 -17
362 960 371
523 992 -411
367 378 12
450 616 -70
561 770 45
20 704 592
354 846 -99
728 854 61
222 429 98
943 944 2
800 876 -1
150 517 318
996 997 1
70 488 417
881 998 1
423 835 -280
438 515 34
415 947 220
652 749 -94
813 920 23
807 979 -13
313 490 -101
345 468 96
565 988 369
314 636 -312
756 773 15
807 865 -37
942 1000 30
277 650 304
681 941 116
790 827 14
362 856 -311
217 289 -50
240 946 425
519 561 43
565 644 28
644 719 -61
799 938 -21
437 478 20
694 874 -119
819 874 24
79 823 546
950 989 35
697 778 41
94 368 -257
880 900 4
681 960 188
994 999 1
517 858 159
385 802 290
508 551 -34
941 967 -16
907 965 46
976 984 3
492 558 -12
843 890 -26
333 494 -10
271 966 -274
274 919 551
220 803 583
357 420 22
788 993 -38
350 636 -4
931 954 -10
402 644 -141
134 600 -79
317 392 49
627 976 74
451 829 -276
307 975 -433
109 462 -348
1 236 -30
717 726 7
912 912 -1
315 668 -219
128 459 -16
94 593 258
404 900 -455
98 248 -26
627 952 2
60 638 297
400 545 -129
845 933 29
279 654 313
199 701 -161
555 825 253
913 987 26
964 975 7
758 762 -1
94 261 110
560 701 93
825 930 -19
572 954 -132
43 435 -25
446 899 -406
165 990 138
491 761 106
758 864 7
390 711 88
510 925 -72
826 994 -109
240 594 119
682 889 -83
879 965 9
448 472 16
377 729 -328
2 687 388
897 989 79
577 828 -27
419 585 65
561 563 -2
90 792 241
885 976 -28
620 891 -10
750 968 -219
99 339 37
284 930 -383
693 821 20
993 993 -1
931 999 -63
435 968 330
425 441 6
331 559 222
557 797 193
948 963 -14
785 815 30
124 641 -239
390 392 3
585 701 -72
847 849 0
711 859 -48
17 950 550
897 901 3
558 707 -87
493 990 -34
365 473 20
779 985 -138
334 910 432
12 495 -13
269 952 42
400 847 135
208 293 18
141 962 -530
241 614 -222
674 755 69
949 958 10
247 559 -153
942 944 2
78 145 14
801 1000 110
533 861 313
47 248 -202
596 777 -132
834 885 -11
390 668 -245
669 718 44
162 782 550
198 504 -39
735 823 87
775 898 22
109 428 -111
620 980 -210
877 912 -5
557 970 -137
476 666 -61
107 281 65
450 935 -396
38 321 251
171 962 -380
198 740 433
165 524 -297
321 984 -370
342 637 14
3 503 -264
133 444 -76
781 975 192
864 905 25
826 984 21
532 653 63
348 943 484
345 674 78
898 995 13
844 922 -2
93 175 -45
741 961 -28
344 879 259
246 655 -67
858 954 -79
372 789 61
74 315 -102
287 600 56
193 234 39
720 795 23
18 879 364
330 921 -406
875 897 -17
43 940 31
198 985 381
519 719 146
95 391 -213
460 562 -78
891 909 6
996 997 -1
474 878 153
789 996 72
456 719 -140
207 440 18
888 919 0
299 463 134
5 847 349
909 996 72
358 460 16
639 732 50
693 762 28
417 902 209
832 897 -66
391 795 -49
178 853 15
626 687 -18
406 793 133
529 918 48
285 917 -615
609 961 -67
426 823 150
