50 50
-1 0 1 1 0 1 -1 -1 -1 1 1 0 0 1 -1 0 -1 -1 0 1 0 0 1 -1 -1 -1 -1 0 0 1 -1 1 -1 1 1 -1 1 1 1 1 0 1 1 -1 1 -1 0 0 0 1
10 29 0
46 48 -1
14 27 -1
3 42 0
44 45 0
20 40 0
13 26 1
38 50 4
48 50 3
50 50 1
34 41 5
44 47 -2
18 31 -8
29 33 1
4 13 2
27 47 1
25 28 -3
3 38 9
12 39 -6
19 39 -2
40 50 7
8 32 5
50 50 1
2 21 -6
24 36 -1
38 42 3
50 50 1
2 7 1
19 44 2
21 24 0
22 24 1
39 41 2
20 40 4
42 43 2
39 43 5
20 33 1
34 35 2
50 50 1
10 48 11
39 39 1
15 43 6
41 46 1
35 50 7
32 44 5
28 50 7
1 1 -1
5 38 -10
32 48 5
15 35 0
47 48 1
