1000 10
0 0 0 0 0 0 0 0 0 0 0 0 -1 0 1 1 0 1 0 0 0 0 -1 0 -1 0 0 0 -1 0 -1 -1 -1 1 0 0 0 0 1 -1 0 0 1 0 1 0 0 1 0 1 0 0 -1 -1 -1 0 0 0 0 -1 -1 1 0 -1 1 0 0 0 0 0 -1 -1 0 0 0 0 -1 0 -1 0 -1 1 0 0 0 1 -1 0 0 -1 0 0 0 0 0 1 0 0 0 -1 0 0 0 -1 0 0 0 1 0 0 -1 -1 0 0 0 0 -1 0 0 0 0 0 -1 0 0 0 1 0 1 0 0 0 1 -1 1 1 0 0 1 0 -1 0 0 0 1 -1 1 0 0 0 1 -1 0 0 0 0 0 -1 0 -1 0 0 0 -1 0 0 1 0 0 1 0 0 0 0 -1 1 0 1 1 0 0 -1 0 -1 0 1 0 0 0 0 -1 1 0 0 0 1 0 1 0 -1 0 0 0 0 0 1 -1 -1 0 0 1 1 0 0 1 0 0 -1 0 0 0 -1 1 -1 0 0 1 0 0 0 0 0 0 0 -1 0 -1 -1 0 -1 0 -1 0 0 1 1 1 0 0 0 0 -1 0 1 -1 0 1 0 0 0 1 1 0 0 1 0 0 0 0 0 0 0 0 -1 0 0 1 0 0 1 0 0 0 0 -1 1 -1 1 0 0 0 0 0 -1 0 0 0 1 -1 1 0 1 0 -1 0 0 0 0 0 0 0 0 1 -1 0 0 0 1 1 0 0 0 0 -1 1 0 0 0 1 0 0 0 0 1 0 0 -1 0 1 1 0 0 -1 0 0 -1 -1 0 1 1 0 1 0 -1 0 0 0 0 1 0 0 0 0 0 0 -1 0 0 0 0 -1 0 -1 1 0 0 0 0 0 0 0 1 0 0 0 1 -1 0 -1 0 0 1 -1 0 0 0 0 1 0 0 1 0 0 1 0 0 0 1 0 0 0 0 0 0 0 1 1 1 0 0 0 0 0 -1 0 -1 1 -1 0 1 1 -1 0 -1 -1 0 0 1 0 1 0 1 0 0 1 1 1 0 1 0 -1 0 1 0 0 0 0 1 0 -1 0 0 0 1 -1 0 0 -1 0 0 0 0 0 0 0 1 0 -1 0 0 0 -1 0 0 -1 0 -1 1 -1 1 0 1 -1 1 0 1 0 0 0 1 0 1 0 0 1 1 0 0 0 -1 0 -1 0 0 -1 0 0 0 0 0 0 0 1 -1 0 0 0 0 1 0 0 0 0 -1 -1 0 1 -1 -1 1 0 -1 -1 0 0 0 -1 0 0 0 0 0 1 0 0 0 0 0 -1 0 0 0 -1 0 -1 0 -1 0 1 1 -1 -1 0 0 1 1 0 0 0 0 0 1 0 0 0 0 1 1 0 -1 0 0 -1 0 0 0 0 0 0 0 0 0 0 0 0 -1 0 1 0 0 0 1 0 0 0 0 0 0 0 1 -1 -1 0 0 0 -1 0 0 1 1 0 1 1 1 -1 0 -1 -1 1 0 0 1 0 -1 0 -1 -1 0 -1 0 0 -1 0 0 -1 0 0 0 0 -1 0 0 0 -1 0 0 1 0 0 -1 0 0 0 -1 0 -1 0 1 -1 0 0 0 0 0 0 1 0 0 -1 0 -1 0 0 0 0 0 -1 0 -1 0 0 0 -1 1 -1 -1 0 -1 0 0 0 0 0 0 1 0 0 0 0 0 0 0 0 0 0 0 1 -1 -1 0 0 0 -1 0 -1 0 -1 -1 0 0 -1 0 0 0 1 0 0 -1 0 -1 0 0 0 0 0 0 0 1 0 0 1 0 0 -1 0 1 -1 0 -1 1 1 0 1 0 1 0 1 -1 1 -1 -1 -1 0 -1 0 0 -1 -1 -1 0 -1 -1 0 1 1 0 0 0 0 0 -1 1 -1 -1 0 0 1 -1 -1 0 -1 1 -1 -1 1 1 0 0 1 0 0 0 -1 0 0 1 -1 0 0 0 1 0 0 1 -1 0 0 1 0 -1 0 0 -1 1 -1 0 0 -1 0 0 -1 1 -1 0 0 0 0 0 0 0 0 0 0 0 0 1 -1 1 0 0 0 0 0 0 0 0 1 0 1 0 0 0 0 -1 0 0 0 0 0 -1 0 0 0 0 0 -1 0 1 0 0 0 0 -1 1 0 1 0 0 0 0 0 -1 0 0 0 0 0 1 -1 0 0 -1 -1 0 1 0 0 0 -1 -1 1 0 0 0 0 0 -1 0 0 0 1 1 1 -1 0 0 -1 0 -1 0 1 0 0 -1 1 -1 -1 0 0 0 1 1 0 -1 0 -1 -1 0 0 0 0 -1 1 0 0 1 0 0 -1 0 1 1 1 0 0 0 0 1 0 -1 0 0 0 1 -1 -1 1 0 -1 0
845 899 20
475 710 -98
921 972 6
434 956 -46
467 854 -166
883 952 31
157 420 41
733 866 49
897 905 7
279 906 261
