1000 1000
-1 -1 -1 0 0 -1 0 -1 -1 -1 0 -1 -1 0 -1 0 -1 -1 0 -1 0 -1 0 -1 0 -1 -1 0 -1 -1 0 0 0 0 0 0 -1 -1 0 0 -1 -1 -1 -1 0 0 -1 0 0 -1 -1 -1 -1 -1 0 0 -1 -1 -1 -1 0 -1 0 -1 0 -1 -1 -1 0 -1 0 0 -1 0 0 -1 0 -1 -1 -1 -1 -1 -1 -1 0 0 0 0 -1 -1 -1 -1 -1 0 -1 0 -1 -1 -1 0 0 -1 -1 0 0 0 0 -1 0 -1 -1 0 -1 -1 0 -1 0 0 -1 0 0 0 0 -1 -1 0 -1 -1 -1 0 0 -1 0 0 -1 0 0 -1 0 -1 -1 -1 -1 0 -1 -1 0 0 -1 0 0 0 0 0 0 -1 -1 -1 -1 -1 -1 -1 0 -1 0 0 0 -1 0 0 0 -1 0 -1 -1 0 -1 -1 -1 -1 0 -1 0 0 0 -1 0 -1 0 0 0 -1 -1 0 -1 -1 -1 0 -1 0 0 -1 0 -1 0 0 -1 -1 -1 0 -1 -1 0 0 0 -1 0 0 0 -1 -1 0 -1 -1 -1 -1 0 0 0 0 0 0 0 -1 0 0 -1 -1 0 0 -1 0 -1 -1 -1 -1 0 -1 0 0 -1 0 0 -1 0 -1 0 -1 0 0 -1 -1 -1 0 -1 0 0 -1 0 -1 -1 -1 -1 0 0 -1 -1 0 0 -1 -1 -1 0 -1 -1 -1 0 0 0 0 -1 0 -1 -1 0 0 -1 -1 -1 -1 -1 0 0 -1 0 0 0 0 -1 -1 -1 -1 0 -1 0 0 -1 0 -1 0 -1 -1 0 0 -1 0 -1 0 -1 -1 0 -1 -1 -1 -1 0 -1 -1 0 -1 -1 -1 0 0 0 0 -1 -1 -1 0 -1 0 -1 0 -1 -1 -1 0 -1 0 0 -1 0 0 -1 -1 -1 0 0 -1 -1 0 -1 0 -1 -1 -1 -1 0 -1 0 0 -1 0 -1 0 -1 0 -1 -1 -1 0 -1 -1 -1 -1 0 0 -1 -1 -1 0 -1 -1 0 -1 -1 0 -1 -1 0 0 -1 -1 -1 -1 -1 -1 0 0 -1 -1 0 0 -1 -1 -1 -1 -1 -1 -1 -1 -1 -1 -1 0 -1 0 -1 0 -1 -1 0 -1 -1 -1 0 0 -1 -1 0 -1 -1 -1 -1 0 0 0 0 0 0 0 0 0 -1 -1 0 -1 -1 0 -1 0 -1 -1 0 -1 -1 0 0 -1 -1 0 0 -1 -1 0 0 -1 -1 0 0 0 -1 0 0 0 -1 0 0 0 -1 0 -1 0 -1 -1 -1 0 0 -1 0 -1 0 0 -1 0 0 -1 0 -1 0 -1 0 0 -1 0 0 -1 0 -1 0 -1 -1 0 -1 0 -1 -1 -1 0 -1 0 -1 -1 0 0 -1 -1 -1 0 0 -1 -1 -1 0 0 0 0 0 0 0 0 -1 0 0 0 0 0 0 0 -1 0 -1 0 0 -1 0 0 0 0 -1 -1 0 0 -1 -1 0 -1 -1 0 -1 0 0 -1 0 0 -1 -1 -1 -1 -1 0 -1 -1 0 -1 -1 -1 -1 0 0 0 0 0 0 -1 0 0 -1 0 0 -1 -1 -1 0 -1 0 -1 0 0 -1 -1 -1 0 -1 0 -1 -1 0 -1 -1 0 -1 -1 -1 0 -1 -1 0 0 -1 -1 0 -1 -1 -1 0 -1 -1 0 -1 -1 0 0 -1 -1 -1 0 0 -1 -1 -1 -1 0 0 -1 -1 0 0 -1 0 0 -1 -1 -1 -1 0 0 0 0 0 0 0 0 0 0 0 0 -1 0 -1 -1 0 0 0 -1 0 -1 0 -1 -1 -1 0 -1 -1 0 -1 0 0 -1 -1 -1 0 0 -1 -1 0 -1 -1 -1 0 -1 -1 -1 0 -1 -1 0 0 0 0 0 0 -1 -1 -1 -1 -1 -1 0 0 -1 0 -1 -1 -1 -1 -1 0 -1 0 -1 -1 -1 -1 0 0 -1 -1 -1 -1 0 -1 -1 0 -1 0 -1 0 -1 -1 -1 0 0 -1 0 0 -1 -1 -1 0 0 -1 -1 -1 0 -1 0 -1 0 -1 -1 0 -1 0 -1 0 0 0 0 -1 -1 0 0 -1 0 -1 0 0 0 0 -1 -1 0 0 -1 -1 0 -1 0 0 -1 0 -1 -1 -1 -1 0 0 -1 0 0 0 -1 -1 -1 0 -1 -1 0 -1 0 0 0 -1 -1 -1 0 -1 0 -1 0 -1 0 0 -1 0 0 -1 -1 0 0 0 -1 -1 -1 -1 -1 -1 -1 0 0 0 -1 0 -1 0 -1 0 0 -1 0 0 -1 -1 0 -1 -1 0 0 0 -1 -1 0 0 -1 -1 0 -1 0 0 0 0 -1 -1 -1 -1 -1 0 0 0 -1 -1 -1 0 0 0 -1 0 0 -1 -1 0 -1 -1 -1 0 -1 -1 -1 -1 -1 -1 0 0 0 -1 0 -1 0 -1 0 0 0 -1 0 -1 0 0 -1 0 0 -1 -1 -1 0 -1 -1 0 0 -1 0 0 0 -1 -1 -1 -1 0 -1 0 -1 -1 -1 0 0 -1 -1 -1 -1 0 -1 0 -1 0 -1 -1 0 0 -1
679 727 -4
366 812 -217
33 225 -157
788 892 -54
547 994 -271
412 933 -357
325 369 -9
856 944 -48
34 909 -601
279 732 -424
471 767 -223
606 848 -191
212 553 -295
623 667 -18
716 769 -20
147 770 -130
175 636 -435
425 575 -42
17 889 -536
867 973 -95
594 835 -132
571 781 -93
4 308 -102
629 696 -46
956 994 -16
940 985 -26
32 517 -137
110 218 -28
795 905 -6
432 674 -212
514 526 -1
641 927 -93
592 601 -8
140 525 -298
715 910 -145
316 637 -39
410 916 -336
510 892 -378
865 947 -29
749 834 -86
292 581 -68
463 512 -19
462 834 -93
475 646 -119
273 677 -65
796 868 -58
576 623 -10
110 369 -153
107 685 -38
799 926 -72
581 719 -34
311 488 -112
578 702 -87
56 294 -104
964 967 -2
955 994 -13
88 98 -10
799 995 -18
634 787 -61
705 785 -76
816 847 -10
154 640 -218
591 905 -298
161 268 -73
146 590 -223
403 715 -22
539 744 -179
361 547 -182
844 870 -8
178 958 -734
47 779 -646
707 845 -110
73 280 -147
304 777 -218
555 938 -343
194 611 -230
696 936 -30
936 938 -3
56 858 -465
560 946 -222
929 969 -40
490 537 -17
424 850 -378
893 954 -33
233 792 -413
692 813 -12
296 850 -517
137 812 -546
715 997 -251
240 455 -175
868 928 -29
133 944 -780
344 976 -298
877 956 -30
19 515 -257
544 557 -11
477 654 -35
711 938 -61
902 997 -35
976 980 -3
542 718 -160
907 971 -15
225 546 -113
590 889 -201
665 771 -11
494 976 -305
405 519 -95
941 972 -6
570 680 -88
781 802 -10
841 877 -26
383 870 -227
378 705 -96
849 992 -106
789 804 -11
557 841 -125
569 971 -194
655 973 -97
627 952 -174
133 714 -45
168 638 -222
311 846 -389
861 965 -27
696 994 -33
650 758 -33
693 969 -186
583 737 -113
929 950 -17
52 602 -282
98 645 -257
652 777 -96
826 922 -8
502 739 -43
78 654 -519
23 254 -62
852 935 -4
610 823 -63
340 395 -46
654 871 -46
39 436 -365
352 440 -37
996 999 -2
121 495 -182
507 943 -141
351 474 -80
517 785 -176
391 983 -413
352 565 -207
831 929 -32
668 931 -38
424 622 -62
664 854 -120
38 696 -262
785 958 -96
388 519 -30
545 764 -47
8 853 -845
948 978 -27
581 605 -10
731 915 -185
513 777 -154
677 802 -77
487 734 0
166 195 -25
421 666 -41
110 539 -326
46 890 -224
160 704 -352
951 960 -5
312 360 -12
182 367 -38
57 965 -328
696 864 -147
183 631 -254
87 756 -544
856 899 -38
33 991 -157
363 506 -29
77 770 -684
13 703 -388
592 603 -2
535 801 -173
406 747 -122
621 802 -124
683 991 -185
595 859 -217
538 746 -39
93 326 -72
9 718 -574
89 923 -731
281 510 -40
431 615 -81
22 758 -341
831 920 -21
493 577 6
16 915 -245
220 981 -555
362 776 -67
147 786 -537
189 217 -18
688 990 -184
648 667 -8
983 1000 -11
68 398 -28
926 963 -13
740 952 -47
894 910 -16
378 386 -2
117 615 -117
579 895 -91
783 786 1
268 439 -83
949 961 -7
625 919 -127
647 857 -118
797 858 -45
142 469 -167
710 757 -38
894 961 -40
333 879 -387
877 910 -22
823 838 -2
696 896 -136
116 893 -294
572 868 -215
239 486 -206
542 807 -212
329 576 -167
127 905 -744
690 947 -21
429 826 -31
958 984 -22
473 946 -460
828 901 -66
931 972 -35
34 610 -536
189 814 -480
848 982 -46
309 849 -340
248 438 -158
426 803 -255
874 944 -69
30 414 -221
126 426 -216
813 844 -7
717 774 -53
956 967 -2
31 254 -155
854 871 -12
874 945 -21
92 145 -31
715 892 -58
68 912 -464
725 840 -77
192 241 -38
40 376 -76
863 984 -94
156 866 -636
980 995 -13
69 525 -437
999 1000 0
847 944 -27
442 517 -29
592 674 -56
541 823 -264
860 933 -7
116 154 -24
519 972 -357
204 293 -10
411 711 -130
331 751 -46
420 829 -207
874 985 -47
452 677 -1
778 957 -16
682 972 -235
85 605 -398
319 398 -27
35 902 -386
159 442 -258
906 956 -30
300 640 -286
861 907 -39
254 635 -289
520 655 -93
736 872 -68
227 620 -242
575 636 -19
109 712 -490
307 623 -93
17 708 -435
662 823 -98
541 698 -54
410 668 -242
783 842 -28
469 979 -215
142 993 -149
135 186 -21
257 859 -566
650 885 -185
316 952 -555
657 867 -48
793 892 -51
599 874 -195
628 702 -39
956 992 -36
635 713 -35
129 837 -524
886 985 -7
586 673 -43
378 814 -141
632 844 -163
935 972 -22
124 710 -384
76 400 -36
316 796 -269
390 545 -68
152 476 -143
988 990 -3
245 454 -190
492 985 -283
363 513 -138
591 751 -119
613 951 -167
721 924 -22
216 570 -311
157 844 -406
987 992 -6
575 647 -54
341 382 -27
420 878 -454
894 973 -77
366 624 -172
602 670 -50
344 838 -429
820 870 -27
662 941 -40
292 997 -481
286 898 -199
149 429 -77
213 715 -174
94 764 -277
762 770 -9
803 882 -37
934 961 -28
713 909 -30
227 622 -24
107 129 -14
875 918 -9
824 837 -4
58 572 -50
446 858 -173
520 870 -36
34 962 -418
922 994 -14
187 988 -774
550 896 -19
649 785 -43
697 951 -38
145 841 -672
386 665 -132
328 412 -32
407 959 -207
439 831 -165
828 952 -98
812 951 -118
153 716 -374
102 380 -213
314 759 -167
187 601 -283
646 969 -115
101 560 -313
596 709 -54
878 914 -23
287 549 -139
853 872 2
724 771 -28
5 591 -119
752 836 -77
907 914 -2
785 786 -1
886 996 -90
81 974 -369
232 615 -46
230 787 -109
402 834 -220
934 972 -26
708 780 -34
168 707 -98
741 787 -18
306 992 -620
851 940 -16
185 634 -61
903 917 -14
875 960 -39
571 964 -290
54 636 -490
958 967 -6
649 703 -40
57 895 -393
316 712 -244
471 692 -188
460 572 -95
12 152 -106
993 999 1
848 998 -47
486 940 -70
139 406 -154
777 875 -80
550 683 -21
116 723 -580
875 993 -63
152 503 -156
824 994 -152
155 386 -132
722 815 -33
146 544 -165
958 958 -1
300 418 -85
860 896 -34
387 947 -117
387 983 -570
826 970 -145
839 864 -22
588 938 -270
405 628 -11
133 242 -99
267 708 -147
13 454 -141
56 903 -432
592 725 -36
30 189 -147
694 943 -170
572 614 -9
158 768 -304
983 996 -4
877 935 -14
399 461 -63
904 921 -14
376 461 -37
666 964 -36
398 638 -53
205 853 -434
937 976 -12
688 715 -22
881 905 -4
59 763 -626
137 274 -81
202 416 -121
772 884 -64
624 730 -21
866 881 -5
44 643 -327
72 600 -300
977 983 -7
618 945 -217
932 967 -27
934 993 -28
447 848 -221
61 796 -677
617 626 -1
57 330 -250
40 326 -279
459 663 -104
109 328 -10
891 972 -37
197 856 -533
754 946 -129
883 972 -16
726 849 -35
862 984 -120
967 983 -3
373 484 -100
32 613 -519
236 318 -43
617 800 -116
442 860 -316
709 966 -122
409 597 -25
209 220 -9
397 854 -352
542 694 -94
23 909 -430
814 952 -121
899 971 -34
682 914 -87
969 977 -7
121 960 -603
650 685 -32
359 793 -224
848 956 -85
249 698 -325
708 872 -117
89 921 -137
806 881 -66
713 857 -112
54 726 -63
267 443 -112
675 865 -119
697 893 -95
158 358 -126
343 932 -477
792 849 -49
436 890 -373
917 978 -12
935 942 -7
284 459 -117
233 441 -205
829 985 -95
502 586 -42
500 926 -358
875 880 -6
868 979 -43
672 907 -132
5 470 -277
972 997 -16
249 892 -241
419 591 -171
967 981 -10
150 727 -300
183 539 -356
776 919 -106
864 879 -16
436 618 -60
594 675 -28
725 920 -87
604 859 -182
107 303 -8
547 622 -74
385 951 -177
517 857 -254
238 344 -60
784 888 -29
693 991 -19
315 972 -294
960 973 0
337 447 -105
394 616 -60
662 974 -204
878 919 -40
372 770 -172
110 297 -105
102 250 -47
369 713 -94
462 991 -169
795 955 -27
439 456 -18
516 521 1
510 843 -328
487 521 4
686 918 -154
950 994 -19
958 979 -22
646 834 -91
71 362 -174
656 787 -16
348 633 -263
564 997 -53
517 681 -141
492 706 -6
881 921 -14
912 930 -12
942 996 -3
68 718 -602
266 528 -185
998 1000 -1
440 657 -199
46 233 -75
702 753 -31
448 756 -149
303 544 -64
81 766 -313
694 694 0
29 525 -460
339 851 -456
89 457 -359
449 898 -43
725 990 -90
53 294 -130
563 968 -282
654 748 -52
779 909 -129
99 274 -31
656 844 -32
756 997 -50
100 743 -46
543 670 -98
132 721 -507
164 199 -36
651 782 -49
668 672 -1
710 988 -84
278 616 -89
843 939 -90
583 642 -47
629 830 -77
214 892 -647
441 951 -453
461 703 -55
139 222 -45
161 912 -66
873 923 -33
864 947 -41
471 938 -279
741 827 -77
842 854 1
794 878 -76
311 441 -42
426 958 -507
667 938 -181
877 879 -3
363 501 -131
816 824 1
532 848 -106
263 913 -480
344 618 -96
233 658 -374
222 540 -282
364 514 -42
601 943 -178
903 914 0
161 499 -173
973 999 -15
949 974 -3
385 429 -40
206 905 -431
503 575 -49
997 998 -1
939 1000 -38
753 898 -84
558 706 -62
458 617 -128
715 895 -46
748 860 -12
651 784 -26
507 976 -78
946 980 -26
486 688 -184
766 832 -62
381 754 -235
574 625 -21
604 939 -84
840 964 -103
257 314 -46
966 988 -7
497 605 -23
262 391 -110
302 497 -123
795 923 -84
507 653 -126
333 1000 -425
175 480 -301
409 698 -143
941 969 1
686 710 -22
459 615 18
543 562 -5
720 789 -36
82 933 -338
202 878 -123
435 977 -218
281 837 -332
144 699 -174
552 656 -14
479 576 5
682 746 -32
260 311 -11
603 744 -29
624 835 -78
261 282 -9
430 794 -224
162 882 -652
79 355 -205
79 442 -247
406 507 -59
535 964 -122
900 960 -33
824 837 -11
18 179 -122
347 901 -517
587 768 -32
922 981 -15
922 922 -1
460 793 -248
11 995 -81
498 595 -15
154 191 -29
672 739 -27
929 973 -15
479 897 -321
367 998 -521
94 922 -102
593 977 -141
472 946 -303
670 959 -118
319 368 -45
517 762 -77
800 882 -42
172 789 -334
463 526 -61
898 996 -43
355 735 -335
257 959 -56
43 980 -880
437 693 -163
890 910 -21
127 490 -41
428 930 -245
166 327 -57
716 843 -102
673 814 -12
488 963 -266
348 612 -179
53 424 -251
363 890 -400
233 518 -216
482 982 -212
710 945 -182
668 923 -32
423 992 -374
341 969 -530
91 229 -45
32 388 -134
189 773 -89
779 909 -124
807 845 -38
436 928 -412
753 753 -1
383 569 -41
880 907 -19
423 493 -19
402 768 -323
891 968 -49
539 763 -77
404 477 -48
882 927 -5
875 893 -8
370 750 -250
266 977 -598
858 994 -54
803 932 -49
580 813 -24
776 908 -94
343 843 -242
519 636 -35
65 783 -433
876 997 -10
182 232 -14
728 806 -38
624 980 -116
400 610 -201
526 558 -2
227 417 -77
708 755 -43
920 945 -16
703 739 -8
756 919 -32
614 724 -8
758 998 -19
950 993 -2
187 481 -40
536 927 -231
558 632 -12
133 461 -143
284 285 -2
479 843 -168
243 265 -15
877 903 -4
449 611 -33
952 984 -17
825 832 -1
594 966 -325
144 911 -369
739 823 -62
381 919 -274
646 804 -114
374 432 -43
361 382 -5
665 864 -85
908 974 -17
116 187 -62
789 930 -46
390 686 -23
31 421 -92
865 905 -2
808 897 -81
569 662 -51
836 906 -63
969 979 -3
388 891 -68
225 475 -135
102 404 -34
814 998 -109
277 945 -189
228 477 -245
548 704 -61
449 683 -208
525 924 -285
687 785 -76
329 570 -125
124 803 -554
842 893 -19
79 216 -132
673 879 -108
502 861 -216
719 750 -6
38 497 -401
603 899 -93
463 838 -50
159 938 -650
264 846 -140
639 976 -164
404 501 -74
984 989 -5
32 521 -212
807 992 -93
414 433 -20
497 651 -151
324 501 -50
948 988 -9
817 885 -56
423 458 -21
46 611 -439
14 172 -31
730 986 -60
322 454 -131
713 970 -198
81 736 -89
180 490 -44
545 641 3
433 956 -420
616 944 -320
286 637 -154
957 959 -1
984 991 -3
667 891 -13
502 596 -76
295 918 -465
563 715 -5
48 782 -219
648 746 -94
34 264 -144
868 896 -4
602 698 -63
167 850 -399
235 260 0
315 970 -627
117 516 -135
145 936 -41
72 464 -264
76 649 -53
701 739 -14
449 567 -56
664 932 -230
485 518 2
435 823 -135
538 796 -231
318 489 -129
445 969 -33
612 894 -261
881 966 -67
388 527 -111
593 917 -75
820 912 -1
845 935 -35
657 948 -69
866 906 -12
767 844 -68
721 874 -76
129 353 -103
292 531 -199
957 994 -36
246 399 -68
558 563 -2
504 963 -189
471 763 -18
587 940 -95
76 114 -10
956 964 0
582 941 -147
505 785 -118
753 821 -68
142 808 -636
478 717 -232
65 703 -476
573 747 -169
913 947 -13
999 1000 -2
512 525 2
315 920 -323
835 913 -76
170 818 -141
758 998 -108
586 835 -43
640 762 -101
361 472 -78
546 642 -24
878 957 -53
177 197 -18
278 291 -7
282 865 -477
746 870 -82
16 907 -641
134 191 -22
782 865 -57
884 951 -27
802 846 -26
962 984 -19
731 813 -66
527 821 -128
322 751 -223
459 737 -192
630 814 -152
83 273 -65
656 816 -149
357 913 -62
413 615 -140
747 772 -11
401 985 -529
475 985 -70
830 994 -41
213 757 -259
935 958 -11
961 986 -10
961 972 -1
334 855 -99
693 903 -122
280 403 -70
838 925 -30
93 693 -150
498 953 -268
994 1000 -7
161 264 1
696 980 -152
664 761 -39
839 923 -79
773 773 -1
655 762 -29
261 450 -119
1000 1000 -1
394 770 -218
130 188 -15
211 924 -187
117 643 -65
986 991 -6
347 904 -536
916 957 -13
532 793 -250
601 893 -243
484 929 -202
84 266 -19
603 988 -93
697 738 -37
951 966 1
573 687 -78
600 686 -57
561 651 -60
100 380 -144
647 895 -92
346 498 -138
46 293 -185
174 175 -2
836 864 -28
545 614 5
932 963 -13
848 914 -11
26 104 -65
993 999 -1
24 652 -89
891 895 -1
224 344 -100
939 952 -2
493 895 -307
674 733 -22
323 428 -69
795 880 -20
273 356 -77
962 983 -13
919 998 -13
655 661 -5
724 772 -33
336 653 -179
762 809 -13
646 860 -154
745 939 -116
442 697 -219
801 975 -150
130 211 -30
483 993 -308
855 858 -4
308 674 -331
98 325 -38
580 632 -6
619 744 -100
113 861 -418
406 578 -37
592 932 -159
409 502 -36
260 396 -46
950 971 -19
