100 1000
0 0 0 0 0 0 0 0 0 0 0 0 0 0 0 0 0 0 0 0 0 0 0 0 0 0 0 0 0 0 0 0 0 0 0 0 0 0 0 0 0 0 0 0 0 0 0 0 0 0 0 0 0 0 0 0 0 0 0 0 0 0 0 0 0 0 0 0 0 0 0 0 0 0 0 0 0 0 0 0 0 0 0 0 0 0 0 0 0 0 0 0 0 0 0 0 0 0 0 0
78 80 3
36 79 -18
48 54 -6
10 50 -37
64 92 -4
89 96 2
32 55 15
20 85 -23
8 71 -28
9 21 0
15 41 0
100 100 0
84 97 13
22 39 13
81 98 -7
51 94 -22
27 95 51
49 72 -22
66 86 10
47 80 25
33 45 -12
52 92 -15
23 89 -49
3 46 18
28 59 -6
86 86 1
100 100 0
64 92 -22
22 40 -7
2 6 2
90 94 0
39 77 -3
88 95 -4
96 98 1
42 63 -5
56 76 11
67 70 -4
17 58 -26
44 51 3
94 97 4
99 99 -1
98 100 0
49 76 25
84 94 -9
44 64 -18
37 84 -6
80 99 -6
48 75 -11
65 78 -12
74 85 10
69 90 -9
34 75 -40
85 100 2
49 67 -9
77 93 9
23 30 -3
55 83 0
70 73 0
10 82 35
100 100 1
26 57 -18
75 94 0
53 87 16
74 87 -3
35 87 -7
7 40 33
42 44 -1
99 100 -1
67 71 0
25 48 -8
36 63 5
47 68 14
93 95 1
39 43 4
1 5 0
83 96 2
7 60 15
17 28 4
17 22 -4
41 85 24
61 69 9
43 44 0
50 71 3
33 63 -1
72 99 16
86 94 9
78 91 -5
89 91 2
78 93 6
75 78 -1
38 100 -24
91 95 0
20 32 -4
81 100 -4
3 66 34
78 91 -13
65 74 4
4 91 17
81 99 -15
51 78 -11
19 75 43
96 98 3
65 69 -1
68 88 21
62 91 -12
15 52 -1
82 82 -1
1 72 -23
33 50 7
42 63 -6
60 86 18
1 73 59
29 59 -16
65 92 23
22 94 -16
46 80 -24
36 41 3
18 52 -18
6 83 -53
2 14 -8
12 99 -16
95 99 -5
5 19 13
68 77 1
96 99 1
46 99 -27
84 96 12
81 87 3
22 39 5
85 90 -5
68 77 3
83 95 -4
23 33 11
96 96 -1
56 84 6
75 87 2
20 36 5
75 82 0
33 66 -10
90 95 6
69 74 3
28 96 62
3 73 61
49 80 6
76 79 1
30 70 -30
71 88 -16
6 92 -48
88 92 -5
19 69 47
56 88 32
25 86 43
80 95 7
49 57 -5
36 69 33
42 63 -6
49 56 1
16 41 -25
68 90 10
85 98 -4
17 51 -33
53 66 0
38 57 -19
28 47 8
1 32 -27
76 84 7
91 95 -2
100 100 1
22 39 -8
66 93 26
48 68 -1
1 75 -5
74 95 4
73 93 11
46 67 14
40 90 35
40 94 6
62 74 10
59 66 -1
21 96 -64
62 79 14
95 97 -3
43 86 -11
71 82 -2
27 42 -9
54 57 -4
99 100 -1
5 76 22
69 87 -18
94 97 -4
56 68 -8
17 44 -21
28 28 1
38 39 1
96 96 1
82 85 1
82 99 8
40 64 13
25 33 -6
88 99 -6
34 67 -8
79 99 4
3 84 41
29 65 1
96 96 -1
60 81 13
5 69 20
63 64 -1
3 31 26
32 32 1
25 84 -49
87 95 8
51 83 12
48 64 -5
20 38 -11
62 97 24
58 58 0
13 99 -19
22 78 53
5 88 66
15 79 -26
68 77 1
59 67 7
86 92 3
97 100 3
66 93 -16
73 86 11
6 25 3
13 77 19
71 97 -1
48 88 39
61 73 -1
7 12 -2
21 27 6
66 78 -9
63 83 -21
64 67 -4
68 82 -5
70 86 -11
84 91 6
70 92 4
82 90 8
73 94 -11
12 77 -60
6 57 -41
71 76 -2
1 27 -8
62 75 14
27 92 -55
83 83 1
53 74 -18
19 46 15
39 86 34
26 79 -49
85 94 4
71 83 -9
79 84 5
35 96 -56
31 44 -9
55 62 -6
66 82 3
34 42 8
64 90 -19
32 51 4
26 63 2
93 93 -1
31 75 -24
46 79 10
53 90 33
73 82 -2
47 51 -3
92 99 0
8 82 -72
41 69 20
40 63 5
12 49 15
74 81 5
54 89 12
8 91 30
94 97 -1
16 59 -19
18 69 22
2 36 24
91 91 0
99 99 -1
96 97 0
78 88 -5
56 93 37
58 91 6
11 47 6
26 36 11
17 34 -17
28 89 24
65 98 -26
79 82 -3
32 41 10
71 96 17
89 99 -2
62 63 2
54 79 -9
35 57 -1
75 100 15
72 80 4
88 90 -3
46 55 -10
31 93 -18
21 24 0
86 93 -2
70 94 -24
87 92 -4
51 63 6
27 68 -24
98 99 0
12 18 -7
53 82 -27
60 70 -2
67 85 18
61 81 1
1 93 -64
42 47 -1
72 84 3
58 99 -19
78 100 -17
82 83 2
44 61 -17
39 41 -1
43 55 11
19 29 3
89 95 -1
14 65 -18
12 32 19
79 85 -7
61 62 1
75 98 -11
53 53 -1
51 57 -6
17 79 2
68 69 2
21 41 -13
19 81 45
96 96 0
24 38 -2
8 40 18
13 20 2
91 93 3
95 98 -2
77 81 1
98 99 -1
66 94 11
1 51 28
71 77 -5
56 85 -27
85 95 -8
28 62 0
41 82 17
2 31 22
76 89 14
73 96 -24
82 97 8
56 89 5
87 96 -3
80 83 -3
24 47 -16
32 92 45
79 87 9
92 95 -4
61 68 -4
75 92 -3
9 93 -14
46 51 2
60 63 2
94 99 -1
44 81 28
99 100 -2
45 74 18
30 77 -4
91 99 2
39 58 -3
88 98 -5
59 64 0
21 60 -17
6 73 -30
38 59 18
35 64 -2
76 92 15
51 51 -1
43 90 -32
32 92 21
18 75 24
26 58 -2
41 60 18
32 57 -19
58 90 18
61 99 19
41 99 -20
22 39 -14
47 79 13
49 56 3
62 68 -7
39 41 2
58 65 -8
36 70 -18
17 99 77
6 36 28
60 81 4
65 68 -4
28 90 9
49 91 -33
63 63 0
21 62 -28
78 94 15
10 55 32
49 65 -11
34 54 11
6 31 13
2 60 28
54 75 -19
95 100 0
91 94 1
6 45 7
21 43 -21
46 49 2
51 70 -20
30 90 -46
55 84 -15
59 66 7
49 53 0
18 19 2
91 99 2
86 86 0
73 86 -2
89 92 -4
13 51 -13
25 78 -34
68 74 7
35 52 13
1 41 -1
11 52 -11
3 76 -2
24 59 20
14 20 3
66 94 -3
33 56 19
65 95 3
32 38 -6
65 85 16
72 97 -20
29 41 11
95 95 0
6 7 0
69 73 3
64 92 14
5 96 30
22 31 8
34 82 38
96 97 2
1 53 36
25 89 56
1 73 -18
65 96 15
44 94 10
2 41 -34
88 100 -4
94 100 -5
39 92 -48
28 58 -16
64 99 16
47 82 34
100 100 0
88 94 -4
67 92 -24
20 67 18
10 69 -2
28 94 52
99 100 -2
95 95 0
36 96 55
5 53 -2
49 80 21
9 92 22
29 38 -5
69 72 2
12 44 -13
63 90 -10
94 99 1
7 76 42
49 55 0
34 47 2
9 61 -23
10 39 13
65 79 7
61 89 -8
42 57 10
33 61 22
12 77 -9
20 54 7
51 62 11
100 100 1
29 48 -7
58 84 -20
44 60 -8
3 46 34
73 95 11
100 100 1
84 94 2
78 80 -3
43 72 -18
1 5 0
23 88 -46
90 96 2
36 69 2
27 75 10
16 90 30
73 95 7
68 78 -6
91 91 1
96 100 2
35 66 31
60 75 -10
44 50 -6
16 16 -1
98 99 -2
87 91 -2
39 45 0
65 94 29
11 53 -39
56 96 12
12 16 3
46 92 23
17 71 -38
75 76 0
83 90 0
57 70 10
82 100 1
45 85 -21
60 64 5
30 55 -4
26 58 -6
82 99 12
6 66 -23
14 44 -15
17 29 6
46 78 3
9 69 -59
97 97 1
2 7 2
25 58 -5
25 41 8
71 86 -13
8 23 1
4 29 -26
23 36 3
12 75 -7
23 40 -11
67 81 -3
2 30 -5
96 99 1
97 98 -1
11 35 -4
64 65 1
52 75 -17
28 31 2
97 99 0
79 82 -2
41 73 19
13 56 25
45 72 8
66 100 5
21 31 -3
99 100 1
30 94 32
63 75 1
4 27 -15
3 21 10
68 75 5
91 91 1
36 40 5
12 66 -21
15 54 -18
17 61 -25
98 99 -2
99 99 1
38 68 3
8 65 44
5 72 -26
37 83 15
88 98 4
54 79 3
25 76 -5
44 46 -1
86 94 -5
5 17 -13
5 7 1
89 99 2
86 86 1
30 73 8
90 96 4
74 81 2
100 100 1
36 70 -30
76 80 -2
44 72 19
22 41 9
54 88 -23
43 100 -25
2 92 25
60 94 20
77 94 -11
1 96 -93
96 98 0
40 71 -22
3 31 -24
67 87 11
29 88 16
14 43 -4
13 48 -10
35 69 3
62 78 11
34 90 -3
85 99 -2
46 95 11
37 54 -5
57 79 -4
67 71 3
56 77 -13
42 49 6
12 23 -4
23 40 -8
46 90 -37
99 100 1
75 79 4
66 94 25
15 42 27
77 84 1
52 64 8
67 76 -9
83 95 -10
79 99 -1
64 68 0
4 49 -26
47 55 2
63 99 22
85 97 12
96 96 -1
59 74 6
8 51 1
77 90 11
37 69 -32
86 100 6
83 88 -4
53 63 -7
56 94 -17
27 73 44
95 97 -2
9 52 35
70 77 7
69 98 -27
64 66 -1
54 79 -12
3 80 -46
8 66 -29
80 84 -2
55 99 1
19 23 0
53 96 -27
37 64 -20
81 83 -3
47 95 -40
94 100 5
71 85 -8
99 99 -1
46 59 9
83 93 11
29 36 0
37 77 8
71 76 -1
84 94 -8
82 88 -6
92 98 7
90 96 -6
58 91 6
78 89 2
40 56 3
46 75 -25
35 54 -14
89 100 -1
39 57 13
36 37 -1
86 92 6
28 35 4
28 78 -36
4 26 -8
70 89 7
69 81 12
9 28 -8
61 89 0
3 63 56
73 86 6
63 100 -8
92 93 -2
58 62 0
36 53 14
26 92 -33
45 60 -5
49 66 -2
25 83 -31
37 43 -2
2 77 -40
13 67 -47
83 99 7
23 62 -25
93 95 1
70 86 11
38 86 -15
6 40 15
66 84 -3
37 71 -15
38 49 7
26 54 11
71 71 0
16 85 52
56 57 0
4 68 -2
90 93 4
97 100 -4
41 63 -18
69 97 27
28 69 -6
69 87 5
97 100 -1
20 62 7
97 98 1
75 98 12
25 73 -13
2 90 23
51 86 13
26 37 -10
80 92 9
64 99 9
49 82 -20
79 91 -9
54 89 18
48 58 -2
87 87 -1
62 77 15
99 100 2
64 84 15
42 86 -10
44 87 11
10 19 -9
93 93 0
84 99 -4
65 98 -6
29 60 23
56 72 17
50 74 -2
1 56 -27
46 91 -34
80 84 -2
14 45 -8
62 90 -3
32 94 42
29 61 15
95 99 1
35 80 45
69 74 -2
20 59 -2
91 97 7
96 99 3
29 52 16
55 67 0
7 55 25
56 87 -20
33 62 19
27 90 -41
90 98 -9
84 95 7
19 28 -8
36 39 2
53 71 5
37 41 -3
67 85 5
88 91 -4
78 87 -3
35 85 30
23 96 61
77 95 -1
76 78 -2
100 100 -1
70 81 -6
74 96 -5
39 57 15
49 71 -22
85 87 3
43 76 -5
6 13 -6
17 32 0
79 94 -11
91 95 4
37 45 8
53 92 -20
100 100 -1
88 88 -1
61 76 10
40 67 -10
95 95 1
91 97 6
66 74 4
54 63 -9
7 35 1
50 64 9
28 61 -15
13 43 22
45 100 38
63 97 20
62 100 -38
52 89 19
8 12 -5
48 92 -1
31 67 27
67 84 8
60 70 -3
86 95 -7
28 92 26
28 70 -9
61 92 -24
24 88 58
12 23 2
22 60 -28
90 100 7
82 95 2
29 59 -5
74 96 0
51 64 1
50 50 1
92 96 4
53 97 -27
3 15 10
79 87 3
59 69 10
43 83 15
45 65 9
80 96 -17
58 73 9
56 63 -4
64 69 5
41 61 10
99 100 1
95 95 0
85 90 1
16 52 -3
70 76 4
82 86 3
61 93 -16
94 94 -1
37 86 7
43 84 13
33 51 16
13 77 -3
93 100 -1
21 55 16
42 87 -19
10 41 3
29 90 -16
99 99 -1
7 37 -23
29 63 26
41 68 -24
33 35 2
70 84 -5
61 78 -2
28 58 -23
9 57 -2
34 50 0
22 95 -17
18 75 2
51 75 -14
28 68 -33
59 59 -1
23 40 -8
71 77 -6
29 97 13
4 55 -34
56 70 11
77 91 -5
42 42 1
47 57 10
62 96 -24
94 98 5
79 82 2
23 76 -39
99 100 2
6 21 -16
86 95 -8
13 81 27
10 97 19
48 56 -6
15 26 4
52 56 -5
36 66 30
41 76 -31
94 98 5
34 42 9
95 98 -1
83 85 3
60 61 2
30 50 17
91 100 1
46 63 -3
16 37 7
34 49 0
60 72 7
92 95 3
35 59 -10
53 96 -28
7 92 73
15 51 -21
43 54 1
41 43 -2
18 56 -31
72 90 -9
17 76 -53
83 98 4
82 95 -10
5 77 58
81 85 5
88 89 -1
61 98 -4
9 16 -4
78 86 -4
99 100 -1
41 67 -26
4 94 51
11 11 0
48 68 4
49 79 28
40 96 -27
61 71 -4
68 74 5
8 41 -24
40 81 33
7 55 -6
83 100 2
71 73 -2
44 93 42
72 98 19
99 99 0
78 100 -12
5 86 78
4 16 8
52 64 -3
8 64 33
98 98 1
70 84 -14
50 100 23
74 84 2
28 80 -48
78 89 -3
84 99 -7
33 67 -21
37 51 11
7 22 -7
61 91 -29
75 97 -14
82 83 2
35 89 17
62 73 3
48 70 17
67 75 2
68 70 1
13 13 0
39 93 -50
97 100 3
33 74 -6
9 39 3
57 85 -24
54 60 -1
85 98 7
59 100 -30
54 87 25
65 77 -10
43 88 -25
80 93 -12
55 93 -31
35 42 1
3 52 -28
15 77 -5
3 16 -4
71 72 2
37 89 -30
97 99 3
36 36 1
22 99 62
41 93 -3
25 70 2
43 92 -33
90 91 -1
44 59 5
3 90 -33
6 63 -45
