50 50
0 0 0 0 0 0 0 0 0 0 0 0 0 0 0 0 0 0 0 0 0 0 0 0 0 0 0 0 0 0 0 0 0 0 0 0 0 0 0 0 0 0 0 0 0 0 0 0 0 0
29 49 -2
6 13 -1
36 45 -8
6 6 1
17 27 4
4 38 -32
28 36 -6
13 13 -1
45 46 0
44 47 -3
16 32 5
45 47 -3
12 48 27
5 18 11
3 34 14
41 47 3
19 26 1
35 38 0
12 38 7
37 47 7
14 47 19
21 39 12
21 41 8
14 41 -11
3 45 1
13 25 -7
45 48 -4
10 48 36
23 30 7
42 44 -1
8 19 -9
14 15 1
44 44 1
22 46 -18
22 30 5
45 49 -4
42 44 -3
49 50 -2
46 46 1
18 43 -4
34 34 0
37 45 -6
15 46 29
36 43 -5
49 50 -2
1 18 -11
4 29 1
15 44 -24
17 38 -19
5 31 -1
