100 100
1 -1 0 0 0 -1 1 0 1 -1 0 -1 1 1 1 1 1 0 1 1 0 0 1 0 0 -1 1 -1 -1 0 -1 1 1 0 0 1 0 0 1 1 -1 -1 -1 0 0 -1 1 -1 -1 0 -1 1 0 0 0 -1 0 0 -1 0 0 -1 0 0 0 1 1 1 -1 1 -1 1 -1 0 -1 0 -1 1 0 1 1 -1 -1 -1 0 1 0 0 -1 -1 0 -1 1 0 -1 -1 0 1 -1 -1
79 93 0
29 71 7
91 91 1
23 64 -19
43 74 -11
95 97 -3
30 38 1
58 84 7
31 42 4
58 70 -4
60 69 -3
94 99 -1
42 77 -1
44 90 12
43 96 -7
95 95 -1
19 55 15
89 90 -2
83 83 -1
81 93 -3
58 68 -5
21 52 5
68 98 -11
14 66 -19
7 26 7
51 68 -5
41 58 -5
89 95 -5
62 80 -3
74 87 -3
30 68 1
71 84 -5
55 87 -15
95 98 -1
7 28 13
75 79 0
58 84 -11
46 52 -2
92 97 -3
50 79 3
30 41 7
41 54 0
75 86 -1
10 49 -6
20 61 -17
53 97 -14
20 87 7
5 73 19
52 68 -7
70 75 0
89 100 -5
56 70 7
55 79 7
20 26 -3
8 71 -1
54 75 -6
40 49 -4
42 99 -14
68 87 0
62 99 -4
92 98 1
59 75 1
47 76 -16
18 92 5
47 58 -6
43 60 -6
55 77 -5
75 78 -2
90 91 -1
39 61 1
30 47 -1
84 85 -2
14 21 5
85 99 -5
94 97 -4
95 100 -3
58 100 -1
60 73 0
63 70 3
28 36 -1
75 90 2
97 100 0
94 100 -1
93 93 1
70 97 -2
5 94 20
48 81 9
99 100 -2
50 84 -9
79 89 -3
24 27 2
21 30 2
67 97 1
61 96 -12
27 100 6
42 57 -5
45 45 1
50 57 -5
92 99 -4
93 94 1
