100 100
0 0 0 0 0 0 0 0 0 0 0 0 0 0 0 0 0 0 0 0 0 0 0 0 0 0 0 0 0 0 0 0 0 0 0 0 0 0 0 0 0 0 0 0 0 0 0 0 0 0 0 0 0 0 0 0 0 0 0 0 0 0 0 0 0 0 0 0 0 0 0 0 0 0 0 0 0 0 0 0 0 0 0 0 0 0 0 0 0 0 0 0 0 0 0 0 0 0 0 0
8 61 -11
22 73 -43
7 78 -50
91 97 0
52 53 1
40 96 48
65 73 3
86 91 -3
33 70 28
92 99 2
32 91 7
92 99 -5
28 37 5
60 85 21
92 98 -5
46 78 -23
36 70 23
35 48 -8
61 67 -2
66 82 4
34 87 36
30 86 -20
56 92 -22
100 100 -1
90 91 -1
19 54 -32
70 89 -12
40 55 6
43 75 18
40 83 -38
71 91 -11
74 95 0
31 54 -9
99 99 1
15 94 4
29 34 2
16 59 -6
72 85 10
79 82 2
10 29 10
42 96 26
13 73 -47
71 89 2
38 74 -6
44 82 -25
33 89 22
90 97 0
75 94 14
6 91 39
53 62 -7
15 56 1
75 76 0
68 91 -24
68 81 -10
44 51 7
58 58 1
10 32 -7
2 53 -4
80 99 17
93 98 -3
60 60 1
7 68 -19
50 65 -16
68 97 24
33 74 11
9 56 36
24 58 -30
92 96 -1
45 74 -18
52 80 27
10 85 11
28 54 -7
88 98 7
81 87 -3
88 91 4
33 72 21
46 76 -20
25 90 30
53 69 -7
15 42 -21
80 98 -17
77 83 1
21 55 -34
60 94 -31
84 94 -2
61 66 0
73 81 3
33 68 25
66 76 2
91 97 1
4 99 -86
50 51 -2
74 92 19
48 50 2
55 71 -16
15 17 -2
30 60 5
49 69 -12
78 96 -18
29 46 -9
