1000 1000
0 1 -1 1 -1 1 0 0 0 -1 0 0 1 0 1 1 0 -1 1 -1 0 1 -1 1 0 0 0 -1 0 1 0 -1 0 1 -1 -1 -1 0 -1 0 -1 1 1 0 -1 0 1 0 1 -1 1 0 1 1 0 0 0 -1 1 -1 0 0 -1 -1 0 0 0 -1 -1 0 -1 -1 -1 0 1 1 1 -1 0 1 0 0 0 0 0 0 0 1 1 -1 0 -1 1 1 1 1 0 -1 0 0 -1 1 1 0 0 1 1 0 1 1 1 -1 1 0 -1 -1 1 1 1 1 0 -1 1 -1 1 0 1 0 -1 -1 -1 1 0 1 -1 -1 -1 0 0 -1 -1 1 1 1 1 -1 1 0 -1 -1 1 -1 1 0 -1 1 0 0 0 1 -1 0 0 1 -1 1 0 0 1 0 -1 -1 0 -1 1 1 -1 0 1 -1 1 0 -1 -1 1 -1 1 1 1 0 1 0 0 -1 1 -1 -1 -1 1 1 0 -1 0 0 -1 1 0 -1 -1 1 0 -1 -1 1 -1 1 1 0 1 1 0 1 1 0 0 -1 1 0 1 1 -1 0 1 -1 -1 -1 1 0 0 -1 -1 0 1 0 0 -1 1 -1 -1 1 0 -1 -1 -1 -1 1 0 -1 1 -1 -1 1 -1 0 0 -1 1 0 0 1 0 -1 0 0 -1 1 0 -1 1 0 -1 -1 -1 -1 0 0 1 0 0 -1 -1 -1 -1 0 -1 0 -1 0 0 0 0 1 1 -1 1 -1 1 0 1 -1 -1 0 0 0 -1 1 -1 0 -1 1 0 -1 0 1 0 -1 -1 1 1 1 0 1 0 -1 0 1 -1 1 -1 -1 0 1 0 -1 -1 1 -1 -1 1 -1 0 -1 1 -1 0 0 0 1 0 -1 0 0 0 -1 1 -1 1 0 -1 -1 1 -1 1 1 1 -1 -1 -1 -1 -1 0 -1 1 0 1 -1 1 1 -1 0 0 -1 -1 -1 0 1 -1 0 -1 1 0 -1 1 0 1 0 0 -1 1 0 -1 0 -1 -1 1 1 0 0 1 0 -1 1 1 1 1 1 -1 1 0 0 0 -1 -1 1 1 0 0 0 -1 -1 1 -1 0 -1 -1 -1 1 0 -1 1 0 0 -1 -1 1 -1 -1 0 0 -1 1 1 0 0 1 -1 -1 1 0 -1 0 -1 -1 0 0 -1 -1 0 0 0 1 1 1 0 1 -1 1 -1 0 0 1 1 1 0 0 -1 1 1 0 1 0 1 1 1 0 1 0 1 0 1 0 0 1 -1 0 -1 -1 0 -1 1 1 1 0 1 1 -1 1 -1 -1 -1 0 0 -1 0 0 0 0 -1 -1 -1 -1 -1 0 1 1 0 1 0 -1 1 0 0 1 0 0 -1 0 -1 1 -1 1 1 -1 0 0 -1 0 1 -1 1 -1 1 1 -1 0 1 1 0 0 0 0 0 1 -1 0 0 0 0 1 1 1 0 0 -1 -1 1 0 0 0 0 0 1 1 0 -1 1 1 0 -1 0 0 0 0 0 0 1 -1 -1 -1 -1 -1 0 -1 0 -1 1 -1 -1 -1 1 0 1 1 1 0 1 0 -1 0 1 1 0 1 -1 0 -1 1 0 -1 -1 0 -1 0 1 -1 1 -1 1 0 -1 0 1 1 0 0 0 1 -1 -1 -1 1 -1 -1 -1 -1 1 1 1 1 0 0 -1 -1 0 -1 1 -1 0 1 1 1 0 -1 -1 1 1 -1 1 0 0 -1 1 0 -1 0 -1 -1 0 1 1 0 0 1 1 1 1 -1 -1 -1 -1 0 0 -1 1 1 0 0 1 0 -1 0 0 1 0 1 1 1 1 1 -1 -1 0 -1 0 1 0 0 -1 -1 1 0 1 -1 -1 0 -1 0 1 -1 1 -1 1 1 1 1 1 -1 -1 -1 0 -1 -1 -1 1 1 1 -1 -1 0 -1 -1 1 1 0 0 0 -1 1 1 1 -1 1 -1 1 1 0 0 0 1 1 0 -1 0 -1 0 -1 -1 0 1 0 0 1 0 0 1 1 1 -1 -1 -1 1 1 -1 -1 1 0 -1 -1 -1 1 -1 0 0 0 1 0 -1 -1 -1 -1 0 -1 0 -1 0 -1 1 1 0 1 0 0 -1 1 0 -1 1 1 1 0 0 -1 0 0 -1 1 1 -1 1 1 -1 -1 0 0 -1 0 1 1 -1 -1 -1 1 -1 -1 0 1 -1 -1 1 -1 0 -1 0 0 0 1 0 0 0 1 -1 0 -1 -1 -1 0 -1 1 -1 1 1 -1 -1 1 0 1 0 1 0 -1 -1 -1 1 0 0 1 -1 0 1 -1 0 0 1 0 0 0 0 1 1 0 0 -1 0 1 -1 1 0 0 1 1 0 0 -1 0 1 1 -1 0 -1 0 1 1 -1 1 0 -1 -1 1 0 0 1 -1 0 1 1 -1 -1 -1 0 0 1 1 -1 -1 0 0 0 -1 1 -1 0 -1 0 0 -1 -1 -1 -1 1 1
101 905 -162
593 905 -86
35 572 129
862 942 3
682 694 -1
945 977 -8
330 370 -11
95 579 32
982 994 -4
990 998 -7
908 964 -3
303 872 -42
448 717 -81
398 721 -67
281 846 -63
321 633 82
437 865 57
400 713 -77
451 718 45
320 565 45
923 947 -7
982 997 -7
791 811 -9
514 814 47
616 674 -19
648 800 33
290 767 -147
525 672 25
129 165 -6
135 670 -149
270 389 -45
310 845 162
804 835 8
809 871 1
169 515 -80
90 208 39
358 990 -14
605 755 37
251 931 -27
707 879 47
106 229 3
570 995 -5
923 949 -7
925 931 1
85 526 82
52 390 6
185 621 104
582 750 -14
636 838 -50
611 649 11
440 498 -13
988 1000 -5
930 995 -8
52 163 45
206 993 226
801 949 32
792 968 -64
913 978 28
412 924 143
951 961 4
362 622 50
131 652 -163
519 734 39
924 987 -24
822 923 -39
723 867 -39
935 958 -5
802 818 6
820 886 6
718 812 -27
509 515 4
904 904 -1
401 872 125
305 918 -33
95 578 -84
887 923 -12
44 656 31
228 339 0
94 178 8
777 843 -19
503 952 76
735 754 4
789 880 -20
670 974 83
453 629 -63
775 942 -26
907 952 -10
77 788 -48
737 789 5
558 686 46
18 608 -164
995 998 -4
717 748 3
345 689 9
175 986 110
751 980 20
539 985 139
384 853 -79
764 891 -13
260 973 -189
173 388 32
969 995 -3
295 765 -97
290 565 48
184 428 -31
970 987 1
793 912 -18
913 980 8
802 803 0
868 947 -4
761 926 -47
107 774 177
855 903 9
541 611 34
288 703 -89
808 887 -5
954 971 6
876 885 -1
499 897 127
2 731 -30
566 648 38
750 937 5
676 851 10
903 976 -2
199 377 41
299 853 79
522 709 -69
301 616 -40
582 640 22
706 801 -7
364 583 59
642 913 10
110 307 41
130 149 0
937 952 2
464 939 158
249 939 -23
222 414 -84
964 987 -7
626 991 -2
488 515 15
135 327 -4
112 789 -207
939 969 1
983 995 -6
990 997 -6
618 989 -37
929 930 0
464 616 -35
346 543 -65
424 972 37
967 998 -18
224 515 51
507 522 8
391 402 -1
870 944 13
355 905 -98
839 915 -22
699 798 5
558 608 -14
714 841 -36
133 597 65
118 632 40
594 766 -11
370 561 -40
195 667 -33
401 673 11
938 952 5
480 858 -14
75 109 25
704 874 -13
336 877 153
841 938 -34
905 921 -3
950 983 0
942 969 -4
113 437 -40
765 832 -14
7 128 -11
72 219 22
27 661 -21
858 934 -4
919 945 -13
762 967 46
416 721 52
419 673 -17
936 939 0
476 661 62
630 848 14
111 981 -4
16 391 -48
759 885 -37
118 479 16
652 999 -38
991 999 -7
559 644 18
49 836 216
172 696 -4
163 854 -230
711 770 12
415 734 -52
815 970 -47
544 814 25
995 998 -4
571 972 -4
316 705 76
610 999 63
214 410 -57
570 578 5
115 877 9
355 886 -158
927 999 12
325 818 -20
302 573 -46
964 977 -4
280 520 -52
25 685 178
643 729 17
756 913 -32
717 900 -24
418 658 6
735 915 -45
931 955 1
475 888 -103
813 822 4
836 958 5
255 748 -144
815 935 -23
68 694 54
150 856 154
113 434 83
344 345 -2
605 828 -38
903 942 13
856 944 3
334 921 -26
948 984 10
571 588 3
259 901 192
220 707 -172
481 954 -34
587 737 51
177 330 16
989 1000 -1
507 725 -26
571 682 39
338 884 122
587 791 21
951 990 9
747 839 -18
772 829 -10
765 969 3
424 893 -37
577 997 34
390 578 -13
591 908 16
321 731 -44
725 763 -6
976 983 0
726 846 -30
116 693 -154
579 915 -60
569 972 58
163 337 39
880 973 -13
80 817 36
52 214 38
705 916 12
92 809 -157
771 863 -21
344 520 -33
532 603 -9
244 332 11
797 941 -54
957 965 1
792 821 -3
907 930 1
363 796 -12
526 739 16
361 670 92
346 968 199
901 923 -2
666 736 9
623 651 -5
357 657 -84
749 854 -31
854 921 7
812 966 -11
381 758 16
956 962 1
589 612 -1
919 949 -5
174 472 -98
826 925 -14
554 765 23
283 302 -13
887 906 -13
220 886 -53
628 991 12
761 794 -1
89 286 42
909 999 -22
27 401 30
680 853 -28
613 934 -21
699 984 -30
428 562 -21
503 901 78
269 481 -5
351 989 -26
136 788 -97
748 753 -1
915 951 11
978 989 1
403 954 -9
325 851 -172
627 827 23
581 624 -1
382 953 16
299 711 49
784 821 -2
308 664 -88
792 895 -8
464 881 -109
196 476 6
499 884 95
488 655 16
140 675 65
274 670 -123
610 642 -13
594 695 -37
890 967 25
882 902 4
945 983 13
705 842 12
906 998 20
410 677 70
288 414 8
571 681 -13
619 691 -22
512 820 -66
43 920 -192
893 966 -9
454 697 30
755 912 14
147 261 -15
719 966 53
919 921 -3
99 243 1
863 914 -1
144 732 29
274 752 143
938 966 12
949 976 11
602 606 3
778 823 12
421 614 -64
821 872 -18
920 996 -12
986 991 -4
25 884 233
755 811 10
518 954 -7
236 556 -78
757 788 -3
869 901 2
572 747 40
742 881 -32
730 982 75
501 886 -99
104 725 -118
656 660 -1
313 692 85
970 999 -15
481 904 -91
3 76 8
118 127 4
527 723 -28
401 636 32
697 946 -64
999 1000 2
241 619 -125
654 718 -3
799 979 -57
384 490 13
948 966 2
377 849 -112
12 428 59
486 898 143
239 557 74
853 860 4
219 610 34
422 767 -43
243 458 -96
932 973 19
680 779 -18
921 995 13
572 793 6
914 939 12
231 792 18
860 889 -5
193 917 -243
613 818 61
790 792 1
990 990 -1
694 698 1
715 829 -3
944 947 1
710 962 -72
199 224 3
650 856 -5
358 413 -19
315 708 -34
641 705 -2
898 900 0
681 758 1
899 972 19
178 194 3
434 904 11
655 774 -5
955 985 -8
761 943 -23
343 649 -92
700 948 -16
691 944 -56
446 967 -7
308 972 137
993 999 -3
119 421 -46
579 615 2
212 511 -39
847 968 46
308 394 -4
74 143 27
275 719 -22
64 264 32
109 880 174
331 335 -1
844 886 3
538 892 -116
134 528 -82
922 998 12
563 688 -8
571 874 -38
113 760 -139
625 642 1
970 990 0
748 836 -19
647 988 49
356 897 90
244 441 27
366 526 21
195 816 -25
335 906 113
533 766 31
733 984 -39
570 755 10
232 917 -130
564 941 -91
810 947 -55
687 786 -8
998 1000 1
987 993 -4
283 804 -149
851 999 14
948 976 1
612 689 -3
519 668 39
992 997 -6
315 351 -2
586 747 6
434 655 28
674 897 -3
182 911 106
514 842 -7
120 936 -250
175 785 -2
424 620 38
886 964 31
705 799 21
553 948 53
180 415 1
70 199 36
537 731 -38
692 795 -3
53 290 -75
268 727 -8
695 905 -63
929 956 5
521 884 -74
585 762 13
223 748 -122
944 956 -1
234 983 127
144 685 34
379 619 89
338 535 -20
869 935 13
237 413 -13
354 747 -118
125 953 66
141 389 -58
763 994 -35
971 996 -13
32 814 -13
906 917 4
128 786 -22
188 955 -117
537 675 -19
285 603 85
577 960 -18
529 750 26
445 785 -90
392 398 -4
149 601 -58
534 691 14
160 580 -44
482 621 -23
689 784 -8
494 614 -41
109 900 41
832 909 -2
890 991 7
766 949 49
440 457 -5
145 741 -39
284 972 19
348 417 8
410 983 -126
203 215 1
543 640 -1
365 473 -4
354 637 37
255 693 -96
194 766 -119
304 336 -2
314 921 -80
246 653 -90
692 718 4
183 520 -49
238 905 -205
789 973 -27
912 980 -5
943 954 -1
539 981 145
418 949 -52
373 764 -24
843 981 37
951 993 -7
143 571 -30
61 777 -207
430 496 -26
754 908 -29
714 835 7
77 550 85
306 581 82
957 980 -3
393 495 -17
228 254 -4
848 994 33
889 984 23
296 435 -23
488 607 41
388 939 -32
501 919 133
327 615 101
461 763 16
226 918 169
388 511 25
289 697 34
77 797 -192
873 934 -13
252 859 103
878 920 6
88 521 -135
628 817 -39
47 451 36
998 998 -1
325 758 125
928 937 6
299 670 101
788 875 4
114 322 21
509 557 -20
923 993 8
639 987 -16
211 593 120
491 618 49
6 9 4
871 964 -4
193 647 73
170 858 -170
921 972 22
5 94 4
297 720 0
990 990 -1
457 514 15
471 574 25
17 494 85
177 308 -35
591 656 -20
655 961 -90
354 608 -71
440 918 13
134 637 108
921 989 8
584 629 16
615 820 -8
513 517 -3
190 800 -129
551 578 0
109 144 2
155 174 -8
351 399 2
689 952 9
988 1000 -6
296 578 9
301 701 -80
329 687 39
504 831 5
537 878 -23
265 422 4
784 984 55
790 964 -20
24 764 -254
258 354 13
794 997 -45
828 949 -17
824 875 -13
538 961 20
546 763 -10
952 953 -2
993 1000 -4
964 969 -2
530 854 103
129 388 -42
402 904 -159
32 718 -225
659 982 -2
947 977 -4
742 970 -65
254 435 6
821 851 5
823 855 -9
558 854 -35
77 643 89
572 717 -26
92 891 -97
4 724 -231
894 952 -6
613 898 -34
573 707 13
374 645 69
110 112 1
598 682 20
198 627 -44
893 974 -18
220 869 -78
688 746 7
257 559 -24
393 940 -33
211 755 167
178 759 -174
733 883 27
882 964 -13
472 602 24
340 615 -66
500 804 -59
539 664 -2
760 915 -27
202 388 39
82 343 -11
420 677 24
384 561 49
210 661 -11
692 783 4
696 783 -5
289 385 8
514 694 -53
702 987 -2
781 986 17
53 499 75
151 555 109
708 917 -51
752 812 -6
37 569 151
86 508 -29
201 278 -25
27 835 66
96 896 -224
337 978 -225
743 755 -5
767 781 -6
358 525 35
509 665 -38
903 991 18
507 918 -91
284 918 18
453 765 -48
668 837 41
859 928 -16
415 762 -83
223 900 145
386 967 -84
838 981 -23
501 627 -15
616 863 -22
421 919 117
936 969 4
68 717 -224
281 454 -14
80 186 28
734 933 -66
201 516 -74
227 675 -135
799 951 -3
649 687 -9
81 946 -256
857 936 -22
825 843 -12
746 969 -28
921 936 -8
317 501 -44
710 755 7
440 547 20
917 917 -1
169 934 -248
226 727 13
394 462 7
803 810 1
233 445 -73
636 709 4
996 996 -1
508 859 98
780 791 -2
831 960 -12
722 826 5
229 508 -29
75 692 193
367 842 73
669 750 -9
706 907 -35
451 637 -63
38 369 -16
322 990 -61
870 934 -10
807 945 11
575 697 24
5 632 -104
408 580 40
422 498 -25
763 777 -1
772 795 -1
752 923 -4
150 682 -123
119 959 -201
987 998 -8
59 229 -11
716 852 -16
347 494 -15
666 843 -13
86 722 24
355 600 33
433 822 -22
866 909 -4
115 153 0
941 988 3
579 885 -94
810 846 -18
508 920 39
162 981 87
727 869 4
426 814 -91
661 896 54
564 637 -1
36 307 36
851 957 13
501 691 -45
516 698 12
236 891 47
380 815 -144
480 728 -14
811 835 4
848 850 1
324 544 -31
567 645 27
330 629 -52
302 397 -22
952 982 2
852 906 -24
905 946 -2
724 979 50
266 642 29
532 945 32
774 857 -21
574 653 -26
651 733 1
845 893 1
620 693 -15
727 941 0
686 930 -65
747 836 -12
133 876 107
128 820 64
875 964 -7
297 956 195
522 813 19
376 572 -57
341 633 100
419 707 -43
397 631 -50
628 868 22
139 542 -152
769 909 -47
152 806 113
18 513 -19
28 573 48
463 560 -9
116 223 -14
998 999 0
179 792 171
675 905 64
975 995 -7
726 819 31
928 942 -2
143 967 -266
288 871 -110
777 849 1
650 683 -2
438 545 -40
306 823 -87
937 945 1
869 953 -25
516 673 46
948 962 6
748 816 10
124 263 -20
305 868 -32
894 916 -3
242 972 -61
28 260 -14
145 433 -81
652 710 -16
648 755 21
638 776 29
316 684 -52
473 851 -11
328 334 3
735 754 1
975 990 -4
172 199 6
187 339 -21
484 768 -86
471 976 7
575 815 -58
820 897 16
655 721 17
469 600 31
189 775 63
543 704 61
649 728 -20
403 968 -60
551 809 25
952 992 5
837 841 -5
331 860 118
13 622 197
817 993 -3
581 869 -60
176 201 -2
250 361 -56
227 406 -48
145 622 -26
736 985 -69
220 655 138
456 850 -110
858 864 0
257 874 129
954 960 -1
411 927 -52
462 992 75
132 268 -2
642 854 -66
359 657 -47
772 811 -11
634 659 -5
179 906 -256
261 626 100
536 689 13
457 924 33
471 491 5
38 979 169
519 959 -37
676 807 -13
377 521 -42
736 906 -55
906 997 20
495 870 -42
65 792 -175
270 745 124
262 695 -26
813 934 -32
136 386 18
80 735 -122
432 671 64
922 995 29
132 289 20
358 976 158
95 592 133
697 910 48
474 890 117
453 774 91
231 275 -11
980 982 2
726 856 -41
688 941 -44
516 893 51
700 813 -23
22 722 26
23 745 -76
671 732 -12
74 673 -138
915 966 -14
488 953 -68
905 953 -10
677 825 -12
614 741 25
49 170 -28
755 847 -21
535 636 -37
669 715 11
53 961 68
832 957 7
99 153 0
734 864 -34
187 633 -171
576 670 28
601 817 35
165 632 16
747 764 -3
411 452 5
499 540 -14
692 737 4
618 891 26
83 834 166
391 612 -21
432 715 -79
339 372 3
673 933 -43
877 965 25
415 744 -80
265 672 55
198 662 32
396 916 34
140 259 -25
836 973 16
173 412 -73
568 881 -92
23 52 8
871 971 -14
765 784 -1
386 927 4
46 168 -11
922 992 22
850 850 1
650 801 -30
889 978 -29
659 703 -3
722 970 32
587 766 -53
680 838 -42
129 414 -59
154 197 -7
851 870 -1
233 235 -1
366 716 -118
250 984 -237
537 828 90
130 697 12
829 996 33
934 937 1
759 896 -7
949 985 -4
725 837 -7
878 972 -19
522 540 3
332 672 32
342 638 46
301 361 3
28 927 -207
311 725 -38
548 629 -9
736 937 -9
796 966 39
212 920 -131
487 767 7
357 529 47
153 546 102
896 963 0
914 996 34
