100 1000
0 0 0 0 0 0 0 0 -1 0 0 0 0 0 0 0 1 0 0 0 0 1 0 1 0 1 0 0 0 0 0 1 0 0 0 0 0 0 0 1 0 0 0 0 0 0 0 0 0 0 -1 0 -1 0 0 0 0 0 -1 0 0 0 0 0 0 0 0 0 1 1 0 0 0 0 0 0 1 1 0 0 0 0 0 0 0 0 0 0 1 0 0 0 -1 0 0 0 0 0 0 0
27 51 13
30 49 2
85 97 10
3 69 -10
9 51 8
49 69 3
98 98 0
21 54 10
41 84 -21
16 81 44
100 100 1
62 99 -16
79 97 8
43 70 4
88 94 -1
98 100 -1
69 90 12
53 77 8
69 74 -2
52 53 -1
67 69 2
11 46 -3
37 96 35
86 93 -3
28 62 15
81 86 -4
47 57 -6
40 100 -47
60 92 -14
64 64 0
58 80 3
2 28 24
39 42 2
12 81 53
70 96 25
10 84 50
18 50 -7
89 97 5
54 54 0
17 39 -12
9 57 21
84 99 -14
28 37 9
62 96 29
24 62 14
30 84 46
19 76 32
77 89 5
76 78 3
47 78 0
72 85 6
88 98 -6
71 74 1
49 85 -27
88 89 2
62 85 1
34 66 8
47 82 5
57 94 11
62 69 8
36 64 20
2 37 15
75 76 0
14 86 40
56 79 -3
81 87 1
64 70 -1
16 99 -45
43 90 -10
88 89 2
5 92 -44
93 95 -1
78 98 -1
48 79 8
76 93 10
20 81 2
83 99 -13
28 94 1
12 53 -22
4 30 -1
63 100 18
40 99 2
70 100 -14
15 80 -42
34 42 1
65 75 1
91 99 4
25 79 -10
91 93 -2
11 73 -6
3 43 -5
71 74 -1
55 60 -3
42 100 50
59 73 7
91 92 2
100 100 -1
17 96 7
4 16 -7
26 71 -20
73 79 5
19 32 7
79 91 9
75 75 1
10 47 36
12 35 23
7 99 66
60 60 1
32 48 8
78 80 2
100 100 1
20 91 -52
67 93 -12
58 71 -10
25 27 2
44 83 31
42 47 5
39 77 -8
50 51 -1
26 26 1
45 86 -29
66 83 15
48 58 -3
46 62 -8
17 36 -3
94 96 -3
14 53 23
97 99 2
90 94 2
76 80 -1
30 80 34
48 84 -6
74 99 -11
11 25 4
56 67 -1
82 93 -6
84 89 -1
77 79 3
98 98 0
8 17 -2
71 81 11
25 90 41
78 91 5
74 88 9
15 29 -2
44 75 9
10 71 -30
11 27 -1
18 75 36
21 98 36
90 100 -9
53 73 -14
65 96 17
22 46 -2
96 96 1
44 52 7
30 34 5
13 34 15
37 69 2
16 88 1
67 72 2
94 97 4
25 61 22
46 80 4
94 100 -2
37 62 19
10 44 -20
79 89 -9
27 79 -22
50 64 -1
28 48 14
12 86 13
34 95 43
67 73 7
50 77 -18
32 35 -1
67 78 3
73 90 -5
29 92 18
45 62 5
79 88 -10
67 79 3
34 63 21
96 96 1
8 61 -35
56 95 30
97 99 -3
58 66 2
88 88 -1
50 72 3
67 91 20
59 84 17
51 68 12
95 99 -4
65 99 -19
96 96 0
84 86 -3
80 100 15
99 99 1
60 76 15
52 68 6
94 99 -6
65 100 33
19 31 -6
76 85 0
8 92 14
18 97 -48
81 87 -7
96 97 -1
71 91 7
92 99 -2
45 57 7
64 79 0
96 96 1
4 45 26
95 98 2
7 51 -20
58 67 0
47 65 -10
32 91 51
8 83 -56
29 45 -6
4 43 -28
13 69 9
59 89 23
54 64 8
89 92 1
72 79 -3
62 76 10
16 55 -24
71 77 4
21 53 -22
78 94 -9
45 72 -7
51 77 12
4 98 30
38 56 1
88 94 -1
90 96 2
45 92 18
73 99 3
7 18 -9
47 90 -30
59 88 10
16 53 -15
6 44 -17
44 66 -18
43 62 1
36 72 4
39 53 -6
59 67 -5
56 58 -1
12 84 -33
77 93 13
10 78 42
76 86 -1
66 73 0
36 62 3
96 100 1
61 64 -4
45 85 12
8 46 -21
95 100 -1
34 45 2
47 74 0
56 65 6
71 84 -6
23 58 22
34 97 0
71 76 2
62 77 5
56 86 9
97 100 -3
99 100 -1
92 96 1
36 65 -25
59 77 -7
40 74 -10
51 79 -19
54 91 17
62 91 28
71 89 2
19 20 -2
78 99 6
91 94 -2
49 85 -6
35 90 -37
69 99 27
84 91 5
44 65 7
73 76 3
76 82 5
14 80 52
19 69 13
72 79 4
42 49 7
61 67 7
59 95 -22
22 85 -22
73 74 0
91 92 1
84 86 0
16 42 5
85 87 -3
59 67 -2
21 64 -32
69 94 5
60 70 6
45 65 -18
60 89 -5
2 74 34
11 86 28
52 87 13
95 96 -2
84 88 1
9 39 -17
58 95 15
44 93 29
64 100 26
63 74 -2
64 69 1
92 98 0
11 42 -10
1 55 40
62 89 -18
40 71 -24
22 87 53
73 83 9
100 100 0
24 24 1
82 86 -1
96 98 3
34 47 13
65 80 13
3 83 69
28 88 20
94 97 3
22 32 10
4 91 55
35 68 -20
98 99 -1
37 51 9
88 97 -6
47 82 -21
78 81 -1
12 51 34
80 94 -8
77 90 -1
21 50 18
54 74 -16
53 89 24
71 95 7
26 68 10
16 24 3
66 85 0
12 92 35
88 100 -11
76 83 3
13 86 17
45 86 11
40 66 -12
97 98 2
16 43 3
62 66 -4
7 90 -57
100 100 0
24 51 -16
53 71 -6
35 61 14
45 74 -19
48 51 -2
75 93 14
52 86 18
44 44 -1
70 93 -12
28 34 1
84 90 4
67 83 13
59 68 7
95 95 -1
87 90 3
97 98 1
4 89 -64
80 84 0
23 87 -29
97 99 -1
75 75 -1
55 94 -29
69 74 5
45 77 -8
56 67 -3
69 78 -2
37 62 -14
70 95 12
63 83 -12
70 95 8
33 56 14
53 66 -14
35 75 -1
31 58 19
65 95 12
64 84 5
94 94 0
87 92 0
51 92 14
35 95 5
68 83 4
68 86 10
42 83 18
67 90 -3
72 96 -2
76 85 1
88 88 1
61 70 0
55 94 4
89 89 1
31 70 32
71 98 -19
100 100 -1
88 88 -1
22 22 1
64 69 -4
86 99 -6
25 79 3
34 43 8
68 80 -3
92 93 -1
21 62 8
6 97 -27
12 34 -4
7 94 39
22 58 10
59 61 -3
14 84 10
83 94 -2
62 82 -7
92 95 -1
78 87 0
44 96 29
12 43 -17
95 95 -1
92 97 -2
84 97 6
52 95 -17
26 70 -7
77 98 -3
83 88 1
6 12 -1
41 99 -4
92 96 3
66 95 10
72 84 1
90 94 3
94 100 1
7 55 17
17 83 40
25 62 0
45 86 24
32 35 0
81 81 1
63 88 5
43 48 2
7 85 15
79 99 9
63 64 0
63 81 -8
80 90 -7
91 91 1
40 81 -12
9 41 1
37 97 -43
93 96 1
19 76 -34
27 34 7
34 84 21
52 100 -5
55 80 3
70 96 -11
35 98 -35
27 27 -1
31 40 6
70 90 -1
2 78 7
18 73 0
89 95 4
39 40 1
8 51 -3
38 49 7
90 91 2
93 93 -1
41 73 17
40 51 8
76 98 11
22 53 5
98 100 -3
58 96 -6
21 55 21
51 89 -9
4 25 1
60 61 2
64 86 11
87 91 -1
3 30 -2
56 70 11
99 100 0
50 64 -7
24 32 7
7 44 0
69 87 -2
75 98 -4
97 98 -1
53 86 -18
35 61 -12
25 52 -6
42 52 -5
19 58 11
35 40 -3
50 82 5
6 69 43
81 94 -6
61 85 -17
86 97 10
32 87 -21
33 45 7
78 93 6
81 89 -4
68 99 -5
42 95 34
70 83 13
87 99 8
89 93 0
53 65 -13
97 97 1
8 87 19
25 63 3
69 88 -1
49 82 13
67 89 13
66 88 -13
91 97 3
47 73 18
30 88 -30
99 99 1
82 95 -11
39 63 -14
56 79 3
83 92 7
67 98 -17
20 77 -31
27 46 1
38 42 1
70 81 3
83 98 -10
12 69 -7
27 63 28
100 100 0
64 82 0
97 99 -2
69 75 5
76 83 6
69 93 22
4 96 82
88 92 -1
5 59 -38
48 79 0
67 70 1
17 51 -6
37 68 -9
94 95 0
62 67 -4
73 82 3
45 63 -7
80 93 9
62 71 5
63 92 -5
47 51 -2
17 32 15
70 71 0
92 98 1
46 69 3
52 78 -6
22 86 18
16 33 4
18 82 13
74 80 -2
43 96 40
92 96 -5
9 16 -3
34 80 -24
61 84 9
30 74 34
26 61 -23
87 94 -5
29 91 30
60 61 1
32 84 -19
26 92 -5
77 83 -1
78 82 5
77 87 10
1 71 -42
65 100 -20
46 83 4
42 44 -2
21 35 13
6 26 -4
97 98 0
64 98 -10
21 62 -3
1 73 -51
84 92 5
86 98 -4
66 80 4
24 28 1
26 36 -1
75 75 1
20 89 16
61 72 -1
65 84 18
100 100 0
84 90 -4
34 69 -29
8 47 4
24 31 5
21 52 -22
91 95 -3
20 64 7
25 67 -17
41 69 16
11 17 0
29 91 -17
1 17 9
99 99 -1
1 97 -26
79 91 3
99 99 -1
79 86 -4
73 85 6
80 97 8
90 95 0
63 66 3
64 74 2
12 35 -12
12 31 1
48 55 4
57 84 6
8 49 -23
98 98 -1
5 19 -9
39 65 -1
58 87 -12
80 81 -2
59 93 -1
41 88 -5
40 52 -2
84 99 1
32 40 5
3 72 39
53 91 -18
36 75 11
19 43 25
76 78 3
11 65 -11
89 92 4
38 77 -3
26 91 38
5 100 9
13 55 -28
16 17 0
23 62 11
20 41 12
1 56 -43
8 93 43
80 84 -3
62 65 1
93 93 -1
90 91 1
2 79 33
37 66 -27
28 81 4
80 80 -1
54 82 -8
99 100 -2
41 59 -14
35 82 27
26 52 -11
93 97 0
41 48 5
74 86 -9
50 51 0
32 36 -3
18 44 0
83 97 13
35 92 33
30 44 -7
65 65 -1
37 91 -43
29 50 18
19 48 -16
74 95 18
44 75 23
24 81 -4
78 83 2
26 98 -37
67 80 4
100 100 0
100 100 0
60 68 -8
6 95 20
18 38 5
20 20 1
62 92 -7
16 80 -7
91 93 -1
7 39 8
64 97 13
46 89 33
55 75 16
18 84 -35
64 81 0
58 58 -1
5 43 8
42 67 -20
93 97 2
79 97 10
44 75 -1
66 95 1
90 99 6
19 76 24
29 80 -21
53 94 8
64 86 17
26 53 -22
74 89 -8
99 99 1
88 97 8
64 98 -5
12 86 20
58 95 -7
41 75 -21
24 60 2
60 73 2
6 44 37
34 57 7
32 75 -36
80 80 0
43 99 -5
22 93 -40
52 68 11
81 85 4
79 83 2
37 86 -26
89 91 1
16 60 15
35 63 5
38 58 -18
9 50 30
37 81 21
61 84 13
37 97 48
13 66 8
8 15 0
12 94 -22
90 91 2
97 99 0
21 85 47
99 99 0
60 67 -4
32 32 1
55 65 9
41 99 29
67 78 2
21 60 23
37 69 -4
98 99 0
38 72 -5
79 83 -5
35 86 -40
60 73 0
23 37 -7
98 98 1
90 94 -3
92 95 -3
26 38 -8
10 40 -7
38 71 27
29 60 17
20 33 11
89 95 -1
54 59 3
22 83 27
52 54 0
98 100 3
26 99 4
73 95 5
18 94 -40
30 93 -26
87 93 -3
71 100 28
88 92 -2
93 96 1
73 86 14
39 73 0
74 81 3
61 76 5
86 90 3
98 100 0
49 61 -1
32 65 18
15 71 -41
55 61 2
17 18 2
22 60 -12
19 98 62
92 100 -4
100 100 -1
29 65 -21
76 97 7
95 95 0
72 88 12
13 67 9
30 76 3
38 50 1
64 67 -4
39 77 32
97 97 0
11 13 1
35 40 2
88 99 -8
64 91 19
34 45 7
5 54 -27
12 21 3
43 85 -34
80 81 -2
80 100 -7
74 96 -7
45 89 -27
84 100 7
39 42 -2
87 90 3
66 66 0
26 31 1
23 45 4
31 82 13
42 46 4
64 80 15
81 92 -3
12 33 18
75 79 2
51 76 3
95 97 -1
36 88 -41
55 100 9
92 95 2
85 97 4
27 37 -5
24 43 -10
53 91 17
91 95 0
67 82 -2
53 99 -19
59 82 18
50 83 17
43 80 -9
47 84 -3
96 100 1
68 88 -9
94 100 -4
33 51 -7
82 88 5
11 85 -3
22 33 10
35 65 10
34 83 33
60 64 -5
63 87 -3
57 61 -5
3 77 38
53 56 2
24 84 55
91 100 8
59 79 -4
24 75 27
41 87 -22
64 84 -2
41 59 0
65 75 2
90 91 -1
45 85 0
8 70 22
9 48 -7
19 20 1
91 95 1
67 71 1
48 81 -2
98 99 -2
83 86 -2
17 74 2
30 53 13
59 82 4
48 75 -22
46 100 41
66 70 3
38 56 -16
88 96 6
3 16 -9
10 85 0
69 92 20
100 100 0
95 95 0
60 85 14
81 84 -4
38 42 -2
7 51 32
57 100 -25
55 73 -9
20 32 4
3 12 -7
47 86 10
63 80 4
77 98 -4
31 43 2
91 91 1
4 68 -10
62 87 -3
37 61 -10
35 75 35
82 94 11
86 87 -1
77 80 0
91 98 2
86 94 0
15 42 -16
34 77 19
85 93 -2
63 66 3
29 37 -1
79 79 -1
39 66 6
8 55 -31
43 51 2
8 72 55
72 72 0
6 22 -9
44 98 22
49 53 0
41 50 5
21 73 -13
3 59 -32
77 81 -1
41 81 -2
93 100 -6
39 93 -30
67 88 -14
57 99 -12
23 46 10
58 89 3
90 100 -2
28 85 -34
98 100 2
81 87 -6
63 83 -9
2 15 2
97 99 3
91 98 -2
28 79 -21
58 68 -3
46 67 -8
8 40 0
97 100 2
79 81 -1
94 97 -1
37 72 18
81 87 -3
87 88 0
64 92 -14
63 100 33
99 99 0
50 80 0
22 71 13
37 95 29
44 82 -25
95 99 4
75 84 -2
15 82 27
58 71 12
78 78 1
94 97 -3
63 100 -24
86 89 3
31 61 -17
25 82 -28
26 33 5
86 93 -3
84 97 11
92 92 1
17 32 9
9 72 48
73 94 5
