299 107
112 168
37 198
34 173
44 279
191 208
263 267
81 101
112 132
16 185
231 255
89 162
192 219
110 277
71 217
136 235
212 293
35 174
32 105
113 267
78 216
10 55
17 221
106 264
86 237
60 164
184 256
35 288
44 250
134 212
60 190
186 272
18 287
113 129
44 186
113 155
241 289
144 292
118 192
155 239
41 251
19 196
259 285
26 92
169 230
25 85
27 40
142 247
100 239
48 115
45 221
72 226
89 137
20 123
161 216
82 187
93 118
144 235
89 194
60 137
150 267
76 175
3 237
92 194
149 252
208 260
136 148
253 282
95 116
105 141
43 223
143 231
146 164
202 212
242 268
58 245
96 264
23 82
67 125
232 278
32 114
6 163
246 256
63 79
44 244
178 240
45 152
189 277
46 131
112 184
192 227
45 220
72 220
56 284
126 179
198 264
120 283
120 251
147 241
173 197
157 229
65 126
134 164
127 218
164 258
9 12
17 146
50 118
