66 1128
47 56
25 42
4 15
34 58
43 55
48 64
5 25
8 16
21 46
18 46
40 50
21 44
22 55
7 34
23 62
12 45
19 48
12 59
1 13
23 36
11 41
23 32
37 39
7 11
58 65
27 31
36 40
42 53
18 48
41 62
31 51
4 56
13 58
28 43
23 40
25 51
30 62
26 51
37 63
55 57
11 44
4 30
23 37
24 37
11 54
51 65
35 64
39 52
19 33
42 48
2 49
1 57
42 47
4 36
18 24
17 51
16 50
4 32
17 44
36 60
5 66
7 60
29 30
11 19
1 2
17 30
19 54
6 30
29 41
39 58
34 57
36 51
11 40
22 29
6 28
28 44
42 45
49 56
33 51
9 26
4 28
22 57
4 20
2 5
51 54
19 27
2 7
46 65
37 45
20 45
29 49
26 35
9 20
6 17
18 65
24 34
12 19
1 59
52 57
32 48
22 58
40 46
30 61
15 28
29 36
10 17
18 63
16 40
49 60
11 14
10 29
54 56
12 51
19 21
37 38
60 62
13 41
26 52
16 29
38 59
47 63
30 35
20 37
30 59
9 47
20 46
35 37
7 47
2 16
2 54
22 60
16 17
33 58
24 43
2 45
10 39
25 30
5 53
30 64
3 11
3 45
20 23
15 17
47 60
23 55
37 50
21 42
35 65
25 50
6 29
30 57
5 8
31 49
20 33
20 30
31 56
9 22
44 60
54 61
35 41
5 59
12 44
4 43
45 51
32 50
59 62
56 58
29 53
18 54
15 58
9 59
25 57
4 42
46 64
13 66
5 15
26 31
22 27
21 36
31 42
43 62
1 16
2 37
6 59
3 55
31 57
2 24
26 47
4 10
58 59
29 31
16 41
21 61
32 42
6 46
44 57
6 51
28 31
23 27
10 23
38 64
8 15
4 6
10 61
32 40
20 58
17 54
14 59
1 9
3 9
33 47
9 24
36 52
26 37
38 47
9 37
45 60
40 49
37 43
51 60
4 18
40 47
15 30
14 38
33 56
27 47
19 40
17 60
15 53
19 49
45 64
36 50
22 64
37 52
47 49
8 10
18 42
57 63
27 57
44 55
14 32
16 18
25 52
24 45
21 35
57 64
3 54
5 17
2 58
21 39
22 65
31 64
36 65
29 62
16 51
8 38
21 23
7 51
12 18
33 55
15 65
3 62
46 49
15 63
31 32
35 45
9 28
2 56
29 55
24 26
53 63
53 58
15 19
29 63
35 62
32 52
36 66
54 60
49 55
5 35
13 61
3 66
9 33
1 28
23 57
8 44
30 39
10 30
7 16
20 47
19 64
1 40
11 23
1 18
54 64
4 47
5 44
35 42
5 47
7 13
31 35
45 50
35 51
55 62
54 65
61 64
40 58
29 50
35 52
43 48
6 13
27 32
50 63
35 38
5 51
25 60
19 28
25 36
10 25
23 45
4 53
16 20
16 48
5 65
26 58
47 57
58 62
17 46
9 16
48 63
20 57
19 59
7 40
6 63
4 45
31 47
1 35
5 39
15 39
16 56
4 65
21 40
11 46
17 49
14 34
34 60
44 58
4 17
18 43
30 55
23 26
24 58
6 53
2 43
22 26
13 14
32 54
45 59
12 34
13 35
12 54
32 39
38 46
49 65
20 32
13 20
56 62
14 47
8 21
2 66
9 29
27 45
5 32
33 60
31 33
1 27
47 62
13 33
22 30
7 54
46 51
42 43
15 60
38 43
33 49
34 65
42 52
7 22
24 57
24 39
38 66
5 12
38 57
9 12
24 59
33 45
47 59
21 55
22 51
10 20
29 46
15 34
3 33
11 59
24 55
8 31
12 27
5 21
3 26
27 55
3 57
8 28
18 22
3 60
25 49
25 53
52 64
5 45
11 62
42 55
55 64
40 60
18 51
20 54
19 46
7 24
2 38
52 56
11 18
29 64
43 53
2 50
4 66
12 41
6 42
9 61
2 63
37 49
37 54
21 26
37 60
43 61
21 41
38 51
8 33
22 66
9 10
1 25
23 52
20 26
10 53
9 48
28 51
7 57
12 40
40 56
11 29
10 42
50 51
37 53
26 55
5 46
10 43
5 62
4 50
3 61
31 58
13 28
64 66
4 21
43 47
44 47
20 52
3 63
3 59
40 62
43 66
5 58
17 19
28 56
2 60
1 56
16 21
22 62
41 54
2 21
14 66
52 58
58 61
1 64
44 54
13 19
11 38
12 62
3 35
5 18
14 26
58 66
57 59
9 63
8 47
29 35
42 51
3 22
2 36
19 44
43 54
26 41
17 56
34 52
31 61
6 39
23 51
27 62
48 50
18 58
9 23
1 19
9 39
8 43
63 64
55 66
21 65
13 55
42 59
12 31
9 36
9 51
57 66
15 37
52 62
11 16
48 55
39 61
19 24
13 32
23 39
40 63
41 45
1 51
62 66
29 58
22 53
2 41
2 33
13 64
31 34
25 34
22 40
29 39
24 38
26 50
38 54
8 51
41 43
16 47
35 63
23 31
33 65
13 38
20 27
46 62
26 38
41 42
35 66
9 46
3 47
2 47
7 42
38 45
53 62
14 63
22 42
12 63
26 46
5 49
52 66
17 25
4 41
22 49
12 65
29 56
16 49
12 48
26 63
28 54
37 61
18 33
4 62
41 60
2 27
1 53
6 9
18 41
27 51
2 23
1 21
33 36
21 56
15 44
9 56
19 38
57 62
34 44
4 57
27 43
29 61
6 36
52 55
6 15
55 60
6 48
10 49
1 47
17 61
24 65
13 40
12 29
9 49
28 59
15 46
13 62
6 54
4 64
27 35
7 53
11 12
33 62
33 38
36 49
18 29
37 62
8 57
7 17
38 58
43 59
32 58
12 16
5 36
41 53
13 29
20 55
19 60
23 53
16 62
12 36
34 50
23 66
5 41
23 41
14 49
2 11
12 14
21 51
17 63
3 27
41 51
34 45
15 16
13 50
44 59
5 52
9 60
54 66
33 54
32 47
17 41
3 58
33 48
42 50
6 34
21 34
33 46
53 54
14 29
35 44
34 40
25 35
39 54
5 60
38 63
5 48
19 41
20 48
31 41
12 30
28 66
43 58
55 61
15 59
19 63
14 44
24 36
9 53
21 45
23 38
20 28
10 28
22 24
24 61
48 58
1 42
1 36
21 48
11 45
3 24
29 43
21 28
26 45
18 60
10 59
34 47
6 23
12 20
18 62
9 43
32 43
24 35
40 45
14 21
19 25
1 37
8 65
48 51
26 36
31 43
42 66
36 54
7 26
2 30
14 18
26 27
5 61
32 63
35 39
17 35
39 57
11 31
2 14
56 61
7 30
52 61
2 57
12 64
5 28
8 55
26 49
43 50
34 39
10 65
21 30
13 46
19 34
13 53
32 62
8 46
10 14
1 7
14 65
39 41
3 53
2 29
10 58
7 20
8 53
5 30
53 55
25 54
16 52
59 63
61 63
4 9
12 60
9 15
18 30
13 24
50 62
16 38
3 12
7 48
55 63
10 48
24 48
25 26
6 65
20 31
21 27
7 44
20 53
24 53
15 55
14 48
5 38
5 43
12 24
37 55
22 43
44 56
18 21
40 44
35 43
7 58
1 32
2 9
15 27
31 66
31 45
41 66
59 65
7 43
3 20
16 28
21 59
20 24
41 46
8 37
4 52
30 66
19 52
29 57
3 15
37 56
8 64
3 25
1 49
4 29
22 37
4 35
21 60
23 46
50 65
16 30
38 48
7 8
9 44
9 52
4 61
11 17
17 52
20 41
38 40
8 14
32 61
27 56
37 51
20 63
9 42
23 61
31 36
36 38
32 64
38 56
39 66
10 19
34 62
15 52
6 33
50 53
11 51
20 42
4 7
10 52
41 61
9 50
32 46
8 30
54 59
13 54
16 36
14 43
9 66
46 56
5 26
49 50
15 50
37 41
3 14
17 57
10 12
37 65
4 38
3 42
16 53
28 64
34 36
32 45
49 54
42 63
56 65
16 55
14 17
30 33
4 34
8 27
11 49
5 55
28 33
7 37
55 58
20 64
17 62
40 55
34 38
22 45
14 62
25 43
5 23
6 50
19 43
16 25
12 37
11 20
2 22
24 50
8 39
4 33
23 35
1 22
15 22
1 38
4 16
1 8
11 52
4 59
21 32
41 65
23 63
62 64
13 27
9 18
2 40
45 58
9 57
20 44
1 65
25 45
29 48
61 62
32 51
42 60
32 35
24 49
15 36
11 35
35 40
25 56
7 35
54 55
6 58
29 60
38 55
8 11
12 52
28 61
23 60
9 34
10 44
36 53
32 66
34 49
41 55
13 44
27 50
29 59
7 25
56 63
14 24
46 58
15 20
7 29
21 29
52 59
44 62
52 54
27 38
1 14
7 32
3 51
60 66
33 57
16 23
2 19
24 54
35 48
51 62
28 48
22 31
10 45
30 50
26 29
3 13
9 54
22 44
8 66
14 19
46 50
27 40
48 53
3 16
20 49
8 42
43 57
16 54
23 28
17 43
46 52
16 31
42 64
18 45
5 40
13 43
36 62
12 39
43 63
16 35
19 53
10 64
13 60
26 39
3 52
29 45
36 46
14 15
54 57
8 20
43 46
2 62
11 61
42 58
16 63
41 63
6 8
31 48
1 63
35 60
27 48
5 22
47 48
10 36
36 41
39 56
26 43
36 63
8 17
2 17
8 25
8 60
50 52
11 58
19 47
33 39
33 61
10 32
48 60
35 57
27 44
8 23
22 41
10 16
3 10
9 58
19 30
11 64
8 22
1 17
14 51
3 56
13 48
23 43
28 52
12 57
1 20
19 35
7 36
51 66
58 63
7 52
22 23
29 52
13 39
4 12
30 45
45 66
22 39
25 27
28 58
21 31
2 64
8 63
36 45
5 14
50 57
63 65
14 36
53 57
26 33
15 29
12 21
14 60
22 50
18 66
18 32
39 48
46 57
6 14
35 54
44 48
23 42
37 48
51 61
33 37
36 42
38 62
60 64
20 65
36 61
6 32
26 53
33 53
62 63
6 11
10 15
40 54
11 57
38 53
35 59
16 44
50 64
