300 10000
99 121
12 109
74 114
229 271
34 82
71 133
87 233
142 160
50 241
193 247
79 109
94 300
74 217
45 264
149 212
18 157
163 180
37 210
190 213
41 274
159 205
1 147
87 174
9 27
48 130
86 287
206 266
66 271
93 217
67 297
60 195
69 185
42 298
140 157
78 231
169 209
21 251
225 277
4 192
193 224
232 253
40 208
87 122
21 44
122 255
269 271
93 283
204 255
222 275
208 244
85 220
63 131
154 202
27 55
67 203
46 232
35 299
7 293
73 199
75 128
32 257
8 67
196 262
4 45
96 123
117 183
33 252
212 298
187 206
211 272
29 104
123 258
84 167
35 293
60 243
23 253
36 242
87 228
31 285
293 295
279 286
5 270
141 226
32 229
120 147
82 197
91 206
225 255
41 72
25 163
11 27
194 289
59 298
4 119
100 271
57 166
22 254
37 229
122 130
82 105
24 183
9 70
145 160
1 8
60 282
142 278
103 216
53 68
48 115
67 137
8 52
112 168
275 286
180 269
78 274
248 257
26 201
179 270
107 278
201 264
96 219
53 205
4 207
188 194
105 239
11 19
35 235
1 37
4 100
16 267
259 290
34 54
48 162
155 244
5 260
155 193
110 172
185 191
25 172
56 186
250 299
21 45
74 185
224 278
62 176
74 83
14 298
200 222
164 293
40 80
48 251
102 199
132 232
169 256
232 242
126 217
207 248
187 246
66 256
63 139
289 291
79 137
24 161
4 263
106 129
23 168
216 298
78 224
148 172
26 124
123 150
29 33
291 295
151 223
36 79
26 164
158 289
142 270
80 287
132 234
7 38
176 297
115 167
102 250
185 276
72 213
156 279
64 114
116 230
75 267
207 271
198 228
16 72
39 243
60 199
125 254
74 276
67 149
103 127
74 240
97 243
15 64
75 262
100 169
35 88
72 115
120 139
26 71
99 165
156 160
173 275
204 225
287 296
1 63
47 56
20 31
117 198
114 122
39 211
91 266
84 223
186 279
131 200
253 254
7 192
54 133
107 279
18 284
164 291
25 135
215 279
91 198
68 231
271 288
42 101
155 208
1 163
90 295
188 209
69 294
16 294
32 90
104 259
217 279
38 133
106 153
141 207
126 166
37 288
141 295
86 122
44 66
117 139
40 142
94 233
21 187
244 280
72 108
180 230
127 148
68 279
7 199
145 254
88 91
47 215
84 124
146 155
199 277
83 107
16 243
194 264
64 151
8 81
206 299
37 116
51 96
135 205
59 227
1 237
133 250
92 168
45 248
116 271
87 140
162 201
115 184
78 113
31 228
12 111
32 144
75 215
70 74
159 258
182 246
40 284
223 282
130 225
54 105
8 119
27 57
95 168
81 98
72 240
47 221
194 294
54 192
12 207
31 164
237 258
90 226
7 133
78 290
69 167
158 199
36 212
248 250
10 199
172 271
18 128
264 289
8 273
124 162
36 258
24 63
92 125
28 107
150 155
71 128
170 244
172 226
181 213
119 192
88 228
39 209
67 288
100 295
7 178
17 138
27 253
153 270
198 248
142 260
160 189
143 186
112 253
16 130
164 214
18 202
137 178
97 174
39 71
33 287
32 163
32 273
108 255
164 248
75 252
198 256
238 281
188 196
168 241
88 291
48 102
61 190
93 218
166 234
148 245
18 165
127 132
241 259
160 280
56 254
183 234
146 186
35 119
57 279
17 213
51 216
52 91
34 195
59 126
173 222
215 276
40 113
238 253
22 275
23 55
18 115
58 209
3 286
110 177
94 97
63 79
9 30
86 158
61 223
171 269
172 176
54 122
89 176
148 235
20 256
83 175
21 73
127 200
160 247
96 236
19 219
29 129
102 158
169 226
48 58
35 192
108 284
111 229
208 286
59 232
2 254
74 241
187 293
144 271
129 282
217 259
129 151
33 157
165 284
54 158
114 197
175 195
11 22
30 218
83 130
114 240
188 289
148 258
139 230
54 300
11 42
61 197
168 259
236 260
16 75
73 122
100 109
19 139
79 149
106 284
55 286
152 236
38 294
48 277
89 189
91 192
8 295
97 140
110 148
139 180
177 183
160 279
54 61
152 281
80 170
28 260
45 144
179 260
115 287
71 162
24 131
170 287
65 266
108 265
4 229
49 63
113 181
242 269
10 300
56 208
79 163
87 214
109 163
2 95
196 296
270 286
140 151
136 177
279 280
213 252
57 260
7 45
153 282
75 202
27 160
49 131
31 207
17 143
90 147
249 288
90 233
2 215
64 80
154 277
27 168
99 277
131 172
189 222
31 73
6 299
43 261
158 201
120 222
116 144
65 269
75 170
187 209
86 196
6 171
23 113
28 217
65 91
211 264
69 211
33 115
21 52
190 197
90 229
94 272
40 185
139 237
183 273
153 241
250 296
68 280
36 63
226 295
62 91
87 248
179 227
192 250
195 278
22 27
44 196
3 51
90 291
29 72
103 218
2 145
240 247
107 224
212 219
17 247
187 257
120 273
214 233
38 162
246 296
8 37
149 273
117 176
6 214
8 100
124 158
15 277
25 96
40 181
29 99
174 185
7 209
46 110
101 203
233 263
119 266
222 268
69 84
5 156
81 169
86 250
55 203
218 258
93 186
116 269
199 201
38 45
95 143
69 104
121 156
108 157
169 235
171 206
55 222
49 298
62 256
26 39
60 294
21 295
50 190
198 245
119 271
239 251
141 248
15 185
68 155
140 250
160 259
93 168
59 268
138 215
151 196
247 254
268 283
18 276
130 284
16 71
212 237
193 281
5 208
186 208
37 147
88 164
80 165
121 282
112 298
134 268
78 252
176 183
254 281
113 114
66 90
29 108
1 219
87 294
15 107
210 245
51 146
35 263
107 244
118 194
174 277
7 201
125 155
6 220
124 296
13 171
22 159
112 258
96 173
95 145
176 273
126 168
32 37
37 149
36 273
200 275
116 272
136 269
31 144
138 155
79 85
34 211
131 212
121 145
55 205
93 160
206 257
28 290
34 108
38 94
181 241
204 243
71 196
162 196
50 221
29 221
147 288
4 285
35 94
21 31
23 217
33 185
94 251
277 278
162 294
178 248
266 293
148 271
148 288
132 256
218 275
115 265
33 167
132 149
11 46
79 230
259 282
10 296
95 104
128 221
34 194
102 265
53 123
216 283
200 234
53 231
134 292
135 149
51 59
3 216
12 79
110 230
17 95
54 124
95 138
23 259
4 144
4 272
158 204
60 276
89 103
81 144
23 279
75 138
54 204
133 164
73 140
92 203
92 123
7 158
7 167
55 268
250 251
99 244
88 171
202 282
61 211
86 108
199 250
151 276
81 229
95 241
43 143
21 119
56 70
96 254
266 271
130 223
99 278
18 184
14 238
61 130
182 285
51 135
52 229
67 227
28 121
55 92
74 142
108 129
80 267
74 193
207 293
145 156
131 148
79 147
239 248
24 242
155 278
65 110
13 230
108 158
143 156
108 213
47 129
119 220
210 266
47 170
82 264
123 236
53 254
188 287
205 258
185 223
88 263
97 233
2 279
180 206
21 264
13 119
28 99
228 291
31 248
185 190
2 150
1 200
129 259
95 217
11 292
26 34
220 226
36 77
92 208
99 142
10 82
105 164
12 76
26 87
151 282
29 267
91 272
85 132
59 231
136 230
154 155
177 203
147 257
29 170
255 294
133 266
122 243
83 170
60 72
128 129
66 171
24 96
88 97
1 273
113 217
128 130
286 290
123 254
41 50
41 154
51 189
7 188
85 100
265 277
72 99
186 260
56 284
20 210
161 203
66 98
196 300
142 281
238 286
60 80
186 202
13 25
26 251
41 113
196 211
81 256
17 113
1 298
37 90
156 244
3 222
169 263
134 155
116 220
122 185
20 32
193 252
2 208
150 160
16 201
74 75
10 39
20 98
185 195
235 271
264 300
111 148
29 122
76 136
152 283
34 165
22 286
126 208
50 130
30 160
107 268
55 156
248 296
238 274
3 298
132 273
64 75
61 300
29 287
16 265
251 264
13 62
49 139
10 188
44 58
221 267
76 271
17 282
4 65
203 275
123 212
36 180
208 274
163 230
39 61
248 266
66 88
220 266
178 207
126 142
147 295
101 173
47 267
71 204
182 209
171 239
53 227
26 48
207 266
104 113
164 192
43 278
155 238
15 108
66 141
190 255
128 199
38 164
32 132
57 143
69 190
108 197
56 78
208 241
9 145
73 299
117 120
197 211
91 178
10 209
126 270
15 95
5 205
78 155
27 189
42 212
43 57
80 252
125 268
167 277
40 72
15 181
84 130
25 288
43 181
89 161
74 215
142 155
216 232
134 290
93 96
100 198
74 290
20 91
53 101
117 137
206 210
68 156
99 108
10 264
157 223
64 170
88 116
15 115
87 299
54 182
74 154
6 263
109 180
16 122
113 175
127 135
8 148
10 87
50 287
16 83
40 106
11 112
62 76
12 90
10 211
142 274
225 267
15 217
47 252
37 89
229 293
133 251
164 272
33 170
60 267
142 193
149 288
49 219
77 205
222 298
44 178
132 242
148 297
58 133
26 182
5 96
110 258
13 176
71 151
115 185
229 230
19 292
175 190
34 223
152 166
151 267
123 292
23 240
82 272
175 265
91 233
161 172
67 161
141 266
156 186
154 213
14 55
159 237
207 228
5 160
118 263
189 254
275 298
122 128
29 276
58 94
52 119
27 150
153 154
63 147
23 68
170 282
169 257
102 104
125 241
91 249
130 276
131 132
1 242
98 178
211 291
143 146
95 107
197 223
49 258
256 288
66 144
23 92
169 299
57 253
120 230
93 236
86 185
187 263
135 275
131 135
1 180
117 249
224 247
11 146
40 215
8 256
112 212
125 290
21 66
124 128
31 235
241 282
247 268
140 296
43 215
36 101
166 292
152 168
34 58
4 66
42 46
115 223
75 255
162 164
40 221
134 186
62 266
265 287
180 229
15 252
131 139
27 179
61 296
142 145
259 278
63 226
35 133
9 270
82 174
23 143
112 286
12 226
69 201
194 285
160 253
233 239
86 174
185 224
36 127
53 57
126 153
180 258
34 188
15 284
70 153
182 266
29 185
48 225
94 187
118 251
28 270
214 272
87 187
20 88
239 272
150 274
130 300
52 176
132 288
205 236
113 221
56 231
119 228
43 125
264 296
240 279
53 216
106 138
73 289
113 186
48 185
139 161
38 289
112 134
56 290
37 65
28 274
75 84
155 247
64 83
107 260
77 258
71 94
8 207
249 269
43 290
140 162
92 103
235 293
37 161
151 170
126 150
86 162
56 121
253 270
74 181
143 153
42 51
21 144
148 226
84 122
49 166
114 287
92 261
38 251
220 271
77 234
194 287
219 222
153 193
265 267
12 13
220 229
109 110
56 155
55 77
102 114
112 232
211 289
47 191
192 291
138 265
162 243
189 227
151 287
45 94
144 228
117 269
117 172
41 106
11 101
21 206
171 299
111 117
236 279
42 96
168 268
272 296
43 70
173 270
45 171
118 144
139 269
69 262
145 260
269 288
32 206
25 46
144 249
42 273
177 216
151 296
8 136
268 290
86 255
215 221
180 242
285 299
261 275
30 275
191 195
159 232
193 279
17 104
122 294
44 73
42 103
93 189
136 219
51 89
210 299
141 209
69 174
80 157
4 32
84 165
116 198
8 62
153 217
154 221
67 230
68 290
1 297
122 167
9 238
52 111
200 216
172 203
168 244
140 287
41 278
71 250
85 230
118 239
2 259
43 168
102 243
73 94
97 122
33 197
170 252
146 268
75 221
262 287
80 114
109 273
54 188
167 204
2 50
229 249
171 233
85 161
18 197
31 187
82 86
156 274
124 287
86 300
168 279
120 218
7 21
171 285
40 75
194 209
5 77
23 268
5 179
26 246
64 265
53 179
127 131
19 112
16 80
101 234
44 45
207 256
54 239
6 8
192 285
208 261
66 229
105 211
232 283
65 210
2 156
91 220
149 203
20 44
154 241
241 260
51 218
108 204
114 265
116 293
83 195
68 145
47 50
9 205
78 259
84 162
183 229
73 211
108 294
54 299
105 167
81 117
23 70
42 149
24 120
60 83
179 292
50 151
106 282
191 224
46 292
13 210
68 286
147 172
228 263
213 287
49 253
128 204
142 186
92 166
96 177
10 214
26 97
50 191
124 157
154 284
134 298
37 131
239 289
20 291
80 284
158 211
126 253
158 250
68 189
15 60
138 142
128 158
49 275
224 279
178 249
158 214
24 219
139 297
68 236
222 227
27 107
39 128
33 50
145 231
69 267
119 285
20 171
152 189
55 236
43 208
105 122
71 73
44 144
228 289
20 73
32 228
12 273
21 207
166 283
51 237
83 247
56 113
122 211
108 243
51 258
211 255
144 187
72 151
103 200
56 259
72 83
62 245
109 271
203 234
146 217
128 243
91 133
217 268
95 184
29 252
111 176
49 183
236 290
5 253
166 205
183 232
150 236
185 215
112 218
107 121
13 249
30 146
108 130
36 51
55 298
104 244
205 261
231 247
115 267
4 228
19 89
41 64
36 173
170 202
70 160
142 259
164 194
170 195
75 204
254 290
10 54
213 255
184 278
176 207
10 201
141 257
32 62
181 224
63 176
114 138
83 121
190 195
54 174
182 239
272 295
142 150
54 209
76 245
192 251
17 244
60 114
14 212
107 138
176 177
111 228
126 268
15 153
78 80
67 271
88 100
156 241
46 298
12 198
32 67
120 163
182 228
83 202
31 291
88 192
57 123
18 201
17 252
25 139
120 176
110 207
56 279
86 191
261 290
165 204
106 238
116 141
223 284
237 271
105 243
48 158
67 242
99 259
33 265
62 198
29 128
106 281
41 282
2 113
184 213
35 269
63 249
82 248
123 126
201 243
9 125
88 118
159 219
80 241
174 201
29 262
254 286
259 267
248 289
20 21
6 182
34 157
136 271
179 261
31 119
115 151
54 214
255 264
101 275
79 235
163 237
30 51
214 251
134 150
139 242
168 280
7 140
4 52
146 286
13 67
52 171
106 175
143 217
92 281
120 183
9 28
47 60
13 131
204 262
198 271
33 129
110 235
11 203
45 299
218 222
106 125
19 101
114 175
204 294
87 296
60 225
5 290
49 136
34 102
181 208
16 300
48 61
119 235
50 278
190 265
107 186
145 217
53 146
88 248
45 178
79 288
82 167
111 163
6 209
18 204
22 200
84 87
76 101
123 232
65 207
267 276
59 189
139 245
50 113
255 262
26 211
89 148
8 117
114 181
88 141
152 227
65 132
203 258
54 128
70 113
182 272
85 98
85 176
28 138
139 147
103 242
76 96
24 36
82 201
30 126
86 115
10 34
210 295
159 172
51 200
254 283
48 60
1 227
65 79
140 197
131 176
164 296
49 179
5 216
80 265
158 243
37 176
166 203
107 113
160 254
58 61
87 105
24 218
136 159
24 297
76 117
55 253
46 216
168 247
43 146
235 245
221 255
104 165
35 144
44 192
7 164
105 182
159 273
42 49
63 120
188 285
92 150
245 269
212 227
32 79
81 118
71 211
43 142
2 15
37 109
294 296
200 298
8 226
126 279
147 198
14 145
19 161
112 145
9 254
84 250
13 110
7 54
76 180
56 181
39 167
82 182
201 277
121 259
101 253
7 71
167 185
174 223
187 196
113 224
111 183
106 224
276 278
110 210
119 293
285 291
158 225
101 179
73 192
119 269
214 293
190 264
72 175
175 181
30 42
87 251
137 266
133 294
103 292
94 162
103 135
158 188
8 266
242 273
4 293
111 132
10 251
30 173
266 295
102 213
96 283
37 132
198 226
155 241
26 196
93 123
94 105
209 291
243 251
131 298
10 262
18 170
186 241
3 297
21 249
58 300
5 101
152 231
157 195
163 235
15 113
20 228
185 282
148 249
229 245
27 155
12 67
85 269
124 151
51 55
136 176
65 141
221 252
16 114
125 160
16 58
105 188
47 142
169 171
132 227
78 215
68 205
20 66
25 176
28 241
102 128
76 89
129 213
18 255
11 275
123 203
195 197
192 264
59 160
194 239
182 207
73 158
239 285
61 84
65 226
136 234
35 228
72 165
11 96
73 169
128 211
37 110
119 206
56 138
204 251
170 221
25 180
34 262
21 266
5 274
127 161
66 220
107 154
41 231
86 114
84 255
19 205
2 99
100 293
49 77
39 124
16 50
38 199
170 175
94 167
243 289
24 275
17 276
28 153
144 192
50 282
12 230
181 193
122 151
103 148
21 220
199 264
83 106
3 159
69 197
204 300
129 225
26 199
7 141
105 299
52 220
156 205
78 106
287 294
27 173
103 258
65 163
54 140
55 208
36 103
118 285
123 146
99 104
1 101
68 153
137 249
196 287
69 162
11 89
116 249
148 234
64 255
11 92
19 203
70 241
47 143
20 285
9 57
5 146
158 300
82 239
45 295
29 201
122 162
220 257
35 226
111 119
130 224
216 253
27 68
36 177
112 205
128 167
177 219
145 283
145 193
118 169
37 66
15 265
184 185
106 247
73 86
14 30
54 84
78 184
42 292
146 238
52 62
52 85
42 177
108 175
29 204
124 251
193 240
54 262
12 147
123 135
6 7
104 241
43 281
193 270
156 259
88 250
37 297
194 196
66 192
243 300
3 112
19 166
25 103
234 297
195 221
83 129
84 86
57 286
15 154
9 59
223 243
161 273
15 195
137 192
62 119
110 136
11 159
60 86
188 239
43 260
19 152
80 223
52 117
34 264
62 85
132 163
61 195
62 131
58 105
27 126
61 157
87 169
40 64
71 289
43 186
129 276
231 270
5 11
127 242
109 148
49 297
94 264
130 151
161 297
161 216
7 58
19 51
55 270
63 207
172 245
78 260
185 287
205 283
182 257
196 239
110 163
249 272
118 211
79 226
203 253
120 149
20 293
19 96
102 162
23 193
85 266
11 177
119 246
77 286
54 94
182 264
109 171
16 129
98 249
83 191
38 88
99 284
37 79
249 256
220 249
173 231
129 265
187 207
65 85
79 110
285 293
95 153
159 218
69 124
11 36
70 208
169 239
27 152
192 272
59 253
111 266
251 289
52 109
186 261
25 148
105 272
37 206
116 207
131 271
235 291
55 93
25 131
102 196
44 105
156 280
125 152
115 277
73 263
30 232
75 129
3 11
87 164
28 215
180 210
50 69
223 300
29 223
73 201
56 168
42 219
43 47
92 286
6 226
131 180
45 187
255 287
190 221
282 284
27 208
69 264
67 117
208 268
13 183
79 116
80 224
84 191
86 129
162 194
171 226
189 260
41 252
52 161
59 93
155 270
242 258
90 269
123 275
14 173
147 256
14 281
142 168
50 185
1 46
91 111
186 236
94 296
3 22
93 253
152 274
245 256
257 295
145 189
61 151
110 249
157 204
79 103
5 70
1 131
62 90
244 290
118 133
98 269
58 239
5 275
167 190
92 93
166 258
12 171
129 197
92 145
221 225
170 215
6 271
180 245
174 211
120 132
7 34
91 207
26 250
220 269
228 229
123 268
43 83
151 225
52 293
73 196
225 282
81 272
115 243
30 55
181 282
57 247
140 291
15 18
103 131
140 182
90 100
64 191
208 238
239 264
153 181
28 70
91 246
2 72
42 297
85 119
23 126
161 163
186 268
83 138
56 125
253 292
10 194
174 204
122 204
58 73
112 260
83 221
24 298
50 252
77 173
49 292
56 270
57 93
49 203
178 206
103 298
121 193
40 240
38 291
186 286
27 270
183 200
48 54
32 220
168 193
58 195
22 179
72 215
171 220
152 216
90 182
209 294
137 163
45 140
203 205
161 234
59 261
39 291
20 220
34 86
54 118
22 30
53 212
192 248
85 163
170 184
39 300
76 139
183 226
71 191
147 148
89 127
10 45
178 192
183 219
183 212
166 261
163 269
95 121
15 170
24 89
33 278
72 104
147 245
104 276
96 101
113 213
121 142
58 165
49 101
74 95
124 294
98 119
205 218
49 149
15 75
29 138
209 293
101 120
16 190
172 256
221 282
138 244
18 167
152 205
4 214
88 266
13 271
163 172
41 74
37 242
43 156
85 183
2 244
114 154
23 247
37 256
82 190
7 299
189 236
63 109
80 99
39 262
32 136
11 49
32 110
159 212
19 36
60 108
40 170
220 299
214 262
71 239
103 177
39 178
81 178
132 212
31 90
94 140
15 50
37 81
97 133
144 269
67 172
23 270
36 110
22 68
68 126
212 222
35 38
2 41
197 300
138 213
135 292
145 261
3 127
95 125
77 268
3 283
65 66
161 210
91 118
235 263
85 117
8 91
115 195
6 118
16 199
204 267
139 159
111 256
176 234
151 211
95 260
109 131
70 254
166 222
47 130
148 212
175 282
27 166
191 243
220 295
125 156
154 252
125 134
198 257
158 223
146 152
202 241
167 214
172 210
144 295
9 222
77 127
230 256
1 67
55 261
191 204
161 258
94 209
77 212
3 14
24 135
52 299
33 190
100 111
2 83
95 142
33 174
79 271
158 262
43 113
154 274
60 213
148 161
146 254
87 291
60 215
22 145
64 282
111 180
246 285
104 195
143 254
1 159
121 184
2 27
29 60
75 157
146 247
68 281
68 93
72 106
69 170
123 152
39 102
155 268
89 166
75 201
64 74
20 207
100 266
123 234
154 217
90 220
112 200
108 223
84 140
68 193
163 249
60 262
10 182
188 300
183 258
125 126
63 242
61 196
195 252
178 295
69 223
210 230
144 182
204 296
89 292
2 56
18 99
1 62
76 298
55 280
42 275
210 263
132 148
60 191
15 215
266 285
193 215
119 299
26 300
102 251
191 199
250 300
40 107
12 266
152 280
155 236
4 198
56 143
218 297
165 191
34 73
4 31
72 259
59 173
138 224
164 266
19 177
225 276
49 67
51 179
217 247
52 230
67 127
59 274
147 297
212 242
60 284
265 284
9 156
228 257
150 270
190 196
230 297
47 247
49 180
76 120
47 115
9 268
35 239
96 297
154 276
42 253
175 224
53 145
4 239
6 293
178 182
163 206
91 291
45 88
14 42
121 279
80 185
201 262
156 181
142 184
119 295
77 261
75 287
75 213
135 216
32 148
132 271
47 240
97 291
107 217
69 204
12 136
22 77
173 218
73 250
207 226
87 192
176 295
5 53
55 134
120 177
70 278
22 150
246 263
134 222
201 223
140 211
17 259
165 184
59 96
215 241
2 40
56 160
64 197
69 255
39 239
27 93
154 282
165 223
98 116
156 193
238 279
3 242
108 300
29 50
257 269
78 175
46 103
117 207
82 187
69 151
271 295
150 254
20 105
176 242
53 286
213 278
117 271
40 278
3 76
12 256
10 118
9 179
226 269
151 197
170 213
62 230
118 124
146 253
125 283
125 261
239 291
14 268
209 266
198 293
61 71
8 220
183 297
41 142
176 226
207 288
162 190
34 251
38 140
37 180
19 183
45 82
46 51
67 148
238 247
187 250
129 277
145 247
43 240
10 228
26 289
221 241
41 153
76 148
109 169
135 227
122 262
112 189
81 266
90 209
113 138
111 295
1 216
98 147
148 200
161 176
107 150
122 296
145 152
191 197
147 235
134 253
217 252
69 191
146 179
85 136
14 150
128 190
19 258
76 258
119 291
108 262
86 201
54 73
67 135
169 229
22 55
165 262
31 171
92 146
81 206
137 141
96 275
54 71
91 293
159 179
90 192
231 238
64 142
30 238
181 186
61 105
87 204
30 203
14 222
37 91
261 283
7 187
224 240
263 289
272 289
53 298
263 291
129 221
111 169
84 158
31 141
129 224
72 154
135 203
4 90
118 164
59 283
136 297
37 220
245 273
137 230
25 297
101 152
71 197
2 106
195 255
68 274
140 255
46 161
14 27
49 273
105 187
11 236
156 268
42 132
269 293
19 136
120 216
230 271
225 284
59 270
59 125
38 73
53 270
206 256
15 28
61 102
114 267
185 278
2 74
97 102
64 276
15 138
41 259
15 16
250 263
33 40
66 226
102 204
4 178
35 248
109 147
140 190
126 155
58 167
81 271
164 211
99 138
87 300
186 231
101 200
223 277
171 248
104 191
2 168
23 274
176 235
60 184
211 239
123 222
106 217
147 176
98 233
15 83
256 257
175 252
194 197
224 290
9 160
13 256
200 273
49 200
127 179
61 287
190 294
14 203
182 192
93 260
68 107
65 144
3 77
22 96
56 193
63 100
185 213
10 289
72 223
286 298
34 201
75 154
216 286
126 292
4 220
233 264
125 168
75 184
150 217
74 195
71 167
149 177
13 116
108 195
259 274
200 245
34 44
222 292
1 139
71 164
180 271
23 93
177 222
172 183
32 183
26 58
181 281
58 201
35 91
77 253
145 253
25 242
81 100
215 259
13 148
17 106
245 297
30 92
11 189
105 246
30 145
104 284
97 272
194 201
137 220
239 246
208 217
62 147
62 65
50 115
1 172
80 225
189 298
126 179
83 265
260 268
89 120
32 137
230 242
118 272
97 264
148 232
15 72
65 229
65 293
218 219
48 174
32 245
114 170
36 89
6 285
105 264
213 221
193 278
170 240
131 269
6 187
167 191
122 250
68 123
5 68
80 129
72 247
58 164
31 54
57 107
172 216
24 149
30 205
21 293
7 162
145 268
145 179
13 219
179 212
14 146
177 180
71 97
17 23
168 208
121 238
14 103
170 190
44 54
233 246
127 297
143 193
22 218
158 174
61 108
128 265
36 112
7 248
6 164
20 192
37 117
117 245
239 266
40 247
210 271
53 232
87 289
64 184
40 78
102 197
68 173
98 207
162 285
125 193
114 115
52 63
231 279
58 199
34 115
265 282
123 200
78 280
91 141
213 282
85 219
102 262
32 172
153 279
67 273
27 96
62 81
23 59
191 278
52 141
51 297
84 225
90 256
150 286
239 263
122 157
110 149
146 189
39 158
126 193
240 244
224 252
168 254
45 90
202 267
204 264
64 138
157 284
248 264
22 222
66 210
138 202
173 253
37 136
14 152
54 194
94 178
31 52
63 177
58 262
23 107
228 272
105 162
89 232
92 189
63 76
166 236
67 100
84 195
129 195
40 143
62 144
37 63
85 109
118 233
187 291
39 251
113 279
244 284
30 222
50 165
207 239
144 293
98 182
72 277
24 101
66 137
195 223
37 237
94 291
50 74
189 200
16 175
153 186
75 99
25 132
28 146
206 207
65 206
67 176
231 236
33 204
3 261
105 296
140 233
170 241
160 236
91 209
4 187
146 281
41 290
149 180
70 202
146 231
20 263
58 162
236 261
145 153
63 116
59 236
18 225
140 285
223 265
246 272
17 83
148 273
107 240
240 282
193 282
48 122
34 94
98 239
123 177
178 299
21 235
145 286
218 298
112 292
85 111
41 160
205 231
35 233
121 155
177 297
121 270
21 100
42 127
284 287
113 267
233 257
103 161
71 199
199 294
25 37
44 285
6 256
93 275
25 275
2 184
109 136
6 88
193 274
167 243
73 182
62 79
234 258
43 241
228 285
160 193
27 236
167 300
60 277
226 288
86 102
59 179
144 178
9 217
67 269
30 253
26 31
20 289
33 181
142 240
192 209
21 116
158 255
48 105
112 173
44 248
189 292
75 265
6 32
149 161
136 161
33 102
94 257
121 244
74 143
5 286
41 150
164 209
1 89
259 265
114 225
21 239
131 273
6 65
89 163
133 291
136 216
43 224
10 272
85 90
16 115
100 299
239 293
105 124
272 293
115 129
122 287
116 117
133 214
148 269
3 149
175 276
6 206
60 84
134 260
121 278
219 242
72 284
166 232
40 265
174 196
147 207
100 207
152 179
94 164
44 289
188 243
17 181
86 225
34 191
78 221
165 252
139 258
164 300
17 215
24 76
52 271
149 219
34 162
109 226
151 300
65 171
19 179
118 207
25 298
268 270
56 238
60 104
246 291
142 224
145 205
260 290
33 60
62 235
246 299
168 179
60 130
30 200
5 254
109 161
71 285
148 177
48 262
10 97
21 105
128 151
10 178
62 220
78 241
73 246
188 204
5 27
35 257
62 271
191 225
158 194
216 227
117 149
116 118
89 183
92 156
165 199
109 144
56 274
59 238
89 216
133 300
49 177
4 209
247 252
145 238
103 227
12 206
166 200
139 232
165 300
159 253
35 118
199 225
157 185
2 217
100 116
59 286
118 178
89 136
119 257
168 231
54 82
57 68
187 272
68 146
15 165
28 68
131 136
2 125
48 289
241 278
206 233
30 49
114 255
243 255
203 232
260 270
78 281
47 99
25 161
116 210
69 195
157 170
89 135
57 150
63 220
46 159
25 183
18 48
38 97
102 140
188 262
18 300
165 265
233 291
96 261
80 175
87 97
111 271
165 278
25 51
133 187
12 271
10 167
39 294
173 232
62 273
59 280
13 139
51 53
193 217
32 271
216 219
14 254
37 219
69 296
230 234
85 198
198 207
202 276
14 59
43 247
177 234
4 38
240 274
80 213
52 180
11 270
187 188
140 199
15 225
56 202
64 225
179 236
66 116
17 153
52 100
74 252
4 81
264 285
153 274
134 270
29 284
197 267
31 257
11 261
253 298
141 206
132 216
42 53
253 260
112 135
63 89
135 297
76 79
214 291
227 297
141 210
14 92
141 235
113 260
216 275
196 255
6 239
178 187
49 112
138 193
92 231
34 277
195 277
242 298
91 182
79 220
103 123
88 209
32 147
133 248
86 213
6 257
42 216
72 224
138 156
7 118
33 80
192 257
25 63
124 164
101 112
166 218
214 285
102 221
123 205
181 267
53 283
219 258
205 212
79 245
47 244
111 136
38 124
250 291
73 84
27 280
58 60
3 135
174 213
236 238
2 28
128 296
231 286
48 191
159 275
41 47
239 250
29 240
205 232
175 225
78 125
76 212
187 299
20 235
90 272
94 182
138 252
187 239
75 190
1 269
192 295
183 230
27 28
92 236
72 75
122 158
37 139
193 231
158 209
93 135
4 118
34 158
78 129
167 199
35 45
44 182
116 147
11 283
41 43
130 262
28 57
217 240
199 276
162 296
124 201
60 175
127 230
89 203
229 235
166 179
24 292
168 261
67 232
99 113
44 296
109 183
3 134
57 121
151 188
110 242
174 195
133 233
93 125
42 123
88 251
8 180
272 285
49 212
202 284
143 145
197 296
247 270
201 211
64 267
1 120
161 242
246 257
289 299
97 263
75 165
62 110
22 92
49 189
62 293
41 83
261 279
101 227
261 292
164 178
231 260
66 187
6 10
142 280
172 298
105 118
64 244
92 216
3 232
60 102
95 156
35 98
68 112
1 275
256 269
86 130
205 268
155 259
222 286
118 246
161 227
70 150
71 188
143 252
164 182
127 222
36 230
184 195
43 254
36 200
8 172
71 130
2 175
151 190
56 184
122 188
42 218
62 136
10 44
45 198
176 271
87 262
46 183
62 66
30 189
5 152
291 299
167 264
244 281
11 123
70 126
268 275
139 298
42 234
74 155
221 259
25 200
83 114
237 242
146 274
94 141
9 101
64 240
98 169
194 246
20 206
22 166
102 195
74 274
16 204
77 203
36 234
100 230
227 232
64 181
193 244
117 131
42 237
173 203
226 229
48 97
128 162
136 180
31 182
88 206
155 252
193 284
72 114
49 222
184 223
157 191
44 243
9 143
153 240
25 166
33 225
133 178
256 271
2 247
17 121
46 136
11 219
31 35
14 96
121 217
104 170
130 278
176 288
158 167
232 258
25 89
213 265
176 219
82 192
41 155
79 242
30 286
46 101
112 234
224 265
99 175
80 115
79 131
28 202
115 284
56 68
35 246
34 97
27 53
141 249
131 258
11 237
89 172
36 149
23 231
88 246
130 174
239 294
1 109
66 100
187 266
1 19
29 114
82 88
168 281
161 232
252 259
202 224
125 217
151 165
130 252
115 191
28 143
52 137
32 63
122 196
127 245
90 137
200 232
113 155
27 156
63 132
52 144
182 250
34 300
34 287
82 250
135 200
25 232
72 95
101 298
79 120
103 203
78 142
85 89
144 229
173 205
138 274
142 279
219 230
129 255
186 244
47 202
113 240
79 111
5 22
134 238
105 201
223 296
67 111
213 224
38 87
150 261
101 136
174 276
201 289
64 195
41 175
83 95
1 222
26 194
46 227
133 141
163 220
20 97
202 208
235 256
14 125
45 124
38 272
127 183
100 171
72 287
283 298
84 289
76 103
123 297
80 195
39 199
121 231
106 290
227 253
65 235
16 223
27 274
234 237
125 145
123 216
13 85
26 296
7 48
112 179
242 245
173 283
81 182
109 206
95 259
92 135
91 229
85 210
229 273
110 139
12 89
2 270
248 285
46 89
92 96
164 169
173 261
34 196
175 202
109 235
60 255
149 232
104 277
114 195
2 181
12 269
228 249
86 204
119 137
146 280
166 216
133 171
297 298
101 161
147 220
27 281
88 257
38 187
104 267
48 243
101 159
32 230
254 260
130 157
85 242
92 126
67 131
94 194
38 182
1 12
140 188
45 133
107 153
43 280
100 206
124 285
40 224
138 221
15 99
81 226
183 288
132 177
266 272
144 257
8 206
108 115
151 255
118 209
33 224
257 299
4 299
91 116
137 271
135 189
64 106
11 51
101 139
123 298
171 266
146 290
70 247
52 88
246 289
15 121
192 235
165 267
229 269
2 43
31 210
157 267
95 154
18 267
90 235
151 185
137 229
119 169
91 257
247 290
43 252
128 287
22 59
27 59
170 265
34 105
38 188
116 263
124 133
278 279
121 274
41 279
2 280
252 284
36 53
88 249
62 132
5 236
35 100
111 210
50 80
47 265
140 194
113 281
129 165
169 249
17 50
122 213
65 172
1 76
72 278
119 144
43 202
64 221
162 255
144 291
17 80
101 232
25 212
77 159
21 118
41 138
33 202
1 36
101 222
91 248
123 166
207 233
173 234
67 180
54 289
157 184
51 270
108 114
3 9
120 275
118 141
35 116
221 224
36 148
50 78
18 221
280 283
98 100
54 250
39 214
33 191
238 268
9 53
115 165
224 241
41 99
31 233
92 134
76 163
214 300
128 213
152 279
38 44
49 230
199 223
171 187
125 153
156 270
73 194
29 64
33 128
103 275
65 109
16 108
66 266
209 251
111 257
103 237
59 156
95 186
162 300
109 269
8 161
277 282
27 125
17 107
97 158
32 65
108 167
11 77
9 236
131 256
209 272
62 139
102 267
65 180
127 177
167 287
254 274
57 125
151 243
23 261
75 114
227 258
63 206
175 197
53 77
18 80
54 251
189 283
167 196
194 296
58 108
83 267
16 195
43 150
246 293
175 255
106 280
45 246
142 208
3 49
220 288
4 6
184 221
247 278
138 276
31 256
132 210
60 115
59 212
20 169
121 290
84 265
270 292
13 207
38 233
115 157
49 216
20 116
66 207
124 262
162 251
48 223
205 292
22 127
189 203
73 82
56 252
226 230
152 254
149 226
144 246
59 205
132 298
3 103
86 265
13 147
95 202
75 199
84 102
182 196
4 7
102 276
213 223
75 277
50 276
77 101
82 118
9 134
62 269
97 204
100 235
247 259
3 101
7 246
30 134
110 116
72 282
186 238
147 271
137 288
143 150
183 269
246 295
148 159
97 250
89 117
25 85
9 283
109 249
212 216
112 125
230 245
235 266
103 253
16 255
161 183
151 294
75 276
206 272
81 220
39 54
74 279
21 214
83 181
30 123
144 198
161 229
114 129
26 158
12 180
125 270
5 268
135 234
137 210
67 226
171 209
242 271
62 137
82 246
84 115
192 207
9 155
209 233
163 245
81 248
10 38
62 100
104 223
221 277
160 290
222 234
6 249
24 216
5 186
54 294
55 160
95 150
24 49
157 174
64 259
96 139
100 110
110 273
110 219
70 193
26 294
57 283
98 285
28 280
17 238
210 220
139 163
6 21
51 103
48 151
136 242
171 235
6 235
64 113
40 241
47 83
176 229
23 155
203 283
252 278
46 49
97 285
173 227
150 193
32 256
157 188
106 259
11 93
247 280
120 271
51 134
92 270
7 88
181 279
44 264
72 202
6 45
127 218
285 296
131 245
126 160
7 94
91 163
133 169
39 188
13 120
18 84
47 241
17 99
23 57
140 209
47 276
70 186
129 241
193 254
151 195
186 217
66 285
123 283
84 277
70 106
217 280
34 255
127 227
31 266
50 181
81 249
27 186
122 140
27 30
191 265
2 126
63 183
59 152
142 290
12 220
61 162
115 213
200 297
59 203
45 214
145 279
3 25
206 269
193 260
195 284
91 295
82 124
100 176
68 283
237 275
269 273
126 186
40 213
147 226
93 254
11 216
104 175
17 284
17 175
13 237
50 108
233 299
30 168
65 116
174 250
114 276
78 104
94 188
139 183
71 262
238 240
171 228
1 117
129 278
191 221
122 165
8 63
136 245
34 185
57 155
177 245
103 234
156 253
3 55
122 223
95 290
126 152
189 261
129 191
46 245
52 116
82 102
38 228
133 285
117 234
9 146
34 71
32 169
115 124
138 217
43 236
111 263
32 293
181 221
235 257
127 253
6 291
40 50
165 190
51 268
48 87
20 249
65 81
87 211
118 182
18 60
102 108
130 175
259 260
103 212
201 251
93 205
36 205
18 122
10 243
102 122
79 249
15 80
49 96
126 146
87 158
8 90
107 290
61 294
50 138
25 117
99 217
50 267
118 192
159 245
137 171
185 197
169 182
209 264
103 189
85 172
159 230
95 99
60 201
212 230
72 74
98 248
198 249
208 270
95 208
114 221
5 59
101 258
130 165
7 169
49 161
96 159
26 264
119 198
55 231
98 288
225 294
217 254
194 204
1 258
1 85
16 124
165 197
251 255
94 246
16 60
227 283
6 178
152 253
16 188
158 197
236 274
112 254
48 194
33 175
81 198
111 245
23 78
33 108
31 220
61 276
146 168
168 260
33 48
130 255
133 158
42 286
213 244
64 223
101 131
235 299
175 185
47 153
157 213
47 64
141 229
87 167
162 223
87 124
196 233
223 255
90 116
131 183
75 225
102 225
49 51
132 245
100 288
55 155
75 191
70 244
5 42
38 250
151 158
9 11
60 162
147 161
59 101
153 260
24 179
39 69
175 223
4 20
5 135
34 128
46 127
170 223
63 161
45 233
17 202
208 260
94 266
20 214
20 198
30 258
191 282
39 97
171 256
22 231
238 244
42 76
124 204
20 81
129 287
267 284
154 240
115 204
57 281
131 230
168 274
19 103
98 246
20 164
22 89
54 87
56 106
124 289
1 49
178 209
40 104
66 111
136 298
227 273
103 112
63 235
164 196
38 158
29 174
233 296
2 78
117 219
84 251
72 267
268 292
121 146
45 196
70 217
37 226
181 280
47 80
50 75
10 162
76 232
2 170
120 229
77 126
84 201
34 294
188 225
144 299
65 249
224 277
98 164
61 250
37 52
111 147
10 174
12 229
121 240
32 66
23 152
93 261
39 133
249 299
147 210
86 124
253 261
31 133
41 95
10 250
97 196
179 216
236 254
93 270
53 126
182 289
130 282
4 21
147 249
153 184
125 179
65 90
17 154
159 222
107 282
214 294
171 207
15 175
128 188
45 194
108 191
178 246
164 233
218 292
220 245
57 96
137 198
170 225
90 118
68 143
95 193
101 273
36 117
143 208
92 112
125 253
14 274
110 271
82 84
17 241
36 96
123 227
115 174
40 47
101 123
5 173
89 288
115 255
12 249
108 277
90 119
121 260
120 161
208 254
46 166
132 200
99 154
51 261
126 205
58 128
10 291
155 181
47 106
49 172
168 217
167 251
171 272
32 176
60 252
76 132
23 95
48 264
85 120
165 215
45 169
82 204
44 164
39 182
181 240
55 254
48 71
62 229
18 162
177 230
256 273
109 266
7 124
137 263
105 158
42 203
117 258
212 275
85 139
270 290
49 232
45 119
89 275
17 47
66 233
166 253
165 201
10 122
40 277
80 190
60 204
73 105
87 94
131 203
1 271
53 159
18 243
1 218
199 262
44 87
71 115
106 155
146 260
32 141
54 263
26 285
101 292
74 184
156 247
78 160
123 286
22 227
32 117
198 266
127 275
192 228
169 214
24 177
74 99
143 181
218 234
99 224
125 205
102 185
64 224
132 176
86 104
28 238
128 262
29 191
121 126
153 202
185 262
61 165
23 125
80 130
224 276
12 137
182 198
138 240
183 220
74 265
35 66
52 256
113 156
41 121
1 176
176 269
198 206
95 215
24 273
27 121
70 145
116 163
22 123
159 227
77 134
47 108
68 292
193 238
78 284
63 230
212 245
110 176
7 66
30 96
56 280
184 287
95 106
19 131
74 247
182 251
124 199
71 122
6 31
189 231
211 285
63 198
145 186
12 183
163 256
37 85
207 291
31 91
30 261
19 24
7 228
122 174
139 271
160 208
11 24
123 145
26 263
144 266
69 114
25 159
36 298
73 233
53 219
195 224
125 286
184 277
264 272
259 284
76 176
135 273
91 263
166 173
234 292
78 121
14 101
205 222
106 208
167 194
164 187
24 234
56 74
56 247
160 168
63 180
19 76
7 262
28 106
113 238
75 282
206 295
156 240
17 265
69 196
130 221
13 76
67 177
218 236
170 185
81 91
198 230
39 187
126 156
200 203
250 289
32 85
226 271
88 105
46 67
248 272
12 161
26 187
78 244
31 87
24 53
102 151
56 83
33 114
67 139
126 281
34 214
157 190
230 249
114 277
37 207
139 216
175 221
12 242
98 220
53 96
87 239
26 54
114 223
73 272
163 171
58 296
80 113
29 102
78 186
127 288
29 175
83 240
48 201
18 108
172 237
90 210
117 127
106 156
36 292
133 289
22 126
194 243
221 284
152 222
41 168
226 242
144 285
48 108
19 53
40 244
149 163
112 203
30 268
109 137
39 58
71 87
96 179
87 272
101 177
156 254
16 170
153 284
110 237
82 294
185 204
214 296
13 127
147 242
286 292
74 107
217 244
80 104
127 237
263 293
20 233
70 286
256 293
9 77
22 24
38 239
130 243
123 189
78 153
29 278
193 236
153 155
90 94
29 34
13 161
165 277
159 200
162 225
70 181
64 202
85 177
189 234
90 248
228 295
198 269
4 182
89 230
211 243
27 43
163 183
7 250
127 298
111 171
115 221
40 138
213 225
94 196
207 210
88 264
18 104
179 200
47 282
17 193
115 175
92 179
119 187
92 173
50 259
26 167
108 184
65 183
28 93
77 103
51 254
1 212
36 183
127 149
101 149
171 295
44 162
5 93
87 246
98 295
189 286
153 224
87 243
8 149
99 195
10 294
3 173
15 267
207 229
98 271
100 269
74 281
79 234
150 205
23 43
271 273
98 144
19 253
10 140
88 289
96 127
156 236
35 90
97 201
82 211
128 196
153 254
103 172
66 178
120 288
27 142
56 72
125 236
102 255
63 136
34 151
168 253
105 194
224 244
8 132
58 190
5 292
20 100
211 262
140 196
76 131
2 142
84 296
177 218
5 126
33 104
217 238
56 153
85 226
188 199
241 279
227 275
133 293
123 159
143 278
88 144
129 240
74 278
48 188
57 231
41 107
13 98
56 154
175 259
134 143
202 281
135 286
59 208
47 224
113 274
33 240
60 75
240 265
73 124
40 202
118 257
49 159
75 185
16 157
59 260
48 250
13 111
11 135
27 146
163 176
81 291
21 97
190 277
59 77
181 278
50 60
113 184
22 101
145 280
202 213
248 263
54 248
81 141
125 279
281 290
125 150
49 127
133 299
75 240
96 166
63 234
92 227
143 202
130 213
219 227
107 146
156 283
17 280
82 122
40 99
9 173
88 293
4 141
15 142
110 180
87 162
36 253
206 291
119 147
99 114
30 270
112 123
23 286
226 228
42 112
185 277
71 190
16 262
52 226
118 296
46 200
83 277
97 164
70 155
11 227
25 237
14 53
110 131
39 45
55 283
4 171
3 24
260 283
172 227
52 183
151 174
26 233
97 192
145 173
57 92
176 256
29 61
121 202
11 179
255 276
31 97
161 226
20 187
115 225
89 132
74 78
144 256
197 255
14 134
23 205
102 188
159 216
56 150
222 242
101 127
66 269
84 294
78 168
160 283
85 180
7 26
207 220
93 298
77 146
127 159
93 290
43 126
47 213
41 170
110 220
135 219
200 205
13 46
98 206
55 68
141 187
92 275
153 247
244 279
138 184
145 155
44 133
228 299
292 297
115 282
103 297
197 251
58 255
67 245
36 166
213 277
110 245
69 251
128 174
5 145
237 273
156 217
128 277
137 144
7 251
150 156
212 297
129 138
142 244
43 238
60 71
140 201
4 116
168 270
80 181
201 255
17 75
47 95
163 273
123 173
119 207
46 205
248 299
27 261
16 84
96 146
205 216
8 131
153 215
128 165
23 238
147 183
13 177
96 227
202 221
66 169
24 30
2 260
18 223
33 201
81 116
5 14
34 133
204 223
83 184
197 264
149 200
140 251
139 227
19 59
134 236
236 247
112 261
69 188
75 223
101 218
88 295
12 172
129 157
114 185
274 286
180 220
8 65
57 189
33 284
131 216
29 47
219 234
167 262
56 126
1 24
153 259
54 167
216 234
246 248
127 273
39 164
278 284
16 194
20 38
26 73
20 45
249 266
22 112
219 237
43 259
174 265
89 139
108 122
23 280
190 243
214 243
99 181
179 219
30 179
196 291
90 246
54 296
27 283
98 263
135 283
45 206
65 242
171 291
62 207
223 267
106 265
154 281
72 181
198 235
54 201
197 213
31 198
43 279
70 95
194 211
63 110
35 209
14 23
68 179
22 253
9 23
51 286
186 281
93 238
14 19
97 299
136 273
171 176
16 48
115 130
113 284
143 279
111 249
124 246
53 103
58 188
55 279
113 241
40 217
164 228
81 293
58 194
13 235
55 166
36 216
109 230
31 214
90 257
63 117
140 187
203 237
37 271
18 102
39 86
153 238
116 291
93 173
54 88
58 264
131 159
206 229
98 163
32 269
102 174
106 244
119 182
140 223
234 288
12 81
148 183
35 285
289 294
103 132
195 282
200 219
203 212
28 126
25 218
64 129
181 290
158 251
29 190
20 141
105 192
98 293
149 222
25 219
31 66
210 256
132 135
192 198
56 156
67 219
281 286
185 201
88 182
240 259
20 299
190 191
107 142
77 189
155 261
154 208
95 247
55 290
14 205
111 273
58 97
72 191
57 205
217 281
169 178
22 51
189 212
62 172
99 193
202 278
79 273
19 212
23 260
91 235
173 179
48 190
88 214
60 185
13 37
203 273
41 241
23 153
109 293
154 186
186 270
42 227
149 176
102 287
234 242
179 203
82 128
169 285
244 278
32 180
95 240
6 192
88 239
270 274
108 162
158 162
1 136
42 92
119 163
21 88
14 168
139 149
129 185
166 286
218 227
157 196
32 266
146 150
47 259
97 105
130 267
4 26
178 293
125 244
31 263
192 263
168 290
44 124
183 245
60 221
165 170
27 279
63 137
203 219
22 173
121 268
248 291
58 197
48 157
26 248
67 103
112 268
114 204
14 159
57 280
163 177
118 295
47 193
110 234
96 258
106 240
77 160
83 143
55 146
162 264
38 141
5 227
30 101
184 215
43 231
180 234
274 279
41 244
168 238
99 129
88 94
169 233
9 42
51 139
104 184
29 181
38 178
15 240
173 216
41 145
180 249
29 84
65 98
227 237
8 116
267 277
70 260
89 222
51 126
33 122
68 95
92 260
90 198
6 119
73 248
61 262
50 104
64 69
131 147
10 192
69 80
209 250
132 203
61 265
9 55
15 56
19 172
47 277
158 164
76 237
116 229
70 281
38 243
131 210
216 258
182 206
73 204
14 123
104 287
86 195
24 237
8 109
88 133
163 207
121 236
76 275
64 277
21 137
90 91
73 167
30 36
71 201
197 294
115 158
51 234
97 289
148 210
134 281
54 246
36 232
5 238
150 179
25 147
72 221
71 214
22 283
86 243
111 235
199 289
41 238
99 170
12 149
10 124
170 278
58 157
12 25
21 82
54 272
185 294
155 215
89 234
66 109
91 94
3 227
31 295
125 208
178 220
196 209
62 210
120 298
103 149
9 68
104 115
157 243
80 240
111 220
28 145
162 204
155 168
33 64
161 256
15 244
85 91
39 248
34 243
48 69
13 297
20 250
63 163
289 296
57 236
43 74
16 33
29 199
20 111
58 211
158 187
76 242
30 150
30 292
101 286
164 243
196 264
26 105
150 279
16 185
227 286
44 299
60 167
100 141
122 195
97 239
30 135
69 225
177 242
150 238
34 190
83 99
106 215
14 126
73 118
85 237
7 97
187 214
57 70
157 158
95 274
178 214
55 150
10 187
230 258
56 145
206 228
186 193
117 161
31 88
186 280
97 182
4 169
65 256
59 159
155 274
108 170
174 255
20 295
23 30
61 82
6 210
3 36
86 211
160 241
16 128
104 224
4 246
58 130
14 51
220 235
13 109
136 149
21 141
69 199
116 288
60 278
47 165
132 139
27 217
153 175
6 266
100 228
52 66
59 275
231 292
35 44
105 199
82 251
57 222
205 298
143 268
52 169
57 160
31 38
105 140
59 112
162 211
160 231
84 174
263 266
155 231
62 183
14 160
161 271
177 227
13 220
116 266
71 157
60 197
99 185
112 297
177 212
79 269
21 98
26 291
31 250
117 226
120 203
152 208
121 150
268 286
99 106
33 83
68 268
115 128
46 177
181 274
126 145
22 298
142 247
12 62
221 240
217 278
41 156
240 267
22 49
131 163
26 133
202 247
109 111
95 155
114 191
9 123
23 142
1 234
54 211
87 118
33 47
201 300
252 282
211 246
24 159
8 176
113 265
45 296
161 180
99 276
107 184
5 231
72 129
131 297
27 193
74 129
76 216
151 204
45 257
206 209
45 272
81 163
19 77
174 225
223 225
61 204
5 222
173 254
20 26
214 264
83 185
115 122
29 215
219 292
70 252
50 106
103 136
168 236
61 264
9 22
92 205
24 136
58 191
99 213
251 294
155 286
51 152
165 287
53 112
34 167
6 295
155 240
42 222
75 174
139 218
76 161
140 300
209 228
94 289
44 169
95 160
154 215
33 75
232 245
34 296
15 278
4 10
41 260
15 40
95 244
116 245
75 115
163 198
19 173
120 232
69 194
171 182
117 136
102 105
241 280
222 258
72 252
83 153
56 260
174 251
155 217
197 243
36 132
135 258
145 208
21 272
4 210
60 224
93 268
4 249
176 198
205 227
5 189
6 137
107 143
110 229
71 82
35 52
163 219
3 152
129 252
194 251
157 221
171 263
173 280
71 294
208 231
79 212
65 273
56 107
217 270
172 273
11 152
28 47
62 226
53 253
75 83
273 288
31 192
148 229
29 75
292 298
13 132
35 210
33 154
102 130
22 261
200 212
76 219
143 244
154 193
210 226
99 215
187 235
71 105
83 215
106 252
152 292
156 286
103 120
95 281
10 73
129 130
42 131
43 154
14 156
27 290
193 202
120 180
69 221
116 182
265 276
171 229
110 183
11 134
79 198
188 294
126 254
96 203
80 83
24 227
134 283
1 226
47 72
125 238
24 103
174 194
89 218
35 249
127 292
53 177
201 225
113 259
43 244
24 127
69 86
38 174
64 99
72 241
33 221
276 287
106 143
164 285
3 212
86 157
48 84
25 127
192 249
184 276
127 176
76 273
120 234
82 300
158 287
93 156
40 193
135 177
125 247
120 258
141 271
209 214
12 295
27 238
85 288
144 220
46 275
147 273
96 270
55 260
120 127
115 194
30 103
208 290
54 97
116 171
34 130
117 242
31 32
250 262
206 293
68 168
187 295
78 217
152 173
122 276
59 216
70 240
277 284
133 140
66 293
113 170
221 276
39 233
172 177
93 231
14 93
71 194
261 280
28 278
220 248
78 170
153 290
63 229
10 158
191 262
4 256
212 258
3 89
274 280
79 180
295 299
253 275
133 196
83 108
19 22
22 93
179 231
25 79
217 241
164 289
64 185
161 200
97 214
74 221
69 129
30 236
197 262
85 249
160 244
168 173
98 210
1 3
211 296
134 168
81 235
180 273
106 114
35 178
113 154
120 200
74 121
195 276
78 154
214 239
160 270
7 196
147 229
53 59
17 74
135 166
20 144
133 296
143 215
3 53
217 260
27 77
162 167
212 283
60 64
22 189
138 154
118 187
16 184
26 118
26 122
83 224
182 291
70 236
143 261
38 296
102 264
214 250
49 173
38 262
202 265
139 172
62 117
78 282
105 248
44 251
154 244
29 165
157 211
115 199
172 180
28 150
129 154
19 200
53 135
92 160
17 70
43 217
238 280
221 244
24 79
41 202
136 203
241 290
179 232
141 171
231 253
3 200
63 127
57 261
56 64
131 237
58 250
200 218
34 140
59 168
219 245
132 180
80 154
81 285
102 157
102 165
211 300
106 186
4 164
39 88
55 59
48 75
19 67
70 274
119 141
71 296
66 118
183 227
32 111
25 222
64 213
135 159
32 91
51 222
118 289
163 297
244 265
54 178
93 126
83 193
235 272
81 257
90 228
21 285
190 262
153 231
52 249
202 277
134 146
12 52
157 276
207 257
99 267
206 249
107 160
165 225
218 286
181 238
6 90
165 243
118 264
268 274
149 258
139 288
79 161
110 200
4 8
157 199
186 274
79 200
32 288
100 178
146 166
172 230
14 179
203 242
172 288
73 164
65 120
124 209
28 43
52 182
191 255
210 249
69 157
10 246
38 48
2 68
9 281
196 199
65 119
35 214
26 162
91 98
53 166
258 292
16 221
69 276
216 273
56 282
81 192
186 290
13 163
45 141
131 234
209 296
153 280
184 202
22 205
149 297
64 154
51 236
217 290
118 119
81 263
190 300
190 204
171 288
13 63
9 166
4 35
194 300
16 69
100 263
187 194
64 157
35 271
8 288
99 107
48 300
41 284
230 288
100 229
80 282
37 269
106 170
119 226
21 87
30 216
43 99
246 264
125 281
97 188
82 199
36 222
17 279
261 298
39 174
46 96
132 161
206 248
49 89
85 256
79 229
3 234
36 46
203 227
103 245
103 173
135 222
62 242
164 246
64 104
192 246
189 258
116 299
10 84
101 212
75 284
3 139
152 218
38 264
197 277
179 222
90 285
167 225
32 119
143 231
62 67
145 168
175 287
257 266
154 279
68 241
105 262
127 258
93 155
142 231
236 268
121 153
10 133
58 243
108 267
93 281
69 102
57 145
121 208
13 269
40 290
77 298
180 235
125 189
183 210
142 153
68 253
24 172
71 158
104 154
266 291
177 288
25 42
97 251
85 131
142 181
24 67
33 69
128 276
21 289
202 290
24 25
104 108
136 147
153 208
48 199
195 262
22 297
30 77
188 296
153 168
124 243
33 195
96 292
114 284
128 300
98 109
154 247
44 94
70 78
100 180
65 147
14 216
86 194
209 211
120 135
190 194
231 268
18 47
157 265
30 283
173 298
16 167
23 236
17 155
194 250
28 95
134 231
89 273
151 162
105 174
23 121
74 106
46 148
262 294
4 269
1 229
63 81
5 218
46 212
2 224
172 258
234 275
37 249
167 174
12 110
160 179
38 196
202 244
25 227
216 242
30 166
160 238
102 296
218 261
216 297
5 112
258 298
17 56
166 177
101 242
76 203
79 100
124 197
41 80
144 206
109 210
96 152
252 277
11 30
51 177
167 195
76 135
46 180
106 221
83 217
219 232
149 237
76 110
137 161
87 209
108 201
53 127
99 184
52 148
29 197
38 118
234 245
205 253
122 225
2 238
71 264
64 130
162 287
83 241
139 148
86 105
140 246
77 216
81 288
9 93
239 257
68 160
45 211
106 107
63 148
124 233
31 209
77 231
131 226
65 117
64 115
155 254
114 202
192 289
215 282
40 129
3 92
136 148
11 234
52 192
44 294
107 274
240 280
144 226
3 237
96 237
17 224
157 300
245 271
73 214
17 290
204 276
65 220
100 163
152 155
107 126
62 288
61 185
23 290
119 209
49 110
131 227
22 135
117 273
29 184
29 255
152 203
50 142
252 290
23 181
31 178
44 257
101 103
4 235
212 292
6 38
273 297
180 198
69 108
49 148
58 124
76 227
46 77
226 266
61 80
136 237
46 203
67 237
70 270
18 72
58 69
43 134
210 228
81 85
49 132
37 100
120 226
90 187
3 177
47 104
132 136
112 283
54 199
93 286
129 190
8 229
170 259
100 291
23 138
32 81
93 166
256 295
26 262
173 292
111 137
89 149
203 218
26 66
143 155
6 44
136 226
45 291
67 132
128 250
138 290
73 243
108 194
105 178
184 240
55 218
79 177
105 214
18 86
2 284
117 230
28 244
22 212
151 199
164 264
64 284
115 262
183 203
55 96
195 199
283 292
133 243
196 197
7 105
141 144
21 81
12 65
45 73
100 226
3 275
58 225
71 124
35 62
138 279
240 241
201 250
20 133
76 222
89 242
207 272
215 277
85 144
32 98
64 241
3 236
39 196
200 292
89 177
31 118
109 256
176 206
22 103
206 271
52 266
296 300
61 140
46 179
31 272
31 100
18 74
28 160
241 281
124 264
2 193
156 173
84 264
150 280
111 207
74 284
31 94
18 154
50 244
47 107
191 277
87 194
26 88
152 275
43 274
91 100
180 295
149 230
6 233
9 186
217 261
110 120
99 241
76 85
1 288
43 121
103 205
96 216
99 240
59 292
91 137
46 258
53 134
151 284
194 214
131 229
96 232
57 77
70 125
154 265
47 113
173 238
18 185
123 179
114 252
118 158
231 280
24 166
79 148
229 295
67 220
79 117
35 295
71 140
154 175
36 67
25 149
165 175
1 245
244 259
56 95
8 230
22 203
247 279
224 259
147 149
106 121
70 261
58 196
16 64
238 270
191 276
136 163
182 263
120 297
127 203
190 251
108 287
25 245
79 258
39 296
112 166
149 183
13 295
45 105
14 218
97 209
113 280
129 284
213 276
68 92
140 248
57 290
257 272
118 266
188 264
121 281
280 281
90 239
68 270
26 140
15 41
279 290
227 234
138 153
12 163
25 177
100 172
104 157
148 180
57 152
19 273
7 204
13 242
89 131
107 193
134 135
48 287
105 251
152 261
75 104
69 82
215 244
209 248
156 231
116 235
70 134
19 297
154 195
25 269
43 107
34 225
268 280
55 173
5 123
185 199
258 297
109 295
3 42
159 283
150 168
73 294
114 215
21 178
9 274
136 227
56 142
129 175
15 193
21 299
5 125
159 177
226 273
9 292
146 205
217 236
111 206
49 245
100 183
33 199
157 262
17 281
105 294
67 89
78 181
88 272
91 228
96 189
3 5
55 179
181 217
6 198
115 170
128 255
182 295
36 172
50 240
111 226
58 214
8 147
190 225
95 170
212 253
82 262
14 231
51 123
7 31
20 178
24 132
121 143
115 190
65 161
185 225
151 194
35 109
34 48
199 204
181 215
259 279
6 66
118 214
219 298
120 245
6 100
44 266
184 282
167 289
170 284
215 247
119 178
40 282
106 241
37 273
93 179
243 264
238 259
146 208
66 81
30 227
67 183
38 293
3 93
98 228
106 181
174 300
82 140
70 152
18 282
149 234
4 226
18 175
33 61
93 143
11 127
70 238
9 189
79 89
44 91
75 197
64 215
87 133
260 286
159 297
150 189
59 135
132 172
49 227
127 172
249 271
59 186
24 222
50 184
119 256
66 133
34 61
153 156
2 282
6 116
201 214
254 268
109 257
116 137
133 162
47 114
46 135
160 205
84 267
143 259
117 295
128 140
57 275
114 282
92 298
109 117
50 225
104 128
50 284
85 148
212 273
137 207
212 234
130 287
70 268
94 169
190 201
162 209
192 214
1 13
39 197
24 117
141 192
109 229
240 284
188 250
29 277
134 275
89 159
102 191
54 164
66 209
61 221
58 294
121 252
12 98
162 197
61 199
56 224
223 294
120 212
8 198
138 282
70 259
195 300
264 291
50 265
122 201
5 281
261 268
155 280
98 137
183 216
67 76
66 249
211 287
214 248
18 151
104 138
174 267
70 154
166 189
201 294
86 167
60 300
154 290
70 143
174 289
98 209
81 109
82 94
114 128
4 98
69 243
84 105
22 258
81 295
11 253
135 242
126 238
190 296
32 161
228 246
84 97
65 136
277 300
40 259
40 281
107 280
28 78
44 209
176 249
8 249
81 110
187 264
29 154
137 180
76 177
64 175
25 230
116 148
59 134
56 244
80 108
20 182
24 230
93 112
95 224
4 137
226 293
64 153
134 254
138 278
79 136
94 192
155 290
200 258
260 274
76 230
83 282
48 211
231 281
236 270
5 279
92 152
184 241
156 281
19 283
30 57
63 269
63 172
90 263
124 190
148 219
72 170
99 202
55 125
139 222
163 271
37 177
12 116
235 248
54 243
128 157
212 218
183 271
69 158
120 219
178 264
84 194
126 283
87 199
84 300
34 60
9 275
84 151
8 120
149 269
21 38
214 228
91 226
63 85
70 168
167 188
148 220
1 25
64 165
39 105
49 103
141 233
99 225
22 53
62 228
129 184
46 242
65 67
50 129
233 293
76 147
89 298
2 143
174 262
7 272
124 174
65 100
190 211
8 228
40 114
39 118
116 180
8 242
68 247
148 163
214 263
133 272
194 233
46 139
147 177
37 67
46 63
8 111
6 98
49 242
152 268
77 200
174 264
267 278
187 289
22 232
169 210
118 140
14 186
97 296
12 139
142 170
231 283
30 152
84 190
37 230
30 112
179 205
133 182
81 176
13 198
105 250
7 263
77 179
72 244
46 297
74 208
194 262
41 193
188 211
36 179
35 187
109 245
255 277
38 209
48 296
129 170
19 55
61 75
36 135
123 139
209 285
108 276
40 121
71 246
117 177
197 225
75 80
21 91
233 272
19 234
91 144
139 166
100 245
47 175
91 169
61 243
89 237
96 253
262 296
207 263
112 222
145 270
80 259
133 228
45 91
78 107
35 182
196 214
190 223
194 255
68 254
96 103
195 265
12 144
195 213
137 293
109 176
6 87
159 292
200 237
10 285
204 289
9 253
56 215
141 182
16 276
16 174
6 81
113 121
191 287
96 205
62 120
28 156
169 295
11 218
61 115
246 251
217 231
35 141
151 157
5 57
51 93
95 284
51 92
41 184
170 181
19 237
113 247
130 190
185 300
37 119
160 173
142 282
253 268
28 279
84 108
8 144
196 243
62 111
82 164
19 132
125 143
190 287
28 208
160 261
62 109
3 46
35 111
159 234
18 265
137 235
182 214
106 154
15 184
150 153
157 287
172 219
170 224
23 283
117 200
86 128
78 143
251 285
61 124
144 209
188 255
49 120
138 241
101 134
159 242
104 130
60 151
143 290
133 144
48 214
61 87
164 167
146 283
103 230
86 251
82 87
262 276
219 273
49 205
78 95
8 257
176 210
175 191
169 206
55 275
43 106
253 283
4 291
63 200
15 17
216 237
130 167
44 250
119 248
89 258
57 126
213 284
136 229
174 287
103 232
205 286
55 186
145 281
107 252
3 179
112 236
46 288
88 235
11 14
178 263
37 171
72 142
21 192
153 252
155 186
38 54
55 101
117 163
174 190
218 232
60 170
57 186
85 141
173 286
26 38
23 145
12 63
250 294
84 204
79 237
118 291
10 105
169 192
162 174
53 93
14 68
147 230
175 267
177 298
186 259
203 216
92 292
113 208
45 182
57 59
67 109
43 93
63 258
159 203
162 214
215 217
114 190
172 242
22 270
10 58
10 164
136 256
119 171
56 240
207 299
132 297
41 208
68 77
138 284
12 131
156 290
20 209
104 213
10 94
39 264
122 289
125 280
6 272
33 74
6 141
175 277
192 293
30 68
63 210
111 293
63 67
175 284
15 224
171 198
105 128
10 233
141 178
16 213
58 87
57 217
86 267
11 212
145 146
151 262
113 160
27 231
198 291
43 153
63 273
98 235
32 299
85 229
50 175
5 280
172 297
66 257
93 145
104 278
123 270
112 159
1 135
111 161
215 278
83 278
53 173
178 257
36 189
44 228
180 297
77 222
84 197
47 121
209 257
144 163
37 257
49 234
82 188
17 43
72 153
148 176
141 169
258 275
29 86
232 237
34 38
214 289
78 150
3 268
58 285
20 94
58 84
6 26
15 74
137 245
111 299
247 284
122 264
207 235
89 147
66 246
103 179
142 217
5 134
38 248
84 276
271 293
164 294
41 186
90 249
8 141
199 211
209 263
133 257
32 100
2 281
157 197
249 293
55 145
82 285
85 171
101 297
79 139
201 204
17 184
33 72
45 266
81 111
220 228
51 275
61 158
228 266
181 265
2 278
20 90
49 218
44 167
265 278
3 166
14 261
41 215
120 172
30 53
67 234
24 189
156 261
158 294
48 124
8 271
121 154
66 228
82 209
40 56
274 290
59 123
110 297
175 241
141 246
114 278
279 281
48 276
169 291
18 50
131 288
50 95
121 181
73 300
106 213
50 202
75 130
183 256
40 95
20 52
54 187
253 258
144 248
144 272
237 292
1 161
69 130
5 9
127 232
11 59
121 224
57 268
143 270
8 85
103 183
158 296
18 199
70 156
14 260
213 240
18 64
51 166
161 230
52 147
62 148
28 168
12 132
125 231
158 285
36 136
266 288
48 167
262 264
19 120
57 168
27 254
55 57
118 196
95 129
83 284
11 205
250 264
215 224
18 278
44 291
157 162
66 291
200 242
44 293
74 175
9 168
40 83
174 243
245 249
129 267
124 223
134 274
179 286
61 255
192 220
128 201
146 236
122 190
39 190
107 181
110 137
51 173
9 260
44 88
188 201
177 237
28 236
165 195
57 112
147 237
76 166
157 175
241 244
205 275
2 107
71 174
141 299
96 222
10 204
164 188
233 251
96 200
181 252
172 200
197 201
42 120
31 246
209 246
14 270
10 248
233 249
8 293
152 156
149 275
29 130
198 229
7 87
99 265
98 272
52 288
31 81
23 281
182 248
62 295
77 152
178 250
7 82
130 162
53 152
96 134
98 257
119 249
39 255
172 234
243 277
182 299
92 254
61 122
176 180
83 252
28 181
179 218
102 201
154 267
233 289
191 213
32 226
254 280
79 297
128 191
24 232
175 240
267 282
131 177
15 47
171 210
35 65
169 187
197 199
130 201
52 110
186 247
60 157
71 287
127 166
103 139
110 147
81 88
4 44
104 181
9 279
138 247
23 106
19 189
76 172
224 267
6 228
37 172
72 276
73 187
18 114
213 259
52 178
47 181
87 196
157 282
144 207
27 123
128 195
30 260
121 280
107 156
175 215
21 171
262 300
42 55
11 126
232 292
70 280
61 191
18 83
150 247
34 289
232 275
100 220
68 121
30 254
18 277
10 21
158 190
19 46
168 286
93 146
136 172
107 168
106 184
147 219
143 240
141 220
148 198
24 123
86 165
42 89
59 254
120 237
38 71
117 180
67 210
70 93
41 125
80 151
143 224
268 279
90 176
57 179
16 99
15 191
90 271
48 294
80 138
225 300
13 172
14 280
61 267
14 57
96 286
89 219
43 138
86 188
24 46
49 53
155 281
98 187
86 140
25 258
28 261
230 273
220 263
220 256
173 258
13 89
210 257
7 289
77 232
134 160
62 171
74 202
83 142
198 295
205 254
17 170
21 250
149 172
95 279
63 219
12 117
230 232
44 246
75 122
137 147
127 139
254 292
41 224
19 42
45 81
91 256
33 282
101 135
65 230
216 292
182 187
128 264
131 242
109 198
58 289
232 234
64 72
146 270
18 224
103 273
231 261
53 218
116 206
226 249
113 153
226 257
200 230
73 188
94 293
270 280
171 178
44 188
47 78
246 294
138 238
19 275
42 179
211 251
3 120
24 258
136 139
54 291
70 279
65 228
22 177
11 268
115 197
11 222
165 255
188 246
66 198
53 275
274 281
36 237
13 117
81 90
202 279
49 123
193 259
12 100
21 209
9 96
205 270
76 109
25 203
114 157
115 162
55 292
216 218
18 34
3 123
4 88
38 105
51 203
229 257
26 141
31 293
44 158
143 168
162 199
280 286
179 283
107 145
15 213
93 280
196 248
74 259
221 287
84 287
236 275
70 146
189 205
29 157
66 263
160 286
79 127
178 289
109 172
81 228
124 214
221 223
3 218
201 296
166 212
197 265
141 263
96 212
116 176
127 234
21 263
261 286
22 46
98 141
167 296
53 76
14 227
123 253
37 183
288 295
186 240
45 228
151 265
16 191
198 210
48 140
11 258
33 213
5 150
91 171
102 294
166 275
7 233
5 23
124 188
11 232
52 295
36 297
191 223
44 140
130 191
28 56
63 271
27 92
85 137
42 261
58 122
96 298
80 95
164 251
199 255
197 221
19 227
94 214
179 258
23 146
111 172
83 259
8 35
75 102
178 285
203 222
38 194
127 219
97 294
67 256
157 277
64 287
106 274
86 197
28 231
143 281
50 224
2 241
138 143
77 283
47 75
184 247
4 73
51 232
195 287
32 263
63 245
33 86
23 27
144 210
35 198
78 83
2 70
46 149
134 208
110 198
57 193
232 298
161 212
59 103
172 212
73 174
46 132
24 51
3 30
14 253
44 211
23 186
18 174
134 205
120 242
123 134
86 294
236 292
19 218
95 252
194 225
30 280
76 218
32 116
184 224
124 300
102 190
46 219
78 202
66 248
50 170
81 207
24 42
6 229
45 158
140 174
225 243
183 242
100 144
4 206
193 241
139 273
13 206
206 288
87 285
11 286
4 94
64 252
100 249
73 133
15 78
78 138
77 227
164 257
149 216
198 220
42 139
60 287
35 163
135 218
150 260
107 247
114 259
197 287
174 197
211 214
35 266
51 77
14 275
3 292
1 127
188 197
24 180
21 169
69 128
207 249
16 86
144 164
6 94
146 193
119 272
138 186
141 272
29 80
158 264
204 211
130 277
178 272
103 283
256 263
196 250
7 300
175 213
148 256
125 142
120 136
66 235
7 39
99 221
89 212
93 152
126 143
58 223
141 285
6 133
235 295
146 156
28 154
104 197
41 281
150 292
62 161
42 152
83 213
188 233
18 129
88 299
58 204
20 54
176 220
110 295
130 184
155 202
19 149
48 82
193 208
238 261
68 186
143 238
117 229
266 269
151 175
110 111
137 269
140 289
99 130
64 95
140 167
192 266
21 228
92 101
126 134
38 82
163 295
77 112
105 204
89 297
34 199
37 198
130 170
7 182
39 204
243 287
86 276
83 113
57 173
7 285
272 291
6 169
159 166
28 40
112 231
137 228
28 41
160 268
226 245
81 210
92 253
12 235
77 145
140 214
15 221
40 274
52 206
73 97
9 126
19 135
13 245
209 299
51 101
193 280
24 112
91 109
162 246
16 165
32 295
240 290
105 196
126 290
132 147
112 150
8 79
17 156
8 12
40 155
106 113
100 148
43 268
2 47
58 82
65 257
6 91
181 184
13 234
113 125
38 263
14 236
88 220
177 232
21 90
55 274
67 110
154 170
228 235
259 280
96 268
244 282
1 65
109 242
248 293
85 245
186 254
263 285
32 198
188 190
35 272
62 98
167 250
82 289
26 94
128 194
143 154
31 137
31 239
142 143
22 292
95 113
183 237
121 215
212 232
161 219
66 164
46 53
3 253
153 281
98 229
50 72
40 276
240 252
68 261
13 149
86 262
59 92
211 248
26 299
45 293
99 252
103 222
31 44
72 157
237 245
163 288
88 198
92 232
146 261
42 200
44 214
151 184
27 205
97 246
79 172
39 122
17 114
115 300
28 125
282 287
149 229
57 254
177 273
12 237
61 69
11 76
50 197
98 256
110 206
14 232
46 123
36 161
80 215
42 173
175 244
45 285
31 98
13 79
150 268
173 268
38 39
37 137
249 263
84 196
116 257
113 278
100 117
66 295
148 230
79 210
27 286
191 300
182 249
121 160
17 240
281 283
236 253
207 295
126 173
68 134
113 193
109 116
104 114
105 133
202 240
70 224
52 79
85 235
124 255
201 276
96 135
4 133
219 288
10 71
36 227
108 225
15 130
283 286
63 237
3 59
237 288
53 200
73 88
175 278
193 290
37 76
110 161
205 260
68 125
44 141
30 212
255 296
4 289
14 135
173 200
39 272
248 295
92 222
27 153
200 227
1 149
77 270
137 226
125 186
92 159
85 147
113 215
34 124
116 178
72 265
195 267
104 265
180 237
85 116
40 74
138 170
189 232
58 102
14 283
210 229
157 201
149 271
36 76
65 245
22 42
42 93
69 213
56 170
148 237
151 167
22 134
147 269
122 124
18 287
82 243
176 237
23 241
6 248
18 191
27 70
130 199
15 276
15 129
255 300
122 265
169 198
25 216
44 187
7 10
239 299
237 297
251 296
174 296
2 17
109 120
139 176
62 163
85 149
86 296
55 112
118 171
270 283
71 165
42 135
124 250
94 250
9 218
110 132
41 217
142 202
127 216
180 219
58 115
137 148
198 288
123 218
55 152
118 250
1 103
139 203
86 190
248 251
84 262
237 269
134 217
16 151
150 231
45 251
131 219
10 31
162 165
28 252
16 197
73 87
83 115
25 234
154 224
38 299
119 229
244 247
132 229
211 250
107 231
166 237
144 233
123 261
73 239
5 30
135 253
111 230
243 250
83 165
234 273
69 71
84 114
233 266
132 159
31 45
196 201
91 164
50 99
155 279
32 35
5 168
61 167
66 239
51 76
217 224
81 119
127 136
27 112
90 178
34 250
75 278
13 81
80 255
160 186
208 283
25 273
13 273
77 123
18 75
75 151
50 153
67 258
101 216
50 154
62 206
37 245
119 176
114 213
144 171
270 279
175 184
150 152
150 253
8 98
41 280
133 246
111 288
84 128
78 238
193 268
100 147
152 160
6 246
163 242
90 266
13 24
101 283
65 137
222 237
142 284
26 44
72 185
115 294
2 121
133 239
16 18
123 219
3 96
210 293
230 237
54 86
48 128
28 142
151 191
58 251
158 246
7 214
206 263
117 237
92 280
126 274
144 235
225 265
137 176
12 37
185 255
60 223
25 36
69 277
195 215
43 95
57 274
117 132
166 254
104 282
182 296
136 258
53 258
202 217
150 173
24 147
38 214
235 269
94 299
106 278
126 286
174 188
135 179
74 113
7 243
1 110
73 264
184 267
67 79
28 74
250 272
141 228
196 251
98 171
108 124
73 262
107 208
94 158
184 244
41 143
24 176
145 150
109 132
155 156
43 145
61 97
169 220
12 176
134 166
6 144
222 232
94 144
113 143
196 204
36 120
44 194
62 63
1 203
235 288
15 282
87 250
42 183
278 282
12 297
152 260
77 168
19 159
25 76
61 201
48 197
214 299
165 174
124 211
146 173
39 82
106 193
102 277
122 194
82 194
19 222
107 254
162 188
70 121
97 262
10 88
136 212
36 218
263 299
11 173
113 252
109 149
23 208
37 235
4 295
141 239
107 270
28 155
41 104
156 260
18 190
19 216
65 149
28 259
173 236
223 276
256 299
71 86
16 282
34 87
9 231
11 166
162 191
158 196
189 275
169 272
174 191
184 259
102 124
72 138
220 293
150 283
17 41
12 210
89 180
91 285
73 251
182 211
209 239
128 289
228 248
105 263
234 298
80 278
189 270
22 152
104 190
24 110
21 35
135 298
177 258
116 192
140 264
53 234
80 102
151 277
32 235
12 85
69 265
203 286
69 122
122 277
131 161
229 242
179 298
50 255
47 74
164 299
112 126
203 297
34 122
177 200
84 214
17 142
36 203
185 202
32 109
61 128
97 167
6 35
81 233
140 204
160 260
169 228
105 291
21 182
196 246
126 280
140 164
32 52
257 291
18 195
178 198
178 233
104 129
3 189
251 300
97 128
97 162
47 284
50 114
64 108
195 201
82 214
29 151
260 280
57 146
61 114
107 236
166 297
196 272
72 184
256 266
172 232
28 240
12 293
21 39
114 244
26 45
134 179
180 256
67 159
25 62
149 242
35 171
2 155
33 215
12 32
67 120
60 265
57 156
62 249
48 165
152 298
68 78
171 249
25 120
65 169
91 299
178 251
75 224
190 199
143 274
199 287
12 177
90 288
246 266
52 65
266 299
80 277
184 265
16 287
27 143
54 102
53 92
115 188
247 260
188 223
259 281
69 287
13 52
158 233
68 208
217 274
208 240
45 250
268 281
147 206
74 224
92 283
215 265
226 256
16 162
105 209
233 248
15 104
37 266
152 290
215 267
83 154
9 280
20 266
149 227
5 203
13 226
13 136
42 59
96 234
80 106
178 239
82 162
157 296
94 248
39 201
258 273
188 214
56 217
9 14
54 264
14 286
136 232
11 53
22 236
20 87
123 231
45 54
20 257
167 294
176 230
43 193
241 284
257 271
108 151
16 102
45 263
167 211
26 243
171 257
116 295
116 228
185 243
215 252
141 269
191 201
94 263
187 251
215 240
9 150
76 149
90 169
228 239
5 51
204 250
109 119
4 111
126 247
29 265
113 202
20 118
109 220
162 262
52 163
77 150
29 40
137 172
25 101
242 275
17 221
181 284
13 288
199 296
17 33
42 242
53 261
251 272
66 182
93 292
34 69
108 282
117 147
12 288
140 294
153 160
204 287
58 158
272 299
145 241
8 163
12 148
12 219
146 292
218 237
224 282
280 290
98 118
135 232
129 215
204 213
64 278
38 285
15 33
137 295
252 267
25 49
51 283
49 135
168 186
71 277
98 226
33 276
61 174
142 254
2 160
87 264
98 111
93 208
170 191
238 241
117 206
94 118
180 183
239 296
223 287
23 156
10 20
101 261
24 288
107 238
37 111
229 256
46 230
252 265
74 213
34 39
104 202
77 166
225 262
34 84
86 264
53 89
69 140
96 112
45 118
157 255
247 281
28 281
202 252
8 110
200 253
36 139
164 263
88 207
11 200
101 166
67 229
48 73
79 183
116 119
10 299
263 272
63 288
16 34
69 165
24 212
8 169
162 289
134 189
227 298
77 275
188 251
39 162
88 119
54 196
62 180
45 66
54 162
222 261
230 269
179 254
122 251
154 181
98 299
236 280
65 295
45 192
70 290
255 267
81 269
23 134
226 235
39 289
54 285
43 68
8 210
59 166
243 294
9 112
51 227
195 243
39 194
50 195
49 117
54 58
16 29
262 277
130 215
167 201
37 62
208 281
10 263
42 77
140 272
100 137
160 274
107 215
72 193
14 112
90 109
104 225
181 202
88 233
119 239
187 296
33 255
88 169
229 266
28 113
52 235
30 231
19 127
8 183
156 208
100 192
44 118
171 192
208 247
195 225
41 181
59 146
80 86
168 205
187 192
48 86
233 285
117 256
47 154
30 298
189 268
117 297
46 79
94 133
10 102
151 213
57 218
95 181
28 186
81 299
89 245
163 257
135 152
99 282
11 139
114 165
71 223
161 245
17 217
61 194
246 250
68 152
3 219
145 292
1 177
82 255
129 181
39 246
63 256
171 271
61 213
75 175
10 48
4 91
132 237
102 115
68 238
222 297
43 270
5 283
117 220
101 219
49 79
114 184
77 135
36 275
38 167
67 216
72 80
261 274
107 241
117 235
199 214
276 300
267 287
82 196
112 160
154 278
63 65
170 277
150 208
92 238
28 224
76 159
205 280
95 175
94 285
111 131
24 245
136 183
33 165
43 78
47 278
57 238
82 178
109 288
184 252
291 293
98 192
88 137
93 279
125 260
185 267
179 268
13 137
64 190
150 281
210 269
230 235
142 154
96 218
254 261
38 58
13 180
54 233
29 224
247 274
244 267
153 278
42 283
36 131
62 141
125 274
16 47
161 269
2 138
108 190
97 300
181 276
52 263
46 222
232 297
88 90
33 99
113 244
27 268
231 241
74 282
128 225
240 278
50 277
7 44
36 159
16 104
12 120
21 248
76 200
135 237
24 200
191 284
288 297
126 231
53 292
78 240
73 296
60 99
87 178
53 150
43 56
142 241
13 144
21 291
181 247
190 267
69 75
293 299
187 233
103 219
40 252
133 263
61 277
250 285
196 294
167 197
28 193
134 152
142 156
36 219
146 279
1 132
149 245
163 229
111 269
60 165
194 223
47 225
71 255
168 189
210 235
291 296
56 241
196 223
143 260
2 153
134 279
145 274
97 199
249 257
53 236
108 221
38 201
15 259
75 108
92 274
2 290
46 112
74 153
33 267
17 78
109 141
7 73
90 299
187 228
66 214
67 212
104 221
77 177
134 173
97 211
30 59
79 159
7 194
60 61
12 245
75 243
39 44
170 276
25 67
52 245
21 233
53 268
15 29
37 148
71 251
52 98
135 212
43 155
138 208
213 267
35 220
23 56
92 268
124 187
128 185
58 287
203 298
206 235
211 294
209 289
42 232
40 43
197 276
228 233
257 263
31 249
7 294
11 57
211 223
174 199
21 26
119 263
46 234
67 136
66 272
138 259
202 259
208 280
181 259
95 238
91 210
46 172
179 275
133 209
77 93
17 72
74 186
1 148
218 253
157 165
65 131
276 282
36 42
18 130
245 288
134 280
172 229
17 208
45 209
65 176
31 105
194 199
32 131
91 119
172 269
100 119
74 104
161 288
51 205
121 138
244 252
72 225
227 242
27 134
140 243
108 185
53 189
19 30
110 117
7 211
132 226
144 169
159 173
101 189
117 210
179 253
275 292
163 210
152 238
45 289
81 147
129 244
241 274
112 146
260 281
9 43
48 255
92 212
71 102
98 198
116 226
134 261
137 256
6 111
107 259
22 36
58 140
140 239
104 106
178 266
260 261
80 191
35 229
97 194
87 182
179 189
148 242
14 189
55 126
159 298
80 197
48 196
102 211
16 284
206 220
50 213
161 177
102 194
2 202
59 145
46 237
51 298
203 292
109 207
137 299
151 201
80 276
2 154
238 260
39 192
121 247
74 170
103 159
38 211
187 285
111 116
235 249
257 285
151 221
55 281
8 235
137 206
35 164
155 260
146 222
130 195
236 283
105 285
21 94
165 221
139 212
56 175
128 294
29 69
253 286
83 244
182 293
147 180
120 227
93 222
35 81
74 244
185 252
192 206
46 176
69 115
125 146
82 133
113 142
133 188
46 117
56 278
158 239
62 149
21 198
26 178
71 225
86 97
79 219
249 295
50 223
52 257
276 277
161 237
17 40
221 278
23 41
60 69
108 199
161 220
93 274
52 172
198 299
116 256
4 233
42 189
89 110
94 124
37 295
176 245
50 83
173 212
99 153
149 218
181 244
76 297
118 228
44 82
231 254
51 112
94 294
153 244
53 222
46 120
98 266
74 267
143 160
195 204
12 119
169 289
141 291
245 258
22 234
124 239
106 168
52 228
156 168
196 289
63 149
27 247
52 90
107 202
191 267
81 137
67 200
88 187
86 223
37 98
138 175
231 290
55 70
55 238
55 168
83 276
19 232
90 141
22 146
262 289
143 241
107 125
106 142
144 263
8 137
140 158
18 213
78 279
104 151
130 265
79 132
137 272
133 264
88 98
152 286
21 246
82 233
105 233
7 264
189 216
11 55
128 223
6 73
99 115
129 202
90 206
204 277
51 159
60 128
17 267
26 169
227 292
122 191
58 151
24 139
46 273
28 268
44 97
21 164
42 166
123 127
90 171
187 248
58 86
15 241
221 265
26 228
206 226
9 290
24 148
104 185
174 294
100 257
70 231
22 57
112 275
208 279
103 166
85 297
236 281
9 92
33 151
255 265
152 270
137 169
23 254
225 287
219 275
60 190
10 196
15 202
25 109
77 96
70 142
40 153
40 186
28 247
65 198
97 178
114 224
165 282
146 218
73 285
184 225
275 297
77 236
248 249
80 202
65 271
141 198
42 159
130 204
124 196
41 247
191 252
27 292
38 192
72 130
7 291
77 254
97 248
4 266
50 215
74 138
128 251
5 261
83 104
169 293
33 130
80 184
97 118
275 283
10 26
143 247
26 209
8 269
145 290
1 79
94 239
214 246
26 82
71 84
120 159
40 279
102 300
166 268
60 129
173 189
208 236
155 160
33 262
63 111
29 213
166 298
28 254
118 299
164 250
89 96
83 225
36 49
120 269
127 147
149 298
222 283
139 219
40 184
77 218
104 215
149 159
56 281
88 285
62 116
148 149
201 287
197 204
16 61
51 292
135 139
140 262
23 150
232 273
31 111
28 134
80 244
44 233
95 282
134 286
17 28
170 197
53 55
80 221
185 265
26 239
3 203
59 150
81 180
177 275
55 123
97 124
52 210
104 240
30 159
169 246
58 71
58 174
71 108
86 199
30 125
124 194
37 163
73 178
7 239
35 291
102 223
114 130
67 85
46 218
215 284
178 228
52 198
46 131
45 97
74 80
112 270
111 144
91 187
42 205
224 284
111 141
93 134
78 208
7 296
41 240
12 257
101 237
44 263
72 113
285 289
33 277
91 239
35 206
33 184
143 280
24 203
110 127
126 261
106 267
165 224
47 138
15 247
131 232
100 256
132 183
87 88
276 284
142 252
165 167
13 65
21 133
9 152
116 169
132 219
107 155
61 86
95 278
77 292
236 286
130 197
100 210
85 295
18 69
263 295
287 300
45 164
185 221
41 78
90 111
1 42
132 230
50 157
17 278
134 145
21 54
6 20
121 241
90 163
68 260
157 294
141 293
120 131
277 287
185 284
61 188
254 270
29 195
165 294
5 19
238 254
5 55
95 221
46 147
93 150
241 252
66 119
211 233
134 218
91 269
36 245
106 202
229 288
182 233
121 284
173 260
89 101
6 52
37 120
33 84
157 167
1 230
199 300
34 174
136 200
111 198
105 300
128 197
137 257
126 236
44 272
22 268
238 290
44 119
139 234
72 78
218 283
3 205
20 35
6 207
196 285
18 252
11 25
228 293
89 200
8 13
184 284
223 262
77 125
92 218
121 168
82 296
60 122
119 210
113 129
127 212
26 35
165 185
122 300
82 158
3 19
39 73
10 239
218 242
68 150
76 127
139 275
110 256
60 174
99 247
170 267
57 134
104 252
199 251
150 290
15 114
121 254
4 257
180 226
192 299
86 151
69 175
94 211
23 244
29 282
39 87
138 181
23 160
18 33
5 155
159 189
73 209
20 137
213 215
144 239
44 239
41 221
68 217
138 267
14 22
90 144
115 276
47 184
25 110
102 167
33 223
169 248
43 160
192 233
29 115
45 98
142 215
136 210
46 76
133 194
9 261
168 283
202 215
51 127
27 56
3 258
88 178
20 246
11 297
5 166
191 294
31 169
135 136
51 57
199 243
62 257
2 231
73 162
202 274
167 255
121 186
14 77
48 195
75 86
18 29
85 273
29 225
208 259
69 300
26 192
167 223
107 281
97 187
2 274
189 253
99 191
19 92
61 251
125 173
66 299
1 232
22 216
7 20
242 297
90 98
127 180
84 211
49 237
48 204
163 226
72 107
61 129
31 299
19 25
16 225
270 281
184 191
85 207
84 199
51 212
210 273
165 213
133 211
13 32
2 23
147 234
110 226
254 279
228 256
110 269
180 207
59 68
171 246
191 215
82 291
3 146
32 207
19 49
178 235
132 258
260 279
5 92
52 269
32 171
76 234
17 186
110 288
122 199
35 169
40 41
244 274
86 277
57 208
170 255
222 253
20 119
121 125
150 186
18 61
79 256
78 156
31 289
108 188
251 291
51 253
49 76
135 173
53 203
192 239
108 174
187 211
159 183
81 171
8 66
40 195
198 263
127 189
143 236
38 300
154 259
29 83
71 300
36 123
9 286
122 197
115 201
38 246
47 195
25 136
8 171
11 103
9 135
138 280
126 260
14 292
78 99
39 84
130 294
273 298
141 164
18 215
8 32
45 87
31 116
17 64
108 128
66 91
55 216
261 270
55 189
77 92
106 279
59 222
189 218
76 288
84 157
190 276
17 274
138 281
30 93
145 236
72 195
39 285
40 154
162 250
95 280
20 248
16 158
243 296
85 110
160 217
114 151
35 256
169 207
67 147
68 70
8 245
104 255
216 222
70 138
42 136
109 237
243 262
91 176
73 291
118 293
70 107
166 219
91 271
87 201
23 28
16 277
44 71
178 291
94 228
40 70
131 149
146 160
39 48
17 129
76 183
40 267
139 177
129 223
130 185
251 262
156 238
4 248
19 242
32 210
238 283
14 166
56 99
159 161
112 216
98 291
51 219
39 250
166 227
45 188
19 123
101 132
269 295
27 145
32 249
132 269
9 51
79 176
152 186
289 300
112 152
52 81
47 185
112 227
142 238
5 298
233 250
85 206
78 278
141 256
29 74
157 225
124 140
78 193
59 218
65 111
90 207
89 227
84 243
240 281
2 186
169 266
57 270
57 292
252 276
124 167
113 282
13 100
157 194
118 248
128 267
164 239
242 288
294 300
101 205
180 200
78 247
34 197
41 56
134 156
84 185
2 252
118 188
15 106
66 94
220 230
42 258
65 288
29 48
13 229
45 239
67 163
87 263
34 204
31 206
50 64
35 137
41 70
79 232
186 283
87 188
261 281
117 148
9 208
160 281
180 288
66 206
219 297
1 183
41 129
75 195
27 260
15 143
241 247
2 240
117 288
68 142
63 297
77 260
20 239
26 214
21 257
257 293
65 148
119 233
147 163
61 225
210 288
29 202
26 188
126 189
84 188
40 175
136 288
124 225
55 135
64 78
108 165
39 140
18 262
264 294
215 290
35 207
113 290
165 276
154 184
237 298
105 289
71 243
171 293
39 94
19 298
120 148
231 274
26 272
133 192
106 260
85 271
90 293
207 269
38 169
139 200
22 25
63 295
82 97
52 207
11 298
20 272
