279 2851
35 228
104 251
5 160
56 276
66 226
59 82
9 117
165 229
127 273
35 210
34 135
85 228
163 204
103 194
262 263
85 164
133 144
172 192
130 133
25 43
3 184
139 176
61 76
69 244
143 206
66 238
95 198
206 238
93 210
196 279
9 161
20 86
37 227
78 244
98 187
86 278
194 226
99 145
229 278
167 238
77 99
262 268
37 44
44 192
109 263
207 246
22 276
70 75
14 58
121 269
41 50
82 223
145 276
250 263
176 195
176 198
44 244
132 155
11 227
126 171
52 124
147 277
98 263
130 204
142 155
93 135
62 171
87 267
14 161
92 184
149 201
164 262
44 176
58 161
95 239
192 227
78 125
34 104
62 163
128 234
76 243
143 165
66 229
41 136
66 124
144 220
124 198
13 222
59 89
161 213
56 246
206 213
209 251
58 143
117 242
183 270
43 270
233 276
62 156
167 215
163 244
9 62
191 229
78 191
215 226
116 186
145 175
105 160
64 81
39 57
128 190
44 89
1 223
80 188
1 121
60 252
6 240
92 93
10 32
9 167
61 80
220 244
73 151
113 136
76 216
29 71
6 230
229 269
130 192
62 227
78 163
227 269
172 194
205 262
64 80
196 230
167 229
69 195
149 167
219 274
144 192
196 268
210 214
222 241
79 199
86 198
229 242
201 227
37 203
115 122
90 182
191 221
31 260
72 105
109 273
120 155
49 170
204 215
147 158
9 192
103 238
194 215
125 194
79 224
130 176
37 194
131 233
36 205
214 268
195 274
3 10
226 227
113 243
9 239
219 223
67 165
9 139
80 276
14 49
164 230
221 229
171 198
118 209
236 260
127 137
52 244
65 234
210 218
116 199
76 136
191 201
82 227
38 138
149 269
23 81
13 77
69 229
197 254
213 223
49 89
82 117
121 195
244 269
192 223
89 139
82 171
9 143
29 166
69 206
26 276
190 241
41 216
14 44
58 191
32 268
95 203
59 278
170 242
196 210
77 136
167 220
238 274
120 224
210 279
49 176
16 137
192 229
124 219
20 78
10 148
215 223
144 238
14 62
155 230
130 201
215 269
103 242
161 191
65 216
9 78
1 139
78 238
117 226
92 155
215 238
20 198
82 170
196 218
48 142
6 18
129 261
41 233
198 239
164 268
8 150
205 224
212 246
82 219
127 184
148 261
5 256
62 154
170 215
156 229
34 85
127 218
125 165
67 95
234 276
69 154
78 130
9 226
173 230
56 136
81 222
41 234
204 278
141 236
66 274
76 276
113 234
205 273
61 276
121 149
67 223
186 273
125 201
103 139
58 195
61 243
79 118
5 16
147 254
85 100
69 219
18 209
62 125
144 165
133 163
22 128
133 220
167 223
64 276
103 227
105 186
201 220
84 173
57 279
170 229
165 215
170 223
10 173
160 268
33 112
172 215
93 116
156 191
1 165
10 230
48 199
18 54
26 222
20 170
180 253
37 269
186 199
53 228
9 126
99 216
203 213
136 241
166 183
86 223
98 137
133 204
3 107
109 111
52 58
69 176
55 92
36 105
26 113
12 245
241 243
161 244
176 269
73 248
215 220
53 273
23 208
171 278
82 95
44 125
61 113
165 244
156 274
109 148
57 173
2 182
133 171
116 160
208 232
256 271
78 89
133 219
94 160
11 126
149 227
87 268
140 164
18 155
41 276
77 216
149 239
135 186
6 224
125 269
206 226
165 219
34 240
9 274
78 227
36 214
16 187
154 165
95 219
58 78
140 267
171 227
86 221
89 133
208 216
14 144
64 207
191 204
251 259
1 192
130 165
118 173
9 238
69 172
128 145
138 231
58 219
103 143
22 216
133 226
52 117
125 167
156 170
56 232
22 56
230 273
81 175
1 62
11 156
172 220
187 218
32 87
125 223
58 221
79 263
69 191
69 167
171 206
11 204
223 269
58 176
20 206
25 71
57 210
44 49
83 183
62 203
154 227
77 131
64 113
227 274
139 244
223 274
10 135
52 220
81 99
52 149
5 245
126 198
14 167
13 243
117 165
80 131
216 243
215 229
187 230
6 116
55 98
137 240
65 145
160 164
98 132
79 267
65 99
113 246
62 172
18 142
144 213
69 198
194 213
67 204
61 222
55 267
20 213
149 194
190 246
55 148
32 72
52 86
20 49
139 144
44 171
156 198
92 129
149 220
34 48
26 136
89 121
130 191
50 113
37 165
26 65
92 199
69 82
220 242
65 276
198 206
130 219
139 226
77 207
105 199
69 269
133 165
89 191
143 191
212 233
76 128
194 221
26 131
10 268
57 240
13 175
103 221
49 167
95 156
127 196
35 84
94 153
105 196
214 267
55 186
161 195
130 167
94 127
89 238
140 224
12 85
135 210
124 244
34 119
232 234
37 156
138 141
131 175
81 212
123 265
95 220
62 242
171 192
191 242
95 215
50 64
22 234
72 118
176 223
6 209
21 55
126 201
117 143
12 32
117 156
57 132
79 210
218 261
121 203
3 98
69 226
206 239
5 209
86 239
95 163
35 251
54 251
78 223
21 140
60 97
44 86
126 203
22 81
5 271
44 121
49 86
21 184
238 242
100 261
183 272
95 133
20 227
93 132
44 215
9 163
220 229
198 227
154 161
59 163
95 221
203 227
21 116
18 135
32 107
185 277
126 229
49 59
133 143
14 130
39 228
58 192
156 176
67 239
82 201
52 195
103 117
67 203
126 226
191 213
5 84
118 250
187 268
67 167
57 140
12 18
121 170
171 213
192 204
9 220
95 229
34 100
120 127
234 241
121 204
21 155
22 80
201 215
21 173
113 276
126 227
63 122
117 274
130 213
59 215
140 153
155 214
171 223
62 103
58 67
190 234
89 124
141 260
84 155
160 202
136 232
269 278
98 135
95 167
49 130
6 21
226 278
199 262
35 48
203 221
186 263
67 156
37 172
25 83
12 205
144 239
1 269
191 274
145 234
198 201
18 119
240 251
216 241
117 121
11 242
32 187
109 186
35 57
37 219
161 206
41 128
133 167
102 180
13 233
23 234
9 201
204 226
208 246
44 62
36 119
41 64
101 217
64 190
244 274
21 186
44 269
35 202
51 112
37 220
56 190
14 221
213 269
72 240
83 180
93 263
14 165
69 126
69 130
139 219
37 171
18 186
20 204
219 239
67 206
124 167
41 76
140 148
3 54
65 136
14 239
59 195
89 203
117 221
132 262
107 214
81 190
132 279
161 176
124 125
26 234
56 64
14 269
251 267
44 201
1 161
109 184
98 120
72 273
94 105
37 149
20 125
126 213
105 132
113 207
49 78
130 203
26 241
163 215
144 206
131 232
87 173
172 198
117 219
100 186
59 133
69 242
155 262
170 176
223 239
207 212
204 227
219 238
76 241
218 263
14 195
234 243
11 203
13 81
153 228
90 181
98 104
172 206
268 271
190 212
16 119
44 170
50 234
188 222
13 128
216 222
192 219
148 202
204 206
43 46
103 219
230 251
148 164
116 135
135 137
208 222
44 156
82 220
49 126
270 272
144 221
86 143
57 155
62 223
165 191
137 209
117 192
92 250
5 100
37 170
224 279
175 207
144 215
133 203
111 218
165 274
75 272
60 247
69 143
48 57
34 109
54 135
163 191
100 250
64 208
95 161
57 129
113 190
238 269
10 187
85 120
11 62
52 130
144 229
21 98
124 242
22 131
20 201
104 164
72 279
206 223
203 244
48 256
206 219
65 233
125 144
62 206
164 218
256 279
27 146
10 210
124 229
143 170
144 242
58 62
52 95
213 274
53 140
12 187
12 261
66 269
78 161
167 213
36 55
20 176
126 239
143 242
66 156
67 274
23 216
66 86
161 170
195 226
98 100
130 170
72 109
21 118
37 144
34 148
144 176
118 160
145 207
203 206
116 120
191 238
40 277
11 144
92 209
144 167
99 190
130 278
142 250
129 187
126 133
172 226
44 239
16 111
188 190
58 172
80 241
149 170
72 261
37 62
207 222
165 176
250 279
37 213
124 204
37 89
59 126
145 208
14 238
21 39
62 82
77 145
119 261
22 113
142 148
105 119
212 232
209 273
32 116
59 144
140 256
35 273
50 175
50 76
125 203
39 240
52 170
198 229
143 229
5 116
139 171
120 240
14 206
78 194
66 125
139 220
49 144
220 226
9 194
56 175
1 37
205 209
204 213
78 156
36 92
120 214
117 204
21 35
62 215
52 226
64 212
62 198
120 268
48 160
3 85
95 170
5 224
39 120
243 246
12 48
67 171
52 62
192 198
124 154
64 232
122 174
66 220
139 170
3 250
62 130
6 210
27 102
144 226
21 107
67 125
1 176
72 127
251 261
139 172
85 250
238 239
69 125
18 137
227 238
128 276
113 232
35 268
67 176
201 242
194 278
9 165
137 186
199 271
201 213
50 81
44 213
79 245
103 206
3 263
165 227
76 80
62 69
89 219
10 120
13 145
86 203
48 85
52 227
104 196
55 268
137 268
139 242
11 121
188 234
82 203
50 128
176 192
113 128
167 201
130 171
144 161
85 87
80 145
116 173
173 209
20 154
37 69
79 209
108 141
79 127
69 171
52 167
44 117
120 173
82 239
130 226
208 243
156 204
167 278
154 206
93 259
125 143
121 220
202 205
165 204
65 190
131 276
121 227
163 239
226 274
37 195
59 206
161 198
131 136
34 224
35 256
144 172
18 184
109 228
32 251
5 54
48 240
20 133
176 215
226 244
34 111
50 208
82 274
117 223
105 214
120 187
192 242
99 175
55 105
127 160
103 171
5 48
10 279
39 72
1 238
20 67
10 116
37 198
192 269
135 202
132 173
86 130
12 218
176 194
41 232
137 142
201 239
139 203
156 195
126 139
135 259
55 153
11 14
32 263
239 269
82 215
172 269
94 111
238 278
143 221
23 128
98 273
6 155
116 263
15 96
67 215
21 92
13 276
86 201
66 195
155 202
135 271
104 263
96 146
44 226
22 241
14 172
65 81
65 212
42 73
11 89
163 229
117 215
209 245
61 233
49 223
149 229
73 235
44 58
10 100
75 162
130 149
10 53
82 103
48 104
9 172
160 259
23 136
58 274
87 140
156 167
123 237
121 242
40 231
118 142
127 250
156 203
58 133
143 176
99 212
172 238
167 191
32 173
52 278
62 176
126 204
100 202
80 222
213 227
23 222
69 121
11 165
155 186
69 192
148 262
87 127
58 170
203 239
172 219
44 165
204 274
17 42
105 135
61 145
203 269
186 267
14 204
145 233
100 109
41 131
233 234
52 165
171 204
121 144
198 213
52 121
220 221
208 233
188 232
143 163
14 20
87 119
170 206
54 148
194 274
33 42
59 220
12 224
76 175
172 221
109 210
14 95
59 239
89 171
72 271
12 94
100 164
141 277
55 184
49 239
179 255
77 212
184 214
5 230
100 209
36 132
62 139
103 239
133 223
99 241
67 103
11 78
81 216
100 155
124 206
121 221
21 100
39 262
220 269
90 211
116 267
9 86
50 207
79 153
124 220
86 204
233 246
52 219
78 215
165 201
41 222
49 204
9 221
149 215
201 226
95 143
163 226
84 256
175 234
81 241
58 244
5 228
87 279
251 279
59 171
143 144
23 41
25 166
126 215
212 276
173 259
100 153
145 190
167 227
87 230
69 117
105 202
1 221
54 105
136 234
109 245
76 222
32 35
203 274
22 145
128 212
221 278
93 153
155 184
89 194
117 213
163 172
1 220
201 244
46 255
23 64
144 201
131 188
173 205
62 170
217 255
58 215
10 205
69 161
135 261
205 250
59 242
10 34
89 103
67 269
220 278
34 250
11 44
37 242
127 155
121 176
67 86
125 139
37 238
164 273
111 268
165 203
142 268
171 242
69 221
52 78
44 191
11 215
78 117
113 208
121 201
81 233
52 143
198 204
66 242
20 163
143 154
209 210
86 191
39 116
66 163
117 130
50 216
176 219
120 199
22 76
23 188
78 82
210 245
216 232
11 161
146 253
20 226
111 214
7 33
6 259
25 70
49 278
54 262
165 238
58 103
55 142
66 161
155 164
41 208
21 196
86 226
49 133
196 214
37 52
195 201
86 165
172 203
194 242
76 234
37 124
163 242
94 119
93 230
171 195
64 222
69 201
148 273
79 214
32 267
117 154
102 162
35 263
85 240
99 222
173 184
154 191
84 105
164 205
44 52
42 112
13 26
37 67
89 154
21 251
117 161
41 99
221 244
252 258
3 173
62 95
256 273
124 269
111 118
161 204
164 186
49 95
50 232
67 213
118 263
59 170
62 229
80 136
44 154
59 172
76 232
130 220
173 245
165 206
50 212
170 201
44 227
133 206
144 195
245 262
22 222
207 276
206 278
149 223
165 192
86 95
100 256
14 219
87 250
56 131
121 125
130 172
167 194
94 196
195 238
109 224
163 220
98 268
52 171
6 261
66 203
45 185
20 62
9 130
105 240
54 111
59 203
95 194
86 103
10 16
32 184
139 154
142 251
58 213
37 117
32 55
167 192
173 250
198 220
54 84
35 142
16 173
155 209
245 268
68 75
1 125
131 216
14 191
55 205
94 205
188 241
136 222
35 262
35 259
98 261
58 201
58 125
52 206
182 264
125 215
77 175
215 219
11 117
92 104
100 148
37 103
32 135
160 250
256 262
221 227
85 118
89 144
67 229
212 243
1 67
94 267
130 206
62 219
74 247
117 144
6 196
143 156
34 202
128 241
224 245
104 109
1 278
149 206
228 259
56 233
199 273
119 127
100 105
58 124
23 212
136 212
27 180
100 160
44 103
139 192
45 110
94 142
86 149
57 250
239 242
128 136
205 230
98 160
66 227
22 246
197 236
16 196
160 205
192 274
104 155
56 65
120 250
79 268
39 84
191 269
12 199
36 164
159 277
221 242
58 126
12 34
9 124
44 278
135 263
89 143
192 221
84 261
44 195
194 229
66 239
154 171
156 194
175 208
121 171
117 195
9 121
58 194
77 190
163 269
94 164
32 262
194 206
94 135
26 41
37 139
58 269
52 215
154 195
107 127
29 179
161 274
126 156
46 183
142 273
104 119
120 271
12 209
106 182
59 149
103 130
26 128
135 240
89 156
32 84
63 225
170 239
49 215
13 80
78 203
39 94
13 241
93 173
14 203
95 201
124 195
52 274
176 213
105 250
220 239
81 207
18 256
9 191
16 120
13 190
149 226
188 216
85 230
221 238
199 263
39 251
49 242
165 269
163 167
85 109
145 246
207 241
215 239
14 192
39 173
77 243
175 232
56 208
140 262
9 170
1 95
119 224
231 277
11 133
59 198
39 107
94 209
130 221
103 161
50 80
163 278
143 278
125 274
128 232
154 226
192 195
37 278
121 133
55 111
160 196
84 230
11 219
39 105
176 191
156 192
70 253
231 254
54 230
79 186
103 203
59 69
202 267
66 117
109 205
61 190
171 194
109 279
194 244
72 209
100 119
176 227
209 230
6 262
11 67
161 226
69 124
105 267
126 191
89 226
148 196
53 262
163 171
170 269
34 164
117 269
186 262
82 144
149 171
66 69
157 166
62 165
23 65
64 99
72 107
44 144
195 244
18 210
9 67
119 210
89 163
36 142
24 141
93 268
11 201
79 262
62 192
49 58
54 160
11 20
20 165
109 164
129 137
194 201
125 244
32 53
139 161
148 271
66 143
56 81
65 207
62 89
244 278
6 107
37 201
94 186
6 84
149 165
54 119
66 171
95 226
135 187
62 274
124 156
125 221
203 220
44 206
212 241
81 246
172 195
122 231
78 278
67 143
37 154
52 213
34 54
92 105
9 215
111 155
118 271
192 226
227 278
85 98
95 103
143 269
58 206
3 87
195 239
116 155
14 163
67 139
65 131
161 167
14 149
18 35
146 180
35 109
65 243
153 164
133 161
227 229
53 93
192 278
192 203
87 240
64 234
10 262
50 190
199 218
119 245
104 160
153 230
150 266
52 229
9 227
59 130
62 143
149 219
57 94
93 228
49 139
69 144
89 176
78 95
149 154
201 203
9 11
153 160
95 139
14 274
197 231
89 269
125 220
198 223
62 226
220 274
131 234
78 154
161 215
39 273
189 247
36 140
6 228
33 151
27 68
36 116
89 126
67 198
127 245
58 203
50 65
98 218
212 216
87 100
206 269
213 226
58 86
103 154
3 34
95 238
11 59
143 201
261 263
41 212
154 278
132 261
11 49
175 216
14 66
58 242
133 242
155 210
9 52
233 241
82 89
86 195
54 142
1 163
133 229
100 214
11 172
165 278
116 245
212 234
18 205
120 256
66 126
196 263
1 171
78 198
93 127
82 130
16 72
14 124
1 206
171 221
26 64
35 153
171 238
59 213
125 213
16 100
86 89
195 213
223 227
50 56
49 171
93 261
175 241
190 208
126 223
172 223
61 241
82 221
128 208
125 191
62 239
41 80
13 22
11 191
1 219
139 213
99 233
23 50
213 221
245 271
103 213
124 171
137 256
67 78
104 279
11 86
37 59
76 81
132 251
149 213
133 278
20 124
156 226
57 92
195 198
99 136
220 227
140 184
62 167
35 100
6 160
121 229
1 69
35 196
250 256
121 238
143 204
49 125
16 261
10 273
103 156
62 191
167 244
44 221
1 143
55 119
125 172
44 95
81 276
54 256
107 153
179 180
52 66
218 230
198 269
79 196
109 129
223 242
82 163
75 217
129 173
59 154
76 246
3 72
5 263
86 167
223 238
59 274
82 213
25 96
130 163
100 135
156 220
61 188
20 239
175 246
49 62
72 79
154 213
192 201
50 222
139 204
66 192
35 205
78 121
34 245
155 245
119 186
240 273
137 173
161 219
139 163
126 219
56 145
109 261
34 251
201 219
128 131
93 100
36 57
103 204
61 216
54 268
156 201
132 240
133 198
55 72
14 67
156 163
9 223
90 264
37 167
52 204
144 204
44 143
98 251
14 156
1 229
52 192
12 196
26 246
9 125
12 116
34 118
16 93
125 149
129 267
101 272
228 271
194 204
11 139
111 202
125 219
208 276
154 274
21 263
88 96
137 214
34 116
53 279
187 196
80 190
161 269
126 165
98 245
89 192
47 97
41 81
54 57
37 133
91 247
86 126
23 241
161 238
22 41
48 54
16 155
216 234
47 90
34 92
129 214
240 259
13 113
114 252
165 226
9 229
37 223
124 221
44 69
171 220
15 43
203 238
99 207
92 164
86 238
118 273
33 235
9 203
93 186
18 153
121 219
37 82
61 232
136 207
155 196
80 113
18 259
44 163
191 226
53 119
69 278
1 58
119 230
140 268
186 259
163 238
144 198
22 188
194 227
56 207
56 241
213 244
143 239
11 58
121 167
63 159
55 199
6 118
48 118
48 214
99 246
155 250
126 194
161 165
52 59
52 239
171 229
130 215
79 218
222 234
53 164
154 192
42 235
167 171
186 224
23 56
92 240
21 104
37 244
86 176
86 125
72 228
190 216
31 159
94 173
127 153
86 170
96 102
92 263
163 206
69 89
120 262
127 240
39 259
172 201
49 103
170 226
49 66
104 153
84 132
39 279
48 228
148 218
86 213
21 32
130 244
14 121
144 149
139 165
41 175
80 81
117 206
89 223
133 201
52 194
78 204
100 127
81 232
175 243
56 76
69 274
12 132
82 125
79 251
85 218
125 171
55 273
20 58
84 273
58 167
6 98
198 219
117 239
16 107
204 244
219 242
92 148
13 65
69 227
133 191
49 269
10 160
108 225
77 188
82 124
203 229
52 89
116 118
46 162
163 192
67 130
11 226
129 205
6 267
125 206
118 218
119 202
171 176
14 201
148 263
154 220
20 192
76 190
82 176
122 178
55 104
132 218
165 198
165 171
86 154
113 212
133 156
93 262
216 276
126 269
133 269
103 172
56 212
119 209
143 213
14 126
201 221
59 192
99 232
58 229
42 177
89 167
77 128
13 232
20 156
131 243
117 172
124 194
163 195
170 220
204 219
170 238
226 269
103 198
65 80
109 251
8 60
119 271
10 54
142 240
48 100
80 207
85 214
251 273
153 173
262 273
188 243
58 144
55 263
167 204
98 209
87 116
232 241
52 126
39 209
117 125
111 153
13 41
83 179
58 239
1 44
36 250
32 98
16 55
26 76
89 165
5 251
43 83
124 278
34 105
16 251
49 227
66 167
121 278
219 221
100 187
95 278
37 126
218 251
100 279
230 279
79 137
222 243
163 170
227 239
72 267
143 215
80 212
20 220
145 232
213 229
69 139
131 208
153 210
35 224
224 230
226 229
86 121
80 175
139 227
8 182
44 203
78 213
10 224
12 129
165 239
77 234
53 205
104 199
16 18
20 269
103 269
206 221
84 268
20 103
96 272
67 82
76 131
61 207
10 85
34 261
137 271
259 273
59 103
95 204
202 279
36 230
9 171
21 209
49 213
82 86
196 202
99 243
59 165
10 202
120 263
1 201
107 240
117 170
1 103
126 172
199 279
191 278
139 238
38 108
129 245
36 93
184 205
11 269
86 274
12 84
69 86
69 95
173 218
67 278
103 201
53 87
9 156
11 244
72 87
23 113
59 204
71 83
154 219
149 191
69 78
22 23
89 198
58 238
72 116
208 212
3 84
55 160
133 195
65 113
59 244
167 242
53 153
2 150
54 173
125 192
125 163
119 199
44 78
139 269
163 219
23 175
77 113
13 216
155 267
1 117
9 37
107 228
161 220
62 269
66 95
188 207
116 164
198 274
49 219
229 274
79 160
54 196
205 228
43 101
116 142
82 198
69 203
198 215
221 274
50 99
127 261
11 223
67 133
156 165
180 272
89 278
11 124
23 145
3 155
129 142
131 212
16 279
125 198
118 119
78 124
22 233
11 194
64 233
6 119
72 262
121 215
83 101
53 261
92 116
86 244
103 126
161 221
39 245
67 144
139 206
109 135
66 278
59 62
103 165
37 125
67 121
242 244
2 91
175 188
55 250
149 221
23 99
1 144
107 137
117 139
35 135
117 194
81 188
95 223
143 223
104 267
11 149
1 14
126 238
124 227
271 273
87 218
52 103
207 234
15 253
125 161
62 144
109 202
20 191
217 270
65 188
154 176
85 105
6 111
16 205
37 86
204 220
117 203
200 254
73 112
13 23
76 233
140 228
67 126
86 144
46 96
3 129
37 192
153 250
176 206
61 64
188 208
190 207
19 73
131 207
87 155
162 270
82 126
89 149
34 39
86 192
13 64
82 149
139 198
80 243
93 184
107 256
34 79
39 119
35 107
186 250
101 180
149 242
18 199
9 213
187 259
128 233
170 191
92 160
72 129
156 221
15 101
39 93
34 230
137 218
172 229
49 238
196 251
59 95
53 256
121 154
170 213
23 233
26 56
171 203
130 238
195 229
37 161
213 219
11 176
59 67
186 279
49 172
10 137
107 186
53 148
69 165
50 145
48 271
194 223
32 140
202 224
133 274
176 278
23 243
161 278
195 242
190 232
98 164
176 229
19 112
154 215
64 216
36 261
121 124
84 104
130 229
103 229
54 93
156 227
187 261
132 250
177 235
183 217
20 221
127 251
43 217
66 172
44 82
1 195
89 221
99 276
238 244
121 192
77 222
201 223
19 51
103 170
9 269
23 80
128 188
5 119
124 161
261 279
222 232
202 209
64 65
143 198
57 271
117 167
100 118
89 215
49 206
14 176
133 227
128 207
155 279
1 274
105 273
170 171
35 140
37 215
230 263
137 251
78 239
79 184
98 230
256 263
62 195
9 219
25 217
117 220
135 184
201 238
19 177
18 196
41 207
5 184
16 135
31 236
52 163
99 234
132 135
124 213
18 53
176 274
111 196
89 95
79 230
121 239
22 136
156 213
140 173
44 223
14 133
175 212
199 240
49 163
52 242
1 156
148 240
78 171
184 187
23 76
14 171
153 273
128 175
41 145
85 267
125 242
68 96
69 238
59 78
58 165
170 192
93 142
89 220
57 164
69 194
36 199
44 126
52 67
22 232
58 89
11 170
130 139
101 270
86 269
154 221
3 240
59 156
49 203
22 212
49 156
1 226
66 215
127 271
13 246
86 133
95 125
225 277
97 114
70 88
20 229
130 242
51 177
204 269
188 212
209 262
161 192
124 226
187 202
124 126
133 176
57 202
172 191
221 223
36 85
104 127
219 229
66 103
32 127
95 149
77 81
120 148
117 201
125 130
124 223
11 229
35 127
154 229
226 239
119 164
113 188
218 250
137 259
206 274
126 221
26 207
79 119
41 65
256 261
170 198
191 192
173 196
66 89
14 103
11 66
163 203
167 170
126 220
160 218
171 191
69 156
76 188
118 148
36 98
79 164
9 244
144 156
201 206
53 85
35 72
267 279
113 233
128 216
222 246
124 274
207 208
49 149
195 278
143 227
12 36
26 77
14 213
65 128
66 130
35 79
167 274
104 132
104 230
191 195
6 72
44 198
127 209
80 233
66 198
69 215
165 167
124 203
52 191
140 187
124 149
49 82
78 149
92 224
62 278
170 278
121 172
22 207
130 156
16 57
72 142
21 36
58 69
14 69
92 153
167 239
136 216
195 219
143 192
14 229
107 140
124 192
16 230
36 72
20 95
239 278
85 199
69 103
186 187
172 227
41 188
69 170
59 238
210 228
37 66
113 222
104 273
81 113
52 139
66 221
50 188
126 161
53 209
156 244
149 198
184 261
49 274
23 246
200 236
18 107
107 155
25 68
102 183
117 229
205 267
1 78
54 199
206 227
135 214
49 52
89 161
23 131
172 204
130 154
6 16
62 221
26 212
250 268
41 241
222 233
232 233
44 229
160 210
77 80
72 263
