300 150
288 293
222 267
29 143
75 205
68 140
1 57
60 280
71 196
37 141
70 250
127 258
128 197
10 69
225 233
30 160
113 226
67 78
39 272
15 278
77 148
58 106
4 271
99 208
153 206
184 185
98 257
64 217
53 154
167 193
73 242
237 277
85 166
147 287
220 221
91 296
101 239
94 178
100 164
171 179
158 265
234 282
62 295
216 286
247 262
9 80
66 129
103 159
149 181
151 243
251 281
81 87
139 298
86 263
33 126
28 180
12 170
5 79
7 44
118 211
156 291
24 241
45 199
18 27
52 261
19 133
8 49
90 116
218 285
23 114
183 227
231 300
121 279
104 105
88 135
102 289
152 224
146 203
14 76
16 119
84 145
32 150
190 264
92 115
65 290
219 294
59 273
74 192
55 236
96 254
61 177
26 195
111 230
117 157
63 108
51 54
175 275
172 176
112 246
82 132
169 259
48 182
50 188
134 138
47 72
214 249
97 161
83 245
56 284
255 283
6 155
125 213
42 228
174 253
142 299
210 274
38 194
35 238
31 41
2 256
3 136
95 202
168 187
11 266
20 297
123 131
137 248
107 163
130 215
120 204
17 269
209 235
89 292
22 191
40 201
13 252
122 198
165 260
36 207
229 268
144 232
43 110
212 244
21 189
240 276
93 124
25 109
34 270
46 162
186 223
173 200
