78 2196
25 78
24 40
4 69
33 43
28 69
17 71
19 38
2 55
48 69
28 78
19 43
53 62
27 51
41 69
39 50
32 40
2 78
9 30
51 72
26 47
19 20
16 63
36 71
25 60
8 23
29 78
58 60
2 67
11 71
3 29
24 53
41 70
53 69
32 77
7 58
37 46
39 61
32 53
2 31
41 71
8 60
17 26
56 59
23 38
15 27
16 53
21 42
1 16
16 41
51 56
26 75
24 39
31 39
33 38
43 66
6 69
37 41
52 68
3 67
59 68
43 65
30 50
9 12
27 42
20 36
37 55
10 18
31 44
4 12
30 59
12 50
48 65
34 44
17 38
52 58
16 43
14 15
6 47
40 60
56 74
30 37
54 74
14 44
4 15
29 33
14 25
38 39
10 42
36 55
40 61
56 65
30 74
14 54
3 13
27 30
46 56
25 50
22 61
35 47
26 27
48 58
1 55
43 49
1 4
12 15
9 42
58 72
37 38
8 25
42 59
10 41
12 53
3 11
39 68
45 55
57 67
54 62
67 77
19 64
10 21
3 7
8 46
36 74
16 33
27 77
1 29
5 47
69 75
11 65
52 59
8 64
32 69
1 34
6 32
26 42
23 45
29 34
2 45
20 46
60 75
6 35
4 74
70 77
3 52
7 16
3 60
47 49
62 67
26 31
4 26
36 41
21 23
19 36
8 37
31 76
26 34
55 56
4 50
18 27
18 58
2 77
38 57
11 63
9 48
8 10
5 70
11 61
27 48
37 51
16 28
8 12
34 39
50 65
15 49
7 65
37 65
4 53
44 46
66 75
4 75
9 29
62 70
47 68
36 59
42 62
31 68
28 64
41 62
7 42
23 24
15 64
27 44
3 15
26 78
34 45
10 56
29 32
54 55
65 74
37 54
5 78
3 12
27 31
36 38
6 14
2 46
5 49
24 57
34 53
44 59
2 3
31 45
32 60
62 74
11 58
18 64
33 78
10 61
37 66
39 62
33 41
27 58
71 77
26 55
5 40
17 43
6 16
22 41
8 34
16 17
16 42
31 70
6 38
4 19
55 78
15 29
5 52
15 57
9 69
31 73
19 60
1 48
8 74
17 56
23 70
11 72
32 52
16 55
29 55
7 9
36 46
33 59
47 65
75 77
37 53
51 62
3 21
60 74
64 76
6 64
26 50
40 41
21 66
16 54
20 77
11 69
23 30
12 69
63 67
2 25
8 68
14 57
3 37
33 56
14 53
3 40
30 31
7 30
50 76
30 42
38 54
42 48
22 52
55 69
22 57
6 75
9 60
41 76
9 73
12 28
14 65
39 70
7 37
18 70
54 64
26 74
49 63
1 20
9 22
42 64
30 55
24 48
32 59
19 34
34 49
23 49
22 70
41 45
17 60
23 74
57 68
39 64
34 75
13 30
31 77
47 74
41 77
9 17
21 50
4 20
5 34
7 21
32 43
19 52
7 40
31 51
35 49
19 55
24 51
21 60
14 77
27 63
49 75
14 18
13 38
29 45
7 47
8 47
27 70
15 22
1 76
41 57
1 49
36 47
6 18
40 58
24 49
3 71
19 69
7 71
26 44
4 42
60 64
36 50
4 13
61 64
60 72
2 40
40 68
2 7
31 61
29 39
63 78
3 48
16 72
32 49
11 17
36 70
11 47
15 34
60 69
36 44
64 73
37 71
45 62
20 21
13 25
46 60
23 35
48 57
38 61
62 66
61 77
24 69
7 46
4 55
5 20
18 55
16 70
40 65
11 68
4 23
40 76
14 73
17 53
42 55
12 58
23 37
13 63
62 69
48 70
26 28
5 58
49 51
1 33
48 50
1 73
41 53
20 56
25 46
10 23
13 32
12 68
25 27
11 53
72 75
25 49
20 49
12 44
1 30
8 38
25 30
2 76
47 54
22 51
24 66
18 49
2 56
9 41
12 52
31 46
43 68
35 71
27 46
57 64
74 78
67 71
38 70
8 49
31 37
10 66
29 73
21 71
55 63
29 67
33 40
35 45
24 45
13 61
43 45
69 77
3 38
29 31
22 34
5 33
16 37
51 61
14 75
33 67
13 34
17 40
44 66
22 31
14 46
51 76
8 18
25 68
56 72
4 65
33 72
36 62
10 48
33 57
30 40
11 74
45 78
3 34
4 51
5 13
1 42
10 39
60 68
43 59
8 73
45 70
22 73
29 47
4 72
18 33
42 78
10 43
48 77
18 42
15 70
52 64
26 36
33 42
19 28
24 67
3 57
28 30
11 30
12 59
10 32
51 66
20 43
1 51
18 41
1 2
25 67
52 72
34 40
62 77
14 42
25 48
35 77
45 56
3 64
16 18
7 69
21 22
12 63
21 64
12 16
6 68
10 20
5 67
43 72
25 43
6 73
35 48
15 53
27 65
5 39
31 71
35 70
58 59
1 31
15 46
32 47
9 37
30 43
27 34
21 62
15 63
30 61
26 46
64 67
15 16
20 27
30 38
7 44
7 17
13 39
43 54
9 38
22 62
57 62
69 73
49 58
20 44
39 73
15 76
41 66
19 63
7 75
17 46
10 29
30 63
2 36
23 50
1 46
6 24
59 78
5 16
1 37
13 70
23 69
26 38
54 76
45 60
25 56
25 75
11 75
14 22
64 70
30 54
57 70
11 45
8 29
13 75
51 60
59 76
3 78
4 33
3 46
22 35
3 42
27 29
1 65
16 68
43 58
28 76
24 55
24 25
32 39
7 50
6 62
14 27
57 73
12 17
7 77
36 43
29 51
46 59
2 37
8 53
20 62
20 54
52 77
51 75
11 32
15 36
16 67
23 27
27 43
33 62
20 72
23 29
19 40
5 19
48 75
48 71
38 72
1 47
38 60
22 55
19 31
17 24
19 62
6 76
30 66
48 52
4 37
38 63
18 56
68 78
22 42
8 35
14 56
38 50
21 35
26 51
38 44
38 56
13 76
53 75
24 63
22 63
20 28
50 72
17 28
17 54
45 63
41 63
23 75
49 61
12 45
17 62
13 29
56 64
7 32
50 61
55 70
5 8
28 31
7 27
35 39
34 73
43 63
4 9
64 66
40 56
65 70
42 73
6 34
9 18
7 73
8 9
1 11
12 67
21 38
23 57
17 58
18 45
11 66
53 58
3 36
17 48
55 60
1 14
3 14
35 37
26 53
5 38
42 61
56 62
16 29
30 67
18 37
31 56
24 47
31 64
59 67
18 62
13 59
41 68
40 73
56 78
41 78
24 42
5 61
60 76
25 40
4 25
60 63
12 56
35 63
39 55
49 71
8 27
9 57
3 26
49 73
13 16
19 73
11 73
16 35
11 13
45 65
16 39
75 76
46 66
11 23
14 35
39 49
74 75
34 59
15 78
5 6
14 62
61 74
26 73
43 47
5 41
63 64
51 52
37 39
22 24
9 13
16 32
26 62
20 64
53 76
33 46
8 22
73 74
36 56
35 59
9 23
42 69
37 76
10 77
9 51
15 30
15 37
33 48
8 54
49 66
30 47
50 70
33 53
68 70
28 53
7 38
38 78
12 32
49 60
20 22
37 43
29 76
73 78
50 59
44 73
4 30
7 43
2 54
4 28
22 68
28 37
38 67
3 9
51 73
9 16
9 36
67 76
7 34
12 27
26 77
21 58
43 61
11 37
8 43
31 36
13 51
25 44
31 69
31 43
33 58
65 67
50 69
35 36
31 66
39 74
24 70
13 78
38 77
44 57
11 29
22 30
30 35
3 69
35 43
7 41
40 50
54 57
53 78
26 40
5 56
41 55
20 39
46 74
21 26
4 56
36 77
55 77
42 76
72 74
34 55
32 65
30 58
51 59
30 39
60 67
16 64
60 78
13 64
31 74
38 64
6 36
37 42
14 67
25 51
26 33
65 73
25 42
51 53
1 54
20 59
35 53
12 14
2 24
31 72
14 41
27 76
38 62
8 11
61 63
47 78
44 58
14 60
34 54
25 32
4 40
55 67
36 54
13 44
20 25
7 13
41 65
11 18
27 75
31 58
34 58
24 61
25 76
15 61
26 45
51 71
4 57
29 54
45 50
39 78
55 71
1 25
6 7
35 41
7 62
3 63
11 15
2 70
33 60
58 74
9 70
37 44
19 26
56 58
21 78
38 55
12 71
27 40
17 57
63 73
6 28
30 77
42 67
42 51
28 29
31 40
34 72
25 34
46 72
2 4
20 71
22 29
2 61
54 59
53 77
2 58
16 65
66 67
24 77
4 48
22 69
69 71
44 50
43 62
41 73
74 77
19 54
32 44
2 73
65 72
30 56
20 47
18 78
32 48
12 24
61 68
8 33
18 39
30 64
3 55
15 65
40 74
11 64
8 14
44 68
6 8
50 51
4 60
28 62
11 38
46 71
35 46
60 66
1 10
14 74
15 68
18 38
26 67
3 31
35 54
46 55
9 32
67 75
16 66
19 23
45 73
50 73
17 33
22 78
31 42
23 48
40 72
47 55
47 75
35 56
1 63
2 68
29 36
20 73
50 53
8 66
13 31
55 62
7 31
14 37
13 35
1 6
14 36
15 58
25 63
72 77
11 67
55 68
26 37
4 34
25 39
43 71
52 78
14 33
63 66
38 43
51 77
6 23
10 38
17 59
24 31
27 41
37 67
25 65
16 36
63 65
47 48
3 28
55 57
26 59
20 74
13 55
54 65
36 78
25 61
57 66
15 40
63 71
28 52
12 60
10 24
37 40
35 74
43 60
25 70
51 78
5 62
44 51
20 57
33 69
16 77
21 76
5 77
29 59
36 39
15 72
61 70
18 31
60 61
2 49
7 52
21 70
44 77
2 35
19 41
47 56
13 18
15 44
7 78
5 76
20 42
67 72
18 36
30 76
23 71
17 61
28 75
6 45
17 51
61 62
19 30
1 58
35 38
12 57
2 59
25 37
42 77
4 58
18 74
2 22
52 71
47 76
22 72
12 73
28 56
30 51
65 71
2 9
7 20
14 20
3 41
43 46
28 43
38 41
4 8
47 51
14 30
52 66
22 23
31 78
52 57
4 31
59 71
20 66
64 69
45 51
38 68
21 25
13 42
18 72
24 74
19 74
8 57
25 59
44 72
30 71
19 71
11 39
21 40
51 69
22 53
15 75
40 71
48 74
14 66
18 22
12 76
7 68
10 65
17 65
52 62
32 73
22 25
71 74
23 63
12 26
46 61
23 60
35 75
38 74
55 73
19 53
23 66
66 71
34 50
33 66
69 70
28 66
14 24
51 74
73 76
27 54
45 72
8 52
33 55
36 65
17 49
16 74
8 69
5 50
18 25
13 71
28 68
8 32
31 67
8 77
27 47
15 62
47 63
37 48
47 64
23 51
23 58
5 31
39 71
9 11
14 32
54 61
48 54
11 33
47 70
5 9
27 33
58 76
70 75
16 44
30 65
33 37
6 71
4 76
18 51
33 63
18 61
50 56
32 34
48 55
28 32
3 19
15 48
29 66
72 78
13 72
18 50
2 8
18 26
33 71
49 57
5 35
56 76
12 39
15 31
28 45
10 55
15 28
42 74
24 64
18 34
33 75
12 55
15 60
5 28
54 67
23 47
47 60
65 66
18 68
48 59
15 69
50 52
28 70
2 33
73 77
59 75
1 45
46 68
39 67
16 50
13 74
33 36
36 53
34 43
22 77
9 72
2 19
15 33
31 59
68 72
17 31
11 59
37 75
8 16
16 71
17 50
2 66
14 43
64 75
30 57
56 57
10 64
65 75
21 33
17 22
42 63
9 77
3 75
69 72
28 42
54 77
23 64
19 51
41 42
8 15
14 16
1 40
5 54
59 66
39 42
29 30
19 45
17 66
37 59
8 50
36 75
46 69
4 68
68 71
1 13
10 12
30 49
26 68
52 74
8 58
4 5
19 37
6 60
25 35
19 32
7 74
17 47
24 54
14 69
70 76
13 28
44 67
8 55
38 42
21 27
1 66
32 33
31 55
45 54
3 59
9 21
18 69
20 67
11 50
15 18
1 9
26 63
53 65
44 78
56 71
18 59
21 53
29 43
39 40
13 56
37 64
20 51
2 75
10 31
62 63
48 76
25 58
58 67
22 46
33 34
3 54
5 21
6 49
11 76
57 59
9 19
21 31
24 36
39 41
4 49
9 20
35 62
67 78
8 31
37 74
35 51
49 53
43 44
44 61
3 72
10 76
16 59
15 42
3 43
18 47
53 68
2 52
23 67
26 30
43 55
27 53
28 54
37 62
32 71
1 23
2 26
51 57
8 48
58 62
68 69
17 19
1 61
19 42
32 66
6 25
9 24
20 52
13 46
7 36
57 63
1 50
7 18
13 22
3 16
21 37
40 75
10 44
21 48
22 64
44 53
7 24
29 58
35 76
1 75
48 60
24 41
48 63
38 65
34 51
38 52
3 32
41 51
60 77
12 20
56 67
13 33
18 65
1 12
12 33
15 35
52 55
49 54
23 72
24 29
26 72
12 38
23 31
12 21
8 24
40 64
5 18
23 54
31 49
43 70
10 72
29 50
17 63
50 66
41 54
21 59
45 48
10 33
59 63
17 52
11 27
8 19
44 69
2 43
2 69
13 40
17 32
49 65
37 58
75 78
19 56
9 49
53 70
27 71
31 65
11 56
8 17
8 36
13 20
32 45
3 61
70 78
9 62
47 72
18 30
10 28
2 57
59 69
38 58
19 21
23 36
19 47
11 48
35 61
15 21
31 32
11 31
18 53
32 61
17 44
50 58
45 53
12 49
46 57
5 59
47 77
34 46
26 70
24 32
4 27
17 21
29 40
6 22
42 72
24 44
14 71
46 67
24 52
13 37
15 41
36 48
11 57
6 57
2 38
31 38
15 32
40 67
69 78
41 61
49 68
21 24
44 70
42 54
22 60
35 57
2 14
26 48
32 37
57 72
7 15
24 72
8 20
11 60
9 78
13 24
50 55
40 59
11 62
13 47
40 69
56 66
33 44
12 35
3 4
2 65
20 33
5 51
49 52
19 72
2 23
58 77
9 34
3 56
6 27
29 35
28 73
37 52
18 40
65 76
12 48
2 50
1 70
23 41
18 63
29 70
54 69
2 20
52 75
38 40
13 43
56 75
23 25
14 40
1 21
3 5
20 37
72 76
22 50
14 29
41 56
53 60
24 58
53 57
45 68
7 8
13 65
24 38
25 36
45 76
6 67
33 45
62 68
6 74
58 66
15 20
22 75
7 70
13 50
4 29
18 57
22 59
5 14
10 45
60 70
25 69
16 69
53 54
38 76
14 49
10 34
24 30
44 55
4 78
56 70
51 65
22 33
6 30
36 57
10 36
5 36
19 22
22 76
10 14
20 75
13 69
36 40
6 39
11 51
56 77
13 14
13 54
37 50
43 57
34 70
11 16
58 71
7 10
20 78
46 50
1 69
20 53
57 58
4 66
17 68
7 26
7 12
6 37
16 22
43 75
23 78
18 52
3 65
50 68
54 56
11 19
21 30
47 52
10 13
70 74
30 48
55 76
6 12
34 38
34 35
48 62
34 67
21 65
5 66
20 55
19 67
1 74
26 65
37 56
18 23
54 66
39 65
16 76
45 77
27 74
2 10
5 60
14 78
10 25
7 54
24 71
34 78
28 46
12 43
4 59
48 68
46 52
57 69
5 12
66 68
34 36
29 69
15 39
6 59
20 24
63 68
15 73
28 61
37 57
7 25
3 50
16 51
6 42
18 29
40 43
5 64
53 72
33 52
3 18
3 66
4 11
35 58
4 71
36 49
28 67
41 75
17 37
27 45
18 67
24 35
22 47
64 72
48 66
24 43
24 33
52 63
1 60
9 33
12 72
24 75
19 77
34 71
20 70
9 63
20 35
56 61
1 24
47 61
14 17
35 52
1 71
13 23
4 7
43 76
48 56
10 67
1 19
17 23
19 29
45 57
45 75
10 22
29 65
4 24
11 40
14 21
39 44
62 64
27 39
34 52
23 34
28 65
27 56
45 74
15 52
31 57
21 61
17 72
21 68
32 42
15 23
18 35
50 62
69 74
47 58
34 68
3 76
5 73
6 63
36 68
16 58
39 45
30 44
29 49
24 56
26 58
13 41
2 39
37 69
4 16
1 18
21 44
20 38
30 53
28 38
32 72
9 10
36 37
35 60
67 68
19 50
3 24
42 56
15 77
28 55
12 40
1 3
76 77
17 20
18 66
53 59
41 60
4 21
34 77
28 77
7 22
28 57
32 57
41 67
48 67
20 61
14 31
27 37
56 68
31 62
9 28
24 73
31 52
70 73
6 56
11 55
21 46
45 52
16 38
40 48
48 53
40 47
63 77
11 49
17 34
9 53
22 67
17 36
25 54
12 78
10 71
14 72
14 28
47 71
29 37
29 46
5 63
36 66
42 70
35 55
50 54
17 74
26 69
5 53
14 55
26 32
68 74
25 52
31 60
5 57
49 67
7 35
4 43
14 61
14 23
46 53
40 66
28 51
54 78
35 68
10 63
8 42
16 56
2 72
17 70
23 53
52 61
21 56
21 39
20 23
30 68
30 41
36 61
59 65
17 25
9 44
12 34
10 75
17 39
15 74
42 66
5 24
17 75
49 59
3 25
20 69
37 77
1 38
44 74
29 53
54 71
63 75
12 37
29 71
46 63
44 60
6 9
54 58
65 68
39 46
26 56
66 74
39 54
13 36
12 47
9 76
8 28
49 69
71 78
6 70
35 78
40 70
23 46
5 23
4 10
48 49
44 48
9 25
12 22
24 76
44 47
17 67
5 10
6 33
10 17
22 32
16 49
37 49
17 27
42 43
35 72
39 52
63 76
43 53
26 66
7 45
47 67
55 61
12 51
55 66
35 69
11 36
33 51
1 52
6 19
4 35
51 64
42 58
23 40
22 27
51 70
60 71
18 77
64 77
49 74
53 56
18 71
22 45
55 59
10 40
48 64
27 78
36 73
53 63
7 14
4 38
17 29
11 42
32 78
23 65
6 17
43 77
2 48
2 62
43 51
8 62
39 69
1 77
18 19
5 45
3 6
46 47
41 48
6 20
1 15
26 39
62 75
42 44
7 57
9 50
37 78
76 78
7 19
22 48
32 58
72 73
2 44
40 49
13 21
33 35
28 39
15 54
40 46
37 68
55 72
19 61
7 39
20 63
32 41
19 76
54 60
71 76
4 70
2 64
71 73
18 60
27 59
9 71
11 52
68 77
5 72
10 62
40 78
8 59
33 61
20 48
30 52
19 25
14 63
20 58
2 60
3 8
11 35
53 74
11 22
7 23
43 74
5 26
28 40
77 78
16 73
45 69
11 41
17 42
36 60
3 51
16 45
23 59
6 43
35 65
23 56
28 44
42 47
28 41
1 5
29 60
39 58
12 75
49 72
11 77
18 21
42 75
42 52
33 73
43 64
19 46
7 55
47 57
10 53
19 65
22 43
28 34
14 47
57 75
27 73
50 63
29 61
5 43
61 72
29 44
10 50
42 49
6 26
52 70
55 74
9 43
65 78
34 62
25 38
1 43
32 36
10 60
70 71
11 26
30 34
49 77
32 38
7 59
34 56
3 62
59 77
9 31
14 76
1 72
26 49
38 73
52 54
53 55
6 55
38 66
23 77
21 51
15 71
39 77
61 75
11 43
12 18
1 35
29 77
19 49
39 60
54 63
36 42
44 76
39 56
9 59
19 58
22 37
21 67
16 27
7 63
8 67
45 58
46 49
25 77
27 49
27 55
16 23
1 56
10 59
3 33
50 77
15 25
50 57
19 57
34 60
48 78
15 50
58 64
61 67
14 58
8 63
16 21
20 50
46 76
12 62
27 28
17 78
9 65
37 72
41 74
39 51
17 77
6 65
13 60
27 67
3 47
29 63
