50 91
12 41
34 46
15 41
26 33
11 12
16 36
4 28
15 31
8 16
25 26
3 40
11 33
16 41
11 26
26 36
12 36
10 48
5 49
6 44
39 44
33 36
2 16
8 11
19 42
22 45
11 45
25 33
33 41
31 41
3 12
29 35
24 34
22 31
12 26
3 26
2 40
3 36
11 15
36 45
33 40
21 46
22 26
31 40
2 22
22 41
15 26
15 16
15 36
26 31
12 15
2 25
11 40
12 40
22 25
2 11
8 12
16 26
8 33
12 31
26 41
2 45
25 31
25 36
8 26
11 31
16 31
3 41
3 25
22 36
21 34
25 41
2 33
17 20
15 33
10 32
17 28
8 40
11 25
11 22
2 41
2 8
24 46
25 45
3 15
2 12
40 45
36 40
3 22
12 22
11 16
26 45
