90 89
21 56
34 61
3 47
15 52
8 81
72 84
19 81
26 69
28 76
83 89
38 42
59 64
16 86
36 64
68 87
8 13
54 63
47 58
29 81
2 63
55 64
13 32
34 38
42 44
22 35
53 69
21 47
13 67
50 63
34 67
29 31
38 83
37 71
29 74
4 34
62 79
31 90
45 61
20 23
40 62
17 21
25 84
63 88
26 33
15 62
48 81
43 65
5 8
27 85
57 78
20 70
30 51
40 66
42 75
12 35
42 51
6 45
18 86
1 39
77 87
11 22
9 61
21 80
23 62
10 13
63 78
23 27
49 61
18 55
13 15
22 60
54 82
25 63
15 22
8 73
14 78
1 71
69 73
65 75
34 87
46 60
1 51
7 74
17 76
3 81
41 67
24 65
61 63
18 43
