295 1938
204 269
143 208
113 152
76 145
92 111
56 205
172 282
4 195
70 249
167 270
147 291
110 117
127 248
3 103
56 173
174 217
88 292
56 230
133 294
51 281
32 242
206 274
44 207
114 241
41 292
105 223
92 120
35 215
81 284
35 181
74 253
19 78
89 183
52 60
212 269
57 233
103 283
153 197
78 82
146 225
47 100
37 184
65 223
246 266
7 31
84 111
104 267
4 156
38 268
115 237
115 168
26 155
128 268
30 177
52 104
158 276
186 283
226 247
176 250
109 276
34 229
98 126
171 203
36 64
170 202
87 283
30 248
178 238
59 147
236 283
20 64
192 255
291 293
91 137
11 209
3 238
209 294
40 235
147 255
25 287
94 148
241 288
61 144
170 252
16 292
14 146
158 159
142 176
40 237
170 276
20 79
234 266
148 196
222 235
10 48
45 269
192 267
45 212
50 232
11 256
72 140
4 183
75 246
28 40
118 213
41 94
15 102
175 218
108 210
80 224
63 227
3 243
105 261
118 197
39 66
202 250
33 289
144 274
107 209
83 282
61 176
2 247
167 244
98 180
54 121
1 54
98 208
90 193
118 272
102 147
56 256
207 221
5 230
25 257
156 197
131 247
69 160
62 180
146 247
113 258
15 218
173 240
21 118
21 197
8 135
18 212
81 184
137 275
147 218
51 287
87 276
131 273
171 287
271 277
25 116
115 174
220 242
70 289
21 54
183 272
32 174
39 74
92 99
151 292
72 96
273 278
119 163
115 227
73 161
67 152
148 234
161 263
7 127
84 160
32 217
25 90
158 252
81 157
19 22
48 149
18 62
24 125
147 175
3 206
97 225
111 250
163 284
48 106
116 133
159 176
153 213
87 103
102 293
104 172
174 224
27 33
220 266
42 177
23 28
85 208
151 190
2 225
91 282
132 207
145 250
61 276
2 23
13 48
71 166
222 278
15 86
24 163
133 210
21 89
43 204
108 230
71 122
267 289
5 173
50 126
15 281
139 217
71 119
172 293
103 176
47 204
183 195
121 201
171 254
117 242
7 29
240 241
78 191
47 188
114 226
211 214
226 241
140 204
225 247
198 214
129 264
124 206
136 211
172 290
5 128
112 139
97 222
201 213
293 295
81 249
92 245
119 214
146 222
1 125
111 145
34 95
94 231
83 280
219 288
85 180
52 172
162 166
157 284
84 150
115 139
57 232
252 286
197 272
175 265
21 156
99 245
73 131
191 194
6 45
136 195
4 272
23 187
27 166
114 161
92 142
27 71
47 180
141 275
59 281
169 190
3 186
50 272
186 243
278 279
26 116
67 154
239 285
44 95
59 255
150 160
216 226
34 262
51 291
247 279
169 231
9 24
118 121
59 291
130 220
25 134
153 211
99 202
101 112
8 20
141 282
26 107
55 77
104 275
176 202
60 104
184 249
33 162
127 191
20 39
207 270
61 170
93 154
133 256
26 134
123 261
49 134
48 154
198 215
12 123
163 198
109 243
137 162
254 294
190 196
55 284
98 232
43 212
205 230
56 239
117 187
236 238
54 215
65 123
191 199
89 232
63 187
41 220
94 292
91 280
48 152
199 221
18 271
14 225
208 232
56 294
257 287
25 203
140 179
130 190
134 210
43 100
42 221
158 176
118 156
14 247
25 51
203 281
46 110
49 287
12 261
137 267
14 227
48 93
126 251
210 256
173 230
163 214
15 147
55 119
6 57
157 228
97 161
5 209
58 289
51 59
158 245
210 254
205 239
8 74
147 257
12 190
184 260
96 262
23 146
149 253
208 233
158 286
46 88
205 288
180 188
18 269
8 149
132 248
116 254
2 222
186 274
46 169
145 194
155 256
167 229
280 289
187 227
89 156
174 242
19 82
164 238
92 202
76 138
172 295
29 82
77 228
172 265
113 154
41 231
177 244
84 120
153 215
92 160
52 267
106 223
107 230
249 280
77 249
109 186
188 233
98 251
9 129
14 40
147 265
94 220
33 58
62 269
218 291
73 241
128 285
53 142
49 193
64 164
165 188
164 189
55 157
248 270
212 262
68 268
48 65
73 114
180 208
116 134
32 75
217 246
140 271
134 155
32 101
89 251
141 162
31 191
14 273
17 207
214 260
52 91
30 167
12 258
162 289
192 295
100 271
137 282
138 248
10 105
144 283
126 156
26 256
36 206
60 192
114 219
213 264
40 146
94 169
285 288
14 235
33 275
183 201
42 132
68 240
44 271
150 191
123 196
41 46
7 30
225 278
119 184
137 166
227 237
22 31
38 173
81 119
112 217
239 268
78 199
73 288
9 153
131 263
20 238
112 224
124 274
216 263
34 167
176 276
155 210
122 249
231 234
141 280
50 185
56 155
166 289
281 287
263 288
15 287
221 248
75 224
255 291
193 255
178 206
76 150
145 200
135 164
126 208
200 250
49 171
68 173
236 243
106 149
100 262
15 193
275 282
86 218
28 63
170 176
11 56
83 104
212 271
4 197
71 184
13 20
189 236
50 201
60 172
61 158
140 269
21 153
225 273
2 40
72 204
38 241
224 242
64 135
123 130
267 290
47 269
41 196
58 280
49 281
55 181
66 149
107 108
101 139
172 267
42 167
86 281
51 90
168 182
186 189
69 145
146 182
175 255
88 234
175 293
110 242
50 208
122 284
183 185
94 234
129 213
54 197
126 232
96 207
21 121
55 260
9 264
216 279
58 137
66 164
114 131
129 136
211 215
104 282
232 233
265 290
9 181
132 167
75 80
130 292
185 201
60 290
156 195
16 123
182 237
100 140
71 162
68 288
54 136
263 273
169 234
96 100
21 136
54 153
107 210
10 74
34 277
3 124
169 196
19 191
63 112
159 276
185 208
39 135
28 101
65 261
221 270
63 168
12 65
15 293
30 127
101 174
224 266
247 273
104 290
24 181
108 254
85 233
86 287
69 111
89 126
80 110
136 213
58 71
139 168
29 150
76 160
105 154
53 84
181 214
155 171
161 273
30 132
16 258
222 273
166 280
22 191
67 261
53 111
60 293
53 120
55 228
83 290
84 99
47 72
68 205
16 190
217 242
32 266
37 228
186 206
30 78
115 187
87 109
11 210
70 122
157 184
11 108
18 277
52 192
73 226
161 226
42 95
46 242
24 55
35 125
1 35
34 42
154 261
93 152
15 51
254 256
49 90
204 212
117 266
164 206
137 141
103 236
76 111
36 243
147 293
104 175
44 259
59 293
89 185
226 279
20 189
10 66
225 226
65 154
32 46
192 265
123 148
97 182
24 35
82 138
84 145
44 96
109 144
112 246
58 166
16 148
24 198
156 201
119 284
258 261
110 231
6 204
265 293
52 295
12 148
4 118
118 201
181 198
7 132
131 278
61 252
75 169
128 256
81 260
183 251
6 62
140 212
2 273
273 279
91 104
70 280
17 44
59 90
34 259
50 183
16 41
152 253
89 118
67 223
45 62
109 286
200 202
54 264
132 199
53 160
22 82
78 177
24 211
143 251
182 227
6 233
43 140
97 247
116 281
141 166
206 238
137 289
154 223
80 220
46 75
61 283
133 203
3 274
202 252
63 139
8 253
142 202
99 142
88 130
259 277
227 235
36 189
18 140
72 100
101 224
107 239
147 281
114 278
68 73
114 279
128 173
44 179
59 102
197 213
59 257
13 135
132 177
103 109
64 79
78 248
122 228
93 106
57 98
20 178
52 137
38 288
67 123
99 160
36 124
148 292
150 194
83 275
39 238
7 82
17 244
10 20
117 217
18 47
79 135
43 271
48 105
118 195
275 289
79 206
115 117
137 280
149 152
69 120
80 94
87 236
11 294
45 72
80 231
121 197
70 228
68 219
42 259
223 261
214 215
41 234
39 64
27 249
173 219
181 260
124 243
100 212
1 24
61 87
217 266
25 49
209 239
105 106
114 288
67 258
116 171
79 178
129 195
38 239
21 272
106 253
222 225
187 217
145 245
42 229
22 150
185 232
48 223
159 286
161 225
8 39
139 235
101 217
121 183
9 125
86 193
1 9
206 243
102 255
53 250
224 246
22 29
133 171
95 259
171 210
5 56
95 262
3 236
185 251
66 106
89 272
240 288
12 16
11 254
262 277
173 239
66 253
146 278
290 295
165 208
144 159
19 127
172 192
241 263
21 201
168 187
258 292
34 207
124 189
129 272
60 265
25 171
37 70
78 132
204 233
104 192
93 223
63 117
20 74
111 245
109 236
75 220
87 286
112 115
16 130
62 140
175 192
13 253
116 203
8 164
94 190
60 282
17 259
90 281
62 165
130 169
63 237
62 98
115 217
33 166
12 196
86 203
180 204
88 231
161 222
230 256
72 277
124 178
101 115
88 196
52 141
90 257
54 213
80 234
134 171
126 143
110 234
113 151
28 112
129 153
1 136
255 265
4 121
154 258
33 83
97 146
265 295
9 211
49 133
115 246
65 67
12 292
119 228
22 120
162 249
120 150
102 172
85 251
108 155
216 241
158 170
160 194
1 198
15 257
196 231
63 217
37 55
226 273
276 283
114 263
226 278
17 167
233 251
116 210
27 70
79 164
2 227
109 124
121 195
129 215
112 117
188 269
32 110
155 294
38 285
88 220
24 260
7 78
83 137
57 180
107 294
4 21
3 189
45 100
125 264
107 155
60 267
9 214
25 86
89 143
6 165
159 250
79 238
54 129
39 79
64 206
23 182
13 66
161 279
75 242
29 191
8 79
142 250
43 277
12 130
206 236
35 264
93 113
236 274
199 248
26 210
37 122
26 203
198 211
245 252
131 226
55 214
173 268
40 97
99 120
112 187
139 237
187 237
88 110
94 130
58 249
87 243
14 182
176 286
47 212
138 194
209 230
177 199
35 136
158 202
181 284
19 138
36 178
104 295
56 209
24 264
49 116
257 281
229 244
33 282
131 161
113 261
4 143
102 192
243 276
155 254
129 211
17 34
44 262
222 247
2 97
98 143
131 216
95 270
10 135
23 222
68 285
5 219
22 194
66 79
63 115
18 43
42 270
36 238
42 207
11 155
113 223
49 86
17 271
196 258
101 246
13 39
228 249
166 228
8 178
34 244
212 277
103 158
22 84
24 77
167 177
4 89
89 121
37 157
76 194
197 201
37 81
8 66
59 193
168 235
52 275
43 179
211 264
233 269
244 259
90 287
242 246
168 227
77 119
83 91
134 254
156 183
136 264
77 284
73 268
250 252
167 207
13 74
7 199
229 259
29 76
26 133
136 153
174 246
31 138
165 180
186 236
219 268
111 160
219 241
30 221
4 50
103 144
232 251
48 67
95 207
5 38
70 162
31 160
66 74
151 154
26 254
64 189
6 140
3 283
166 249
7 19
159 245
102 218
41 148
225 279
63 235
162 228
229 270
51 255
216 288
28 182
192 290
39 189
218 295
58 162
3 64
18 179
128 230
142 170
133 134
77 184
69 150
182 235
152 261
55 81
134 203
213 215
97 273
187 246
44 100
205 219
31 84
202 245
102 265
24 214
67 105
44 244
71 81
33 280
87 144
57 208
72 262
28 139
61 159
29 138
148 231
14 23
162 280
18 100
216 240
29 31
61 103
151 223
18 72
61 202
69 76
70 166
100 179
66 135
46 231
41 130
131 225
86 257
130 231
49 203
110 266
28 237
139 227
35 163
257 291
123 292
36 186
65 93
62 188
96 277
46 266
208 251
18 204
63 101
95 221
67 151
46 220
82 127
37 119
38 230
144 176
203 210
121 272
179 277
77 122
40 168
97 131
138 150
84 92
117 246
159 252
134 287
19 248
117 224
219 285
30 82
111 150
138 191
90 134
53 245
163 211
29 127
283 286
45 204
82 191
125 136
39 164
125 181
54 272
19 30
64 186
33 91
132 221
91 289
111 200
10 149
179 212
107 254
31 127
25 281
170 245
21 213
51 257
230 285
88 148
144 243
70 81
4 201
170 286
17 229
274 283
14 237
159 200
262 271
27 58
132 244
85 98
123 190
265 291
255 295
77 181
74 149
37 249
99 200
36 236
256 294
19 132
58 91
36 274
31 82
173 285
90 203
216 278
22 76
123 151
65 258
71 249
95 229
60 175
145 160
22 69
20 66
15 291
110 220
13 106
192 282
153 198
85 185
87 274
128 294
135 253
64 124
68 114
96 271
135 178
37 162
86 116
10 253
215 264
129 197
216 219
99 145
65 105
28 115
91 275
186 238
37 77
15 59
85 143
43 72
32 80
223 258
73 263
177 221
69 84
106 152
36 283
6 180
29 194
74 135
5 285
274 276
30 42
25 193
205 268
175 295
12 151
123 258
113 123
54 118
244 270
17 42
70 71
73 240
267 282
80 242
143 232
45 188
195 201
196 292
62 204
67 113
83 289
5 268
34 44
13 93
161 247
40 227
98 165
18 45
25 26
144 158
78 221
94 196
191 248
50 251
128 239
65 152
81 122
16 196
27 122
130 148
112 174
20 135
221 229
139 187
243 274
240 263
77 81
75 174
243 283
125 214
84 194
126 185
57 188
193 281
195 213
149 154
164 178
142 159
203 287
19 199
242 266
75 266
80 169
241 268
46 80
80 174
59 218
157 260
133 254
56 107
247 278
88 169
7 138
69 138
32 224
72 271
172 275
1 129
87 158
126 165
143 156
1 264
225 263
154 253
190 258
64 238
124 186
45 140
47 140
101 117
57 85
102 291
241 285
26 49
118 183
74 79
291 295
105 152
108 239
78 270
130 196
3 36
245 250
176 252
93 149
173 205
128 205
50 57
45 47
50 121
184 228
240 285
42 244
241 279
120 160
51 218
1 215
23 227
221 244
23 40
14 97
263 279
53 99
71 157
88 190
11 107
5 68
124 164
7 177
32 246
102 295
167 221
177 248
92 250
31 76
38 68
121 156
259 271
11 134
92 252
24 284
235 237
37 166
103 274
220 231
96 259
11 171
40 182
7 248
44 277
57 143
180 233
142 252
35 198
38 128
276 286
34 96
5 239
15 255
27 280
101 168
97 278
198 260
13 79
118 129
85 165
65 151
73 219
275 280
70 157
198 284
119 157
22 138
48 253
75 231
35 54
31 69
32 112
119 260
189 206
200 252
152 154
105 149
85 232
57 126
46 234
61 286
218 293
125 211
45 180
72 179
153 195
49 257
53 145
36 109
43 47
200 245
60 291
10 39
112 168
39 178
240 268
31 150
96 229
2 182
108 294
179 259
193 287
259 262
72 212
177 270
217 224
82 150
35 214
128 209
119 122
127 177
165 233
110 174
58 83
6 188
143 185
54 195
122 157
55 122
143 183
17 96
26 171
85 188
16 261
207 259
142 200
50 89
147 193
110 224
12 113
60 295
219 240
230 294
56 128
90 116
142 158
32 117
124 236
146 273
207 229
152 223
7 191
71 228
136 215
10 106
125 260
181 184
68 216
132 270
155 209
179 271
157 249
8 13
226 263
81 228
165 269
99 111
58 141
83 267
172 175
75 234
214 264
96 179
78 127
213 272
195 197
48 74
108 128
108 209
35 211
239 294
1 213
23 168
202 286
108 256
53 92
16 113
41 190
127 199
111 120
40 247
75 110
1 153
178 189
10 13
106 135
10 93
104 265
167 199
9 136
205 285
92 200
142 245
1 211
159 170
9 163
87 176
95 96
19 29
83 141
6 85
100 277
119 181
29 69
2 235
209 256
226 288
76 120
73 279
161 216
133 155
234 242
99 252
85 126
20 164
27 228
195 272
125 163
27 157
4 185
175 290
170 250
144 170
1 163
52 83
69 194
43 269
183 232
33 70
99 250
52 290
33 137
56 108
120 200
17 95
161 278
146 235
174 266
117 174
153 264
28 187
47 62
144 276
77 157
122 184
159 202
103 276
201 272
116 287
58 70
46 224
255 293
57 251
38 219
268 288
16 94
182 222
51 147
13 149
50 156
23 235
121 185
230 239
80 266
51 193
53 69
2 237
17 262
27 184
3 109
141 267
184 284
188 204
125 284
5 205
170 200
27 37
105 253
121 213
41 169
5 108
90 171
6 98
103 243
144 286
210 294
120 194
151 258
14 222
9 198
74 106
17 277
55 163
41 88
53 76
268 285
218 255
11 133
98 233
88 94
163 260
2 146
93 253
11 26
156 272
105 113
52 282
165 232
38 240
168 237
97 279
6 269
199 270
107 256
198 264
60 102
189 238
98 188
197 215
192 293
148 169
21 129
163 181
175 291
31 194
101 187
68 241
57 165
91 290
8 106
65 113
51 86
91 267
131 279
261 292
53 200
87 186
114 240
79 189
19 177
82 199
43 62
193 203
282 290
2 14
40 222
205 240
30 199
209 254
44 229
33 141
86 90
220 234
229 262
43 45
89 201
156 185
95 167
27 289
95 244
92 145
218 265
29 78
6 47
127 138
114 216
81 163
165 251
218 257
12 67
260 284
148 190
214 284
9 215
35 153
23 139
173 209
8 10
122 260
103 286
136 197
76 84
63 246
207 244
131 146
181 211
91 141
22 160
64 178
149 223
34 179
16 151
66 178
141 289
267 275
30 270
169 220
28 235
193 257
9 35
28 168
188 208
125 215
61 142
62 233
59 86
180 269
109 274
139 182
74 164
179 262
263 278
102 175
28 227
67 93
190 292
50 143
125 198
21 195
124 238
151 152
82 248
93 105
23 237
37 71
77 260
151 261
73 216
107 133
127 194
55 184
275 290
38 205
71 77
126 183
109 283
27 162
120 145
