97 4008
4 52
17 53
38 48
21 41
28 78
25 77
60 88
68 80
25 79
15 56
36 93
9 34
38 77
22 96
17 25
4 30
34 56
23 37
50 82
45 75
44 90
57 83
53 85
17 82
71 75
15 36
44 81
70 73
48 58
54 74
34 76
2 15
45 91
58 77
1 10
61 80
28 96
1 27
77 97
41 69
2 43
45 89
17 55
14 68
24 72
63 66
23 88
46 63
40 68
47 87
30 35
74 97
6 71
22 84
19 60
53 94
42 82
63 73
13 80
17 37
74 87
50 97
38 54
6 42
8 54
50 65
13 55
55 58
28 52
3 39
21 65
20 61
29 89
50 56
46 66
18 53
70 91
30 65
3 63
10 51
51 97
71 95
45 67
25 95
15 97
8 9
10 66
4 21
18 89
54 94
19 35
78 92
58 76
52 78
32 56
93 94
28 74
30 31
92 95
31 50
2 62
29 38
1 13
52 67
9 57
5 37
67 71
36 82
8 53
63 96
19 21
35 64
9 77
24 32
26 67
12 51
14 93
20 71
82 84
16 24
38 62
14 59
50 77
11 14
5 49
49 83
44 92
28 30
76 77
3 12
66 97
46 89
4 85
40 75
31 65
83 88
32 47
42 55
6 81
15 72
84 91
73 87
47 50
24 47
91 96
52 59
7 17
49 86
2 93
27 97
41 87
50 86
50 79
55 81
41 85
14 94
11 62
54 76
5 12
21 54
23 86
8 61
39 50
43 72
53 72
42 57
36 55
11 41
14 43
6 86
1 21
27 81
36 40
40 97
12 82
12 70
50 91
12 85
2 9
54 61
21 76
4 36
37 91
2 25
17 43
20 30
76 80
1 24
20 65
73 75
58 62
17 34
65 89
7 16
14 31
78 79
14 54
5 60
65 74
52 70
5 22
9 18
40 84
5 27
30 62
53 64
18 45
21 35
57 73
10 29
36 85
23 59
9 86
48 95
1 69
4 16
23 62
49 73
34 94
81 97
50 80
84 87
16 68
9 96
12 15
1 86
54 80
2 40
73 91
14 47
10 32
40 62
20 59
10 92
60 69
21 72
67 75
22 30
19 63
66 87
48 92
19 79
69 75
5 10
6 48
27 39
6 68
29 62
22 91
21 83
2 90
78 82
26 96
24 25
35 90
2 41
15 77
3 78
2 85
13 93
3 90
6 84
53 80
7 10
59 62
6 97
41 66
32 93
41 49
27 75
57 85
18 39
37 68
42 56
56 81
33 49
21 80
81 88
15 61
25 41
56 90
3 5
5 13
11 55
53 74
20 87
22 53
62 77
41 70
63 84
50 67
42 49
23 55
32 38
79 86
6 39
1 64
40 72
12 45
69 76
29 87
8 21
8 29
2 13
24 26
22 36
76 90
46 90
16 25
56 66
9 10
34 59
3 15
21 46
21 64
8 51
19 47
22 39
26 79
23 52
32 73
5 42
69 89
62 76
39 58
24 79
60 79
30 38
24 85
85 92
11 92
46 53
34 67
12 28
30 43
87 90
17 42
8 81
43 60
5 93
28 50
1 37
24 68
22 48
12 89
4 66
3 22
31 87
11 76
35 39
52 66
41 46
23 32
31 79
10 21
42 93
45 82
10 71
1 30
48 85
55 88
12 27
47 62
38 43
13 72
28 55
26 87
38 90
50 81
4 48
16 32
29 92
26 34
83 89
16 93
11 74
7 86
35 74
11 91
18 30
32 68
2 73
30 33
1 89
39 76
62 66
1 6
10 91
62 85
71 94
59 60
54 78
21 26
71 89
6 69
1 11
15 27
42 81
65 96
28 73
38 74
13 57
31 69
55 70
18 23
49 76
39 69
28 94
12 48
19 87
67 83
6 27
35 96
36 73
29 33
8 25
1 34
42 65
59 96
12 67
41 92
1 5
35 40
7 46
11 12
75 87
18 21
11 23
24 30
5 46
7 51
8 58
41 62
49 57
26 31
21 23
65 80
43 90
33 52
47 89
6 20
5 6
31 38
42 87
55 77
48 86
38 53
23 73
28 89
18 54
52 64
70 95
29 34
15 39
9 97
5 26
1 81
15 86
13 36
60 84
13 65
4 64
22 95
6 74
12 72
19 48
3 36
59 65
23 24
46 56
72 74
34 37
83 97
65 76
57 86
56 94
46 81
31 48
28 32
8 24
33 67
71 73
22 92
8 41
34 53
15 84
16 23
55 89
12 32
45 61
60 83
7 63
16 59
80 95
37 74
38 66
35 44
25 88
33 41
6 65
16 21
3 66
46 86
21 90
46 82
23 29
7 27
31 32
78 97
4 79
24 43
4 15
35 91
29 86
52 94
71 85
11 90
5 43
37 63
11 42
87 88
66 79
94 97
33 44
34 69
33 71
58 81
27 88
34 64
31 82
9 70
13 14
70 75
4 26
9 85
56 59
25 56
2 22
48 51
26 47
4 82
30 55
10 79
4 25
19 96
30 77
63 82
19 61
83 91
40 83
48 64
12 91
7 49
5 95
45 70
20 66
41 89
12 41
6 38
8 39
24 80
66 86
17 27
10 13
29 64
64 67
52 72
33 77
15 74
60 80
85 95
69 82
52 92
29 60
38 88
14 18
9 47
38 42
20 82
11 95
17 85
11 69
55 75
60 94
73 96
15 35
57 92
67 76
33 58
27 80
26 49
53 58
5 16
45 52
56 79
42 76
29 41
2 78
40 64
2 86
48 69
67 94
37 54
77 96
14 88
43 62
10 56
63 81
74 75
67 87
16 82
7 61
39 64
57 96
11 16
23 83
34 54
39 75
14 53
41 86
19 50
5 75
26 38
49 63
54 66
16 37
20 81
25 82
3 46
5 41
34 42
31 63
43 44
31 45
45 85
22 85
24 60
61 78
15 80
32 87
64 73
12 80
91 94
3 27
27 87
26 80
55 78
25 66
18 61
20 95
10 83
22 40
10 39
21 39
4 39
15 19
3 75
41 54
35 53
32 48
51 76
3 8
6 64
27 36
33 51
9 65
36 91
85 87
19 54
9 91
35 81
95 96
64 79
4 67
9 44
39 48
70 81
54 68
44 66
26 28
33 91
34 52
70 71
77 87
28 68
4 77
38 72
36 83
68 97
6 55
62 78
28 65
30 61
8 37
75 91
1 56
45 73
49 53
50 53
19 97
27 90
29 76
56 78
45 60
51 53
75 89
18 52
1 47
23 67
1 79
17 50
23 94
6 96
16 28
76 93
27 44
55 87
7 47
68 72
36 47
22 25
52 63
7 79
39 93
42 71
61 72
55 72
27 94
5 53
31 67
84 93
56 63
15 21
64 66
1 41
12 65
8 40
18 56
8 88
66 96
4 31
65 81
18 19
57 64
63 92
79 95
70 76
44 72
17 74
20 92
25 76
45 54
33 78
13 49
6 32
32 60
20 25
88 96
10 80
81 83
2 7
40 81
67 92
54 89
48 91
16 26
27 54
28 31
23 95
41 42
15 57
25 75
18 83
6 82
54 65
78 90
51 58
22 93
49 68
14 21
50 73
35 55
16 94
9 46
11 71
13 92
21 49
22 32
15 33
12 62
63 68
57 76
85 96
46 70
33 56
2 82
62 74
13 91
1 40
76 97
32 95
32 75
18 94
8 85
66 77
50 62
38 93
11 81
38 51
5 32
51 75
6 44
89 97
43 70
14 36
27 50
22 58
63 71
18 67
21 59
62 84
70 78
69 81
11 68
34 81
75 82
32 76
43 88
23 68
87 95
4 96
11 29
10 34
75 96
30 39
77 91
9 73
9 90
53 79
43 80
7 39
11 40
63 86
28 38
17 64
82 91
50 84
94 96
7 44
74 81
73 95
5 81
70 87
33 42
3 82
38 83
32 51
16 19
26 92
15 66
62 97
72 83
46 74
25 65
82 92
64 91
47 69
59 77
85 93
13 33
4 40
1 18
16 22
9 29
20 88
17 38
20 52
62 64
26 46
36 88
36 63
9 64
59 79
29 40
32 37
38 63
22 43
25 46
34 86
20 60
1 33
27 62
32 59
8 63
16 76
8 75
7 25
18 82
5 25
1 4
25 28
40 91
14 41
29 70
37 71
10 36
73 86
47 54
43 87
27 78
72 91
20 97
22 77
29 30
25 92
12 31
21 87
16 33
72 92
58 61
54 63
32 54
6 88
2 5
7 82
71 81
39 90
89 91
43 82
10 69
34 58
15 29
18 28
76 92
6 22
32 57
7 32
4 60
2 88
69 88
33 92
14 95
2 34
62 67
15 22
21 45
28 92
7 18
72 90
36 70
6 95
56 84
52 89
16 87
16 84
59 89
19 39
7 97
76 86
62 94
71 82
10 55
9 71
61 64
4 87
36 61
13 25
67 74
25 27
42 77
25 39
4 45
36 41
71 92
18 46
36 49
48 93
38 79
10 41
47 64
13 19
19 22
37 84
96 97
14 85
44 50
35 94
21 60
22 64
9 28
39 45
45 79
61 71
36 65
22 28
66 78
45 69
74 90
35 83
21 78
59 82
15 65
18 20
21 89
23 91
14 33
20 22
18 96
51 54
61 76
19 57
90 95
25 49
1 12
27 63
25 74
60 74
11 28
57 82
74 95
52 54
9 76
32 35
2 36
1 48
65 70
42 64
24 78
10 57
22 81
17 73
27 45
36 87
16 42
38 44
77 92
3 55
42 53
9 79
56 71
46 83
18 74
26 93
25 37
71 86
3 30
62 89
62 79
8 23
68 92
21 28
6 28
25 43
45 81
10 23
13 51
32 66
19 55
20 75
70 88
62 68
63 80
16 75
7 37
34 83
11 65
65 91
36 90
81 93
3 92
61 84
37 66
47 79
36 45
45 51
43 49
38 94
22 60
9 31
67 90
18 37
26 81
34 51
24 73
5 77
43 50
32 43
31 60
40 65
24 59
11 35
1 63
57 63
26 40
33 43
20 78
15 96
50 92
1 29
35 61
7 9
68 91
74 85
51 67
58 91
39 67
43 57
64 89
9 45
37 89
36 74
68 85
32 71
40 46
24 89
11 45
19 36
54 59
15 43
67 77
57 80
78 89
4 70
63 95
53 84
42 83
31 34
34 57
50 72
26 94
78 87
43 93
30 87
35 87
5 69
25 35
4 50
45 92
5 35
21 57
32 44
71 76
6 11
13 87
33 69
47 63
13 84
49 78
29 90
25 71
54 95
9 39
11 83
5 54
19 84
17 28
37 87
20 69
25 89
24 41
30 64
80 87
37 45
24 87
36 38
6 83
13 37
1 91
44 47
28 45
28 61
34 55
29 43
15 90
1 44
58 60
10 87
61 93
38 75
6 29
4 76
57 77
47 53
26 83
68 70
29 81
3 74
9 38
43 54
36 96
21 36
34 77
37 95
30 75
19 29
40 73
2 58
70 96
44 65
48 73
67 88
58 87
3 76
42 54
2 96
1 61
21 68
76 81
63 67
56 69
14 87
17 96
48 88
16 34
66 91
38 87
1 20
1 31
5 14
44 58
60 73
38 39
54 57
8 13
27 34
53 67
15 55
25 96
42 47
11 59
14 91
44 96
72 85
26 53
34 38
11 50
82 88
55 83
47 78
2 18
39 49
15 49
61 75
21 52
8 76
38 68
7 8
67 78
38 67
58 63
33 55
81 92
36 44
37 59
63 93
1 72
28 77
10 94
51 79
19 25
15 28
27 38
26 65
42 80
11 27
39 74
50 74
6 79
55 80
4 49
11 64
9 69
13 40
85 89
16 31
7 12
24 69
29 51
25 70
75 85
9 74
5 68
28 41
61 77
57 81
4 63
5 59
28 75
5 38
11 53
23 44
77 86
5 17
45 68
65 67
11 46
35 56
46 96
22 88
9 56
4 54
60 81
3 34
65 79
30 81
6 14
27 92
22 78
19 83
41 63
65 87
52 97
55 63
24 66
62 90
15 58
4 73
16 90
5 39
8 91
24 46
57 84
56 77
9 23
8 48
43 51
14 46
51 69
41 95
38 81
16 73
32 69
8 30
22 80
3 88
16 57
33 93
44 89
46 85
16 69
66 75
29 88
63 89
2 59
25 59
38 64
7 28
8 79
40 78
72 95
20 38
19 71
48 72
32 36
30 56
54 64
28 91
11 77
18 88
35 58
38 69
31 56
36 72
57 88
6 50
29 63
12 37
61 90
4 90
33 82
39 41
31 92
66 72
20 23
17 19
5 44
41 79
9 55
50 59
31 96
39 95
16 54
40 92
39 42
23 75
58 86
48 71
9 15
39 44
41 43
66 94
64 88
45 56
77 83
15 83
33 62
1 59
87 94
19 58
9 36
26 68
42 96
88 91
14 78
11 17
71 74
30 47
46 60
7 94
74 77
57 65
25 87
14 29
75 83
51 91
13 39
56 86
81 84
2 55
72 96
44 85
52 57
61 87
69 95
58 88
60 93
5 73
43 75
51 94
79 93
2 57
8 89
37 65
17 83
40 43
57 97
35 92
84 88
21 69
9 11
8 90
31 41
7 22
7 67
21 77
49 97
32 94
54 60
2 24
53 86
40 85
28 83
30 91
17 87
26 51
1 62
52 68
28 54
28 51
7 24
47 65
55 93
35 62
48 59
53 73
32 88
41 75
18 62
10 47
35 77
8 22
27 86
46 71
12 47
8 44
14 38
16 18
17 24
57 79
35 72
67 89
27 85
35 95
15 82
20 35
45 83
54 70
29 47
8 97
17 54
87 91
18 86
67 73
6 60
12 13
26 91
19 46
73 76
31 84
54 55
3 50
59 95
89 92
2 76
10 16
15 23
30 79
85 86
22 51
14 62
33 95
58 69
52 83
52 90
64 75
2 60
14 24
37 40
25 26
25 50
71 87
37 49
94 95
8 11
61 70
2 64
51 82
79 83
22 55
22 49
21 37
2 23
10 43
42 61
31 43
63 64
19 67
3 81
64 80
17 90
63 97
56 97
10 20
37 82
27 76
4 47
38 65
16 81
70 82
44 86
8 49
2 48
49 84
17 93
2 65
15 85
28 35
90 97
16 51
19 68
84 95
17 72
1 42
71 83
31 39
40 57
29 75
28 49
12 50
5 31
26 29
22 37
50 94
44 94
16 92
4 94
3 73
4 83
70 92
18 70
18 73
52 93
21 42
13 27
6 46
64 94
11 85
47 86
47 71
3 21
65 93
45 74
30 46
38 45
31 44
6 53
53 77
16 77
40 71
41 77
17 89
39 92
12 97
2 70
44 79
15 20
23 28
26 90
16 29
8 45
29 55
64 65
68 74
24 84
7 68
29 78
63 78
84 96
29 84
23 53
18 66
3 6
35 97
9 13
40 53
48 57
7 95
44 95
29 42
72 82
39 86
83 84
21 88
6 7
20 55
5 28
65 92
64 78
17 33
45 59
61 79
7 84
7 72
6 10
24 39
74 80
13 88
36 57
51 96
13 24
8 94
22 61
28 80
19 52
43 73
33 59
35 75
34 97
2 4
26 85
16 43
47 85
25 84
40 63
2 12
23 45
18 90
45 93
64 81
84 86
37 53
1 45
24 55
64 83
40 66
8 73
70 93
43 95
20 42
69 84
49 66
4 75
6 24
13 89
10 38
28 95
21 48
62 95
92 96
36 46
51 52
18 42
34 41
17 86
22 57
32 96
70 83
22 65
14 83
41 73
15 62
59 97
29 48
10 19
83 94
52 82
23 39
9 83
11 70
4 95
40 93
22 94
3 61
12 26
20 39
2 94
35 80
22 47
4 62
77 88
80 83
11 96
63 88
79 87
64 68
49 95
47 92
47 75
27 41
24 97
6 41
16 89
7 90
33 75
47 58
33 38
21 31
1 26
2 52
35 76
39 81
42 46
3 68
20 89
40 56
31 47
16 27
46 73
17 88
69 78
13 53
21 29
35 37
37 57
58 67
14 72
55 67
15 76
3 47
66 92
16 64
58 83
53 92
42 78
50 96
62 80
26 42
38 46
58 92
20 28
54 90
9 93
47 97
20 85
4 28
33 64
55 82
79 96
23 54
32 70
38 84
33 87
40 90
55 59
57 69
3 10
55 61
9 82
12 21
4 91
46 95
14 35
57 70
28 48
4 46
13 15
35 57
81 82
12 42
69 87
7 92
22 45
56 57
39 47
86 94
41 45
64 96
40 76
30 78
3 83
58 64
46 50
29 39
69 74
1 38
30 42
37 81
19 74
13 58
46 84
2 63
37 76
34 79
58 89
95 97
10 64
18 59
5 92
11 56
45 97
27 79
2 30
25 83
5 57
2 49
2 91
22 41
85 94
14 73
18 92
29 73
6 49
41 44
67 84
37 96
29 44
10 90
45 47
24 50
89 90
33 40
36 95
6 43
35 45
32 92
44 73
27 77
26 73
71 97
15 18
37 94
8 43
1 14
14 61
13 23
74 94
26 71
32 83
49 51
3 72
66 73
31 94
2 19
67 82
14 40
25 31
35 49
36 76
66 80
7 71
19 78
48 54
7 53
14 51
54 85
65 86
65 72
74 89
53 82
12 22
34 45
80 94
12 54
25 54
81 89
23 34
9 48
7 89
26 57
12 29
4 27
36 50
11 63
19 38
4 37
28 58
43 97
3 20
83 92
41 65
16 17
64 97
7 87
46 47
57 67
6 8
47 59
12 94
13 94
4 78
14 44
1 66
36 58
58 59
34 84
35 46
23 77
81 87
51 90
19 91
31 51
27 49
68 88
66 68
12 55
22 67
66 90
10 49
4 92
36 79
28 62
68 75
41 88
91 93
33 84
20 37
7 52
6 58
27 52
36 86
11 13
7 64
56 93
17 23
23 82
10 63
32 85
56 95
8 31
25 48
33 73
77 93
10 33
78 96
15 71
39 66
38 89
43 48
18 76
91 95
34 74
22 27
54 86
17 62
26 43
48 82
44 69
6 56
56 92
22 46
58 93
3 37
6 67
41 76
48 84
31 36
63 77
1 3
19 90
11 25
15 93
44 75
24 95
4 86
12 53
71 84
66 74
2 27
51 68
61 95
21 27
32 34
41 57
16 72
9 52
23 70
47 95
78 95
42 79
41 84
16 39
2 79
2 92
7 20
20 46
17 80
56 58
72 88
83 95
73 97
58 65
59 64
52 58
27 47
7 55
22 79
54 93
45 94
1 60
28 34
20 74
23 74
6 33
73 93
4 29
33 66
7 34
4 74
67 79
69 72
66 82
30 51
47 90
2 39
90 92
26 77
30 69
4 88
72 94
6 13
10 53
10 61
68 95
57 61
74 86
10 73
2 51
29 77
37 86
3 91
71 88
29 35
7 19
60 67
59 63
66 67
11 67
12 17
17 30
7 62
13 28
8 38
61 83
13 81
15 50
47 67
49 62
1 22
15 94
83 87
48 81
21 63
57 75
48 67
1 97
89 94
12 76
78 86
15 79
10 86
2 74
18 85
20 31
9 60
22 56
31 70
42 50
31 68
9 20
2 80
18 87
35 69
10 58
48 89
76 88
20 48
19 27
68 81
5 94
82 97
16 71
36 75
17 69
22 89
13 32
42 72
52 53
33 81
13 21
42 66
33 37
23 81
1 35
73 82
8 65
4 19
17 66
50 52
20 73
2 8
46 75
64 70
21 40
25 45
49 91
22 90
31 77
52 74
24 38
10 17
8 28
67 69
9 63
14 81
78 93
76 79
21 97
14 45
26 95
12 18
63 90
23 36
31 62
4 42
34 50
68 89
12 46
6 17
22 31
33 83
11 37
15 81
85 97
37 85
5 21
58 96
82 93
40 74
27 60
46 68
28 43
50 66
7 33
46 59
51 87
51 93
7 69
13 97
15 17
18 31
5 85
20 36
65 85
61 62
29 54
30 97
71 78
59 94
5 58
44 91
12 49
64 71
42 52
66 70
17 49
12 39
14 75
7 74
35 50
80 85
32 45
56 60
14 50
14 37
40 79
15 30
9 17
67 93
13 34
53 60
10 35
23 87
24 54
25 30
3 93
7 88
5 30
29 97
59 83
18 24
20 54
30 40
22 62
17 31
1 94
23 78
62 96
56 73
12 79
32 64
19 75
63 75
40 96
1 53
58 72
11 80
23 97
8 87
54 62
23 27
46 62
1 17
44 97
51 85
41 58
10 50
33 79
53 87
56 80
14 86
42 48
8 64
33 85
3 95
31 93
55 85
49 90
21 44
17 67
32 58
3 32
45 55
20 62
42 84
37 77
11 86
47 57
16 36
53 65
48 62
32 77
3 94
76 96
31 95
49 69
56 65
31 54
32 97
35 73
15 78
3 51
11 32
5 29
10 96
11 54
23 46
3 42
11 88
30 67
16 30
51 78
11 30
10 82
16 20
65 83
34 68
37 51
54 56
80 88
51 63
24 51
72 78
61 74
41 67
1 71
58 74
47 77
7 73
57 74
61 96
2 68
10 18
8 70
22 76
21 84
40 44
45 64
29 68
54 72
2 33
15 48
22 83
44 70
39 84
60 66
34 39
17 18
35 88
3 84
41 64
45 58
83 85
36 68
10 54
20 56
43 84
26 70
20 51
12 92
13 52
63 70
46 49
38 41
44 59
2 54
19 66
21 75
17 26
41 81
17 20
8 26
26 52
24 52
8 46
43 63
36 64
2 29
57 95
21 62
5 89
40 54
59 92
10 44
12 75
28 47
46 51
9 58
46 87
15 73
58 85
10 76
9 87
12 63
10 77
54 58
14 27
5 36
14 84
5 84
8 36
48 78
60 65
58 90
32 61
49 70
81 96
12 93
9 21
21 33
54 92
38 52
9 24
41 82
17 52
14 17
9 42
59 73
37 83
64 69
69 77
39 56
7 48
3 7
14 20
48 94
49 67
4 22
15 75
3 52
10 15
9 68
50 76
71 90
4 55
7 15
52 86
9 43
8 20
37 72
33 74
51 80
25 29
20 68
4 89
52 80
80 92
58 79
8 66
5 82
35 60
26 63
42 59
2 46
42 60
4 20
54 87
47 74
67 85
13 38
79 81
49 92
8 95
32 41
5 97
23 43
29 52
25 67
85 90
30 59
53 81
65 77
4 9
70 85
59 81
5 96
49 54
77 90
1 85
60 64
57 58
19 76
81 85
44 77
8 71
45 90
10 12
13 83
21 73
87 92
14 63
33 45
4 23
65 69
7 21
72 89
42 74
78 84
32 82
25 58
56 70
19 72
32 42
49 65
54 73
18 34
48 96
32 33
8 10
60 90
18 36
46 54
36 51
1 15
31 81
42 44
9 75
42 43
9 72
13 20
36 81
2 81
82 87
51 72
13 73
38 49
10 65
83 93
39 78
1 23
18 25
3 16
79 94
48 87
10 67
75 90
30 70
60 61
7 85
6 93
56 82
75 76
24 27
31 76
21 66
9 16
55 96
46 52
3 62
3 40
21 25
5 9
45 50
8 62
65 75
40 94
2 20
54 82
21 34
20 96
53 78
51 88
7 57
42 68
75 92
59 85
27 83
10 84
17 59
43 55
27 33
59 71
24 67
26 62
64 87
56 76
4 72
30 57
21 32
4 65
12 33
19 20
6 51
29 71
6 19
43 81
3 96
44 64
49 80
6 26
68 84
32 84
34 65
28 53
37 90
70 97
68 93
46 92
1 46
24 37
1 58
20 26
62 83
7 23
5 7
72 75
27 55
69 94
22 50
13 66
17 75
15 89
3 29
9 54
34 61
2 69
14 34
50 69
79 91
21 47
72 79
9 26
45 72
3 38
26 35
28 33
12 14
86 93
12 73
16 96
44 87
34 75
67 72
41 59
11 82
15 31
61 63
30 58
32 50
28 42
38 56
58 75
65 90
2 35
13 41
2 61
18 22
41 91
26 61
78 83
13 85
42 95
32 39
64 74
17 81
17 57
2 97
72 77
7 91
63 72
30 71
6 90
37 43
4 11
12 83
71 93
79 84
3 97
60 85
14 49
50 57
69 83
33 94
25 62
61 73
9 84
70 74
13 64
30 32
2 67
25 52
61 65
10 30
56 83
10 68
55 57
29 85
2 66
44 71
20 80
48 83
21 91
21 74
52 81
15 92
66 93
17 91
10 42
76 82
11 79
16 97
25 51
59 87
39 40
5 67
60 75
74 82
60 92
73 94
3 86
64 84
20 45
37 55
44 80
56 64
10 11
24 96
3 23
48 75
52 91
11 51
88 93
32 49
50 68
6 73
41 80
29 83
37 60
13 82
1 88
34 70
27 58
19 26
10 46
23 66
10 88
86 87
9 12
28 67
8 80
56 96
11 24
53 62
8 59
79 92
45 63
26 50
3 26
16 79
2 10
39 46
45 57
23 63
1 96
31 80
21 67
27 71
23 58
40 69
39 88
41 94
28 39
92 97
31 83
40 50
37 56
14 77
3 85
63 87
8 42
34 48
3 28
84 92
57 78
17 58
37 78
25 94
35 68
79 97
82 95
9 62
34 90
19 23
26 74
5 24
16 66
8 16
12 16
14 16
5 87
86 95
40 47
17 79
38 96
23 57
19 69
2 84
59 80
39 65
43 58
22 75
74 79
5 48
76 95
9 22
26 64
18 51
19 77
8 15
18 63
38 50
37 93
13 30
24 57
40 42
83 90
17 48
44 60
11 36
40 82
46 97
55 56
48 49
21 22
17 97
46 57
25 63
14 48
4 35
33 36
1 65
29 74
58 78
75 94
61 82
9 95
43 74
14 19
19 45
18 58
26 37
12 61
13 60
44 82
53 54
24 28
15 37
27 70
22 35
21 85
21 95
55 97
21 50
20 84
20 91
70 89
16 67
70 79
43 83
13 61
50 90
59 78
25 72
48 76
77 81
25 90
28 29
68 78
42 70
48 79
5 62
2 72
51 62
5 71
25 93
13 16
6 18
6 47
45 80
47 94
76 78
41 53
22 26
9 94
55 94
8 19
18 77
40 88
18 50
64 95
67 68
32 72
4 18
50 85
29 94
54 84
19 81
7 42
29 58
44 49
3 58
68 96
73 74
74 93
27 95
29 91
76 87
80 81
34 93
49 85
8 93
61 81
10 22
49 60
18 79
62 75
46 76
20 64
66 69
24 49
6 66
4 12
34 46
52 88
15 60
69 91
86 90
31 61
30 68
2 89
4 97
35 54
38 76
6 75
31 66
20 70
1 77
9 59
41 83
28 76
72 86
73 88
10 27
12 19
2 38
30 49
51 73
16 63
12 44
17 78
22 97
15 63
34 73
33 76
75 77
30 52
45 48
25 33
52 60
32 52
16 62
17 40
48 80
33 65
32 63
35 63
19 24
69 80
29 66
90 94
35 84
87 97
66 89
50 54
47 73
11 20
84 94
11 89
35 79
28 72
14 32
1 82
50 63
43 53
38 61
37 52
83 86
5 79
32 86
3 71
31 57
30 83
3 31
23 71
47 51
48 77
16 86
31 97
63 83
15 26
16 95
18 55
7 41
40 60
84 97
30 73
31 73
21 55
44 74
17 77
42 94
68 90
60 91
37 50
53 88
28 59
7 60
8 60
80 93
85 88
36 94
5 19
25 97
29 56
5 51
14 76
30 76
27 64
5 80
59 75
12 90
10 24
2 32
25 42
46 79
24 88
58 94
9 53
37 69
29 36
18 71
51 83
15 47
49 52
81 90
56 88
9 51
13 76
62 91
37 92
54 79
39 57
48 97
35 42
50 64
13 59
11 58
27 91
88 97
9 61
30 48
49 79
66 88
47 93
31 58
52 85
38 86
18 41
32 46
15 70
4 10
53 76
4 59
47 88
23 92
53 93
43 66
8 50
80 82
61 94
3 9
3 89
60 78
40 67
86 96
47 76
72 80
38 70
1 16
13 56
31 53
8 68
41 74
50 60
39 85
17 65
61 85
30 45
71 79
2 77
80 89
17 95
41 72
38 95
56 87
29 32
2 17
36 42
23 80
17 68
42 97
23 40
70 84
42 62
28 66
8 86
9 66
4 68
68 94
52 76
13 26
35 70
20 72
65 73
76 91
50 95
44 67
52 56
34 89
18 43
80 86
2 75
42 92
51 81
5 83
69 79
51 71
24 83
38 47
18 91
7 11
5 23
30 63
26 84
4 34
19 86
59 61
44 93
6 40
2 26
34 43
14 92
40 70
61 97
39 79
18 97
59 76
37 88
78 94
34 49
56 62
40 95
24 91
22 33
52 61
22 24
52 84
62 82
15 95
50 78
47 68
27 56
1 8
73 78
71 91
73 84
24 42
2 3
23 25
90 93
42 91
1 25
31 75
7 56
63 76
28 71
1 54
59 66
66 95
47 72
67 95
73 90
21 58
30 72
49 93
55 79
80 96
26 39
46 67
77 80
12 52
37 47
22 42
58 68
27 31
69 96
6 36
55 92
78 80
51 55
34 36
55 74
39 60
44 56
74 96
30 89
17 45
1 93
11 84
20 41
15 53
46 64
24 53
48 63
19 85
84 90
29 59
38 60
28 36
4 57
30 82
24 48
56 85
54 81
44 61
5 64
33 86
24 94
3 57
15 42
74 88
78 88
9 37
4 14
41 61
11 94
56 61
23 89
19 37
10 52
13 68
73 79
58 82
8 69
23 38
21 56
22 73
38 55
31 42
32 55
65 82
50 71
5 40
51 60
11 34
9 41
31 46
57 94
28 64
26 75
67 81
26 54
56 67
16 46
51 65
22 82
76 94
9 92
17 39
35 85
28 88
53 75
22 52
63 79
37 61
38 91
19 43
12 96
16 74
87 93
12 68
38 40
11 31
6 9
39 59
4 58
30 50
5 18
77 82
9 35
3 70
18 84
24 63
3 33
2 14
2 28
19 80
16 50
3 14
25 53
28 86
2 45
12 59
37 97
6 34
47 60
63 69
50 83
36 48
80 91
31 40
70 72
2 47
3 77
61 86
69 71
42 63
37 58
11 33
30 74
23 30
29 72
33 72
61 67
26 45
69 90
15 87
49 75
78 81
11 87
18 32
6 45
9 67
26 97
51 57
11 49
52 55
2 50
32 74
6 76
26 69
55 86
45 84
13 54
20 29
54 96
72 84
49 71
18 26
10 89
44 46
93 96
46 80
66 81
49 72
35 43
34 91
75 84
24 90
33 54
59 68
64 86
10 28
59 67
11 18
11 57
12 86
15 69
11 93
15 67
4 51
28 81
24 92
12 88
24 93
60 71
28 93
11 78
34 62
22 38
57 59
17 36
32 91
62 86
22 69
53 95
6 94
67 80
9 14
75 86
77 79
60 97
63 65
11 60
9 89
17 84
30 85
39 83
33 89
1 78
65 97
2 71
1 75
54 77
41 55
61 66
73 81
4 84
20 53
31 85
2 44
17 29
90 91
64 90
57 60
58 70
76 84
46 55
57 62
8 55
28 60
46 77
41 50
30 90
8 77
34 35
54 88
19 64
1 92
7 30
20 47
60 68
30 92
44 52
23 26
33 47
16 80
77 94
59 69
35 67
14 82
25 44
9 88
13 46
22 66
43 89
19 30
50 89
36 66
13 44
52 65
3 24
68 79
74 92
34 87
34 88
52 75
7 45
20 58
5 61
45 77
8 72
33 80
38 82
51 84
26 48
5 63
13 70
15 46
57 93
31 86
27 89
11 66
28 84
24 33
5 50
33 60
21 30
30 44
39 87
13 22
30 37
32 78
32 67
23 33
18 69
30 80
18 72
5 78
46 61
56 68
12 43
5 47
62 65
25 61
9 80
17 92
10 70
15 16
27 61
23 51
44 83
3 87
47 81
44 88
21 51
17 71
33 61
28 79
19 94
47 70
19 51
14 42
71 77
34 80
33 63
1 43
61 68
46 93
14 67
3 80
11 21
60 62
25 55
22 34
19 40
40 41
18 57
55 95
6 37
61 92
4 33
65 68
48 55
60 87
14 56
53 96
21 94
36 97
39 73
24 44
23 61
42 45
14 89
22 71
20 86
6 61
18 80
14 90
12 64
13 17
39 61
28 97
20 76
46 94
28 90
67 91
42 89
37 79
48 66
9 33
55 71
25 60
29 46
27 46
24 74
25 32
17 76
45 95
5 52
10 31
16 70
31 37
59 90
25 81
45 87
68 82
55 84
49 59
19 82
5 45
42 90
93 97
55 73
11 52
15 32
7 58
57 87
62 63
43 94
49 61
35 65
19 41
7 29
62 81
18 49
66 85
25 80
62 71
51 92
1 36
43 77
74 84
25 40
9 78
31 55
20 24
27 84
50 55
16 61
27 53
40 77
8 96
62 70
31 49
68 77
12 20
63 85
23 50
65 94
1 49
3 35
19 32
6 85
3 11
48 68
67 97
41 68
71 72
39 72
16 55
41 48
47 48
27 42
4 38
19 34
16 38
66 84
7 14
68 87
34 66
5 70
25 47
3 69
76 83
16 45
11 73
16 91
6 21
34 92
21 43
44 84
33 50
11 22
25 64
42 51
39 80
45 96
39 77
62 88
36 77
33 97
1 84
24 56
19 59
14 96
4 93
6 57
15 40
8 83
5 66
73 85
39 91
92 94
47 84
8 47
43 52
26 36
16 35
34 96
43 47
77 95
39 63
5 8
14 58
3 49
26 82
74 78
44 57
36 80
71 96
20 43
42 58
16 52
7 93
36 67
43 56
4 61
15 45
57 90
57 66
50 70
14 25
44 54
8 17
75 80
23 96
40 55
20 33
7 70
33 90
6 30
15 44
13 63
53 68
17 41
90 96
76 85
75 81
17 46
44 62
30 53
29 95
39 94
53 69
4 7
3 64
21 81
12 60
7 13
61 69
57 72
42 85
36 78
80 90
11 43
37 62
14 57
38 57
27 57
62 93
30 34
3 65
34 71
75 88
39 82
5 15
33 53
6 77
55 76
31 64
66 76
31 88
5 72
10 14
50 61
36 54
13 42
69 93
45 62
88 92
20 63
15 59
47 83
25 91
63 94
65 84
39 97
26 56
50 58
89 95
53 66
3 17
29 49
72 87
24 31
23 79
29 45
46 65
11 19
34 82
14 55
11 48
12 30
8 32
24 29
61 88
81 95
12 69
33 70
32 62
15 24
36 56
83 96
44 76
4 17
15 88
22 54
23 85
9 50
2 87
24 75
13 43
9 32
37 75
19 65
43 85
8 92
42 88
30 96
3 53
17 61
19 49
34 60
44 51
18 35
36 60
35 59
54 75
24 65
74 83
7 35
15 34
78 91
10 40
5 56
88 89
13 18
3 44
12 77
16 56
18 33
40 59
4 32
87 96
72 76
10 81
14 79
12 25
13 29
47 91
13 69
82 90
19 89
79 80
42 86
37 38
49 55
53 70
25 73
48 56
25 57
9 27
31 74
7 78
13 71
60 82
12 23
49 96
33 48
31 33
16 47
19 93
12 87
78 85
82 86
73 83
55 91
74 91
6 70
62 87
6 52
23 42
34 78
21 71
4 43
53 89
81 91
12 81
30 41
37 73
53 56
36 52
8 27
8 57
81 94
43 67
18 65
2 11
1 2
38 58
20 27
26 78
30 88
19 44
35 48
14 30
2 6
44 55
82 94
18 38
27 32
43 86
1 9
54 97
16 53
14 69
37 48
23 93
92 93
19 56
69 85
7 50
59 70
35 52
23 76
8 82
27 30
12 84
26 59
82 83
75 95
6 78
33 57
6 91
29 79
19 73
23 48
29 93
62 72
26 32
30 93
6 16
45 88
23 47
10 95
77 84
31 90
10 74
38 80
59 72
29 53
47 96
27 93
12 35
64 82
47 61
7 26
17 22
62 69
1 52
5 33
27 35
1 74
25 69
62 92
79 85
10 60
19 42
41 96
53 57
3 45
17 70
47 49
21 70
22 68
91 97
43 46
52 62
12 78
22 23
31 35
75 93
16 78
40 51
5 11
17 44
34 44
51 70
8 18
50 75
4 8
4 69
77 89
49 77
43 64
34 40
43 79
11 38
36 53
80 84
11 39
31 78
29 61
63 91
70 77
46 69
20 67
27 40
43 59
16 88
29 37
43 68
10 78
21 24
16 83
14 60
30 94
9 49
35 93
46 72
68 73
72 93
72 73
23 56
27 82
57 89
60 77
84 89
