93 243
81 86
49 71
71 75
56 89
30 80
42 75
18 78
46 65
41 88
54 63
31 47
49 90
75 92
39 41
75 77
1 75
50 76
5 52
15 52
1 30
70 80
71 92
6 55
70 71
19 50
18 32
77 84
46 81
39 79
45 61
1 49
15 81
35 77
4 6
14 50
29 54
1 42
30 70
3 37
10 44
63 88
42 84
80 84
1 71
12 47
30 49
51 77
77 80
70 92
5 18
29 41
53 63
26 50
46 56
28 54
24 37
29 55
6 39
71 90
42 49
28 41
65 89
78 89
24 31
25 33
46 82
26 76
36 55
2 14
7 76
49 92
30 77
10 43
70 84
15 93
36 79
56 57
52 74
46 86
28 88
77 90
60 86
30 83
16 40
7 50
14 91
14 26
9 13
70 75
2 91
71 80
77 92
55 63
60 73
81 89
14 76
70 77
27 53
35 80
84 92
58 74
6 41
80 90
5 60
4 79
30 84
52 93
65 86
70 83
39 53
1 77
1 80
58 81
15 18
50 91
19 91
3 31
18 86
9 12
36 39
64 85
67 72
27 79
34 67
28 53
71 83
51 70
30 42
66 67
70 90
15 58
42 92
83 92
18 58
12 24
5 74
3 47
52 57
46 57
73 78
51 84
7 19
39 54
49 80
55 88
29 63
1 35
42 51
28 55
51 83
4 28
8 48
30 35
84 90
3 9
42 70
37 47
41 53
51 75
1 83
35 75
49 70
32 93
30 71
35 90
54 79
74 89
32 65
65 73
49 83
49 75
83 90
18 74
6 88
60 82
26 91
27 39
28 29
5 81
1 90
28 39
60 74
2 7
51 71
53 55
74 78
83 84
35 84
80 83
15 56
5 65
42 77
5 57
55 79
27 54
57 81
4 27
15 73
65 78
77 83
2 19
51 92
9 31
36 88
2 76
35 92
57 78
13 31
75 83
5 86
35 71
3 12
20 38
60 65
24 47
51 90
29 53
49 77
23 25
9 24
45 62
12 13
42 71
6 29
41 63
13 24
18 56
4 54
51 80
80 92
6 79
9 47
58 89
53 88
59 66
41 79
65 82
23 33
6 53
75 84
86 93
6 28
73 82
