254 10738
20 200
201 223
88 141
104 230
115 122
22 198
63 150
8 104
20 140
43 127
44 98
35 254
109 144
41 175
65 143
173 239
5 234
108 196
193 236
98 185
237 245
206 249
5 59
22 186
119 147
105 221
99 121
38 127
115 219
108 155
87 219
58 150
85 165
193 206
48 77
99 194
10 188
46 110
147 233
124 160
104 106
51 129
11 159
105 145
20 131
11 125
95 134
13 158
37 118
11 240
57 211
25 154
81 122
130 234
40 254
84 180
149 199
156 252
118 163
124 150
146 191
66 158
91 210
1 186
70 149
68 187
3 38
18 192
131 177
31 247
31 232
119 181
184 235
161 214
90 157
85 201
79 215
90 137
70 240
20 246
35 198
34 203
41 146
4 81
231 239
205 252
18 230
182 198
92 94
93 221
72 111
101 102
14 88
248 254
59 118
57 223
62 193
43 199
19 55
62 115
161 168
46 170
109 115
28 188
155 207
56 172
58 104
49 53
87 233
25 156
12 244
2 84
89 136
32 100
188 221
111 223
73 245
119 127
22 82
25 150
105 243
194 247
45 59
13 131
85 210
1 206
227 254
141 239
34 186
146 239
66 207
102 136
73 132
77 135
59 146
13 94
141 250
11 85
22 192
221 236
69 112
169 216
45 238
17 235
82 90
117 198
56 243
10 68
5 210
51 68
77 120
123 240
49 92
3 168
60 224
61 93
6 246
48 215
59 127
64 94
125 141
8 137
16 85
76 80
11 142
208 254
21 96
32 114
83 97
3 70
23 139
71 229
93 155
112 198
133 253
35 86
65 99
138 248
218 250
47 123
15 112
158 243
20 68
22 45
169 225
229 249
32 241
150 219
23 84
108 211
5 111
54 135
82 142
32 51
124 184
89 184
9 119
6 156
9 144
105 110
36 241
169 215
49 73
84 145
70 237
164 179
104 137
7 243
57 107
17 239
108 180
14 215
23 130
146 161
40 218
5 33
158 183
49 101
9 186
37 119
146 238
118 156
49 251
30 176
155 166
88 147
81 168
186 246
184 251
177 217
67 212
8 78
50 244
139 244
168 215
42 161
6 91
27 53
177 193
179 200
115 129
43 154
57 172
22 124
87 164
40 100
40 177
112 232
46 139
217 249
47 110
7 137
8 114
42 225
176 250
201 252
172 199
13 25
41 109
39 140
121 150
18 205
187 211
129 177
62 228
88 152
171 181
99 189
23 233
16 212
154 191
42 112
228 243
130 138
109 211
213 226
19 81
89 212
78 173
231 252
14 125
71 159
53 110
63 124
79 85
83 127
17 192
15 203
102 236
43 149
26 46
136 245
15 39
25 95
214 249
68 195
2 82
60 110
4 172
105 172
133 220
62 141
4 187
88 96
56 218
5 34
17 212
26 221
166 193
54 173
96 214
59 249
90 196
153 165
42 194
61 131
139 249
213 230
35 166
46 240
223 230
111 241
38 134
112 130
52 158
85 116
53 235
13 240
154 172
59 92
57 143
214 243
38 234
135 147
26 227
85 143
18 254
172 188
138 223
202 215
63 155
55 249
129 227
20 176
203 224
10 234
99 142
35 124
90 149
226 244
46 106
29 107
97 185
93 94
138 200
91 248
84 99
67 187
236 244
15 239
41 118
186 220
42 134
89 197
25 209
113 210
98 182
8 129
47 172
215 234
13 28
82 231
15 73
3 254
247 253
113 157
12 69
5 38
36 37
92 203
115 127
17 62
70 194
46 181
122 212
109 175
209 238
157 163
40 168
121 227
124 227
157 213
6 47
116 150
97 234
173 242
12 70
89 165
68 204
43 157
96 159
86 141
34 56
31 227
56 74
32 189
210 219
27 121
77 97
142 191
162 175
33 140
37 210
100 137
36 52
156 196
117 200
193 218
81 179
124 241
128 238
55 123
167 187
12 251
1 150
44 232
22 172
14 59
22 227
23 248
18 225
1 153
44 71
77 128
64 222
32 232
56 214
43 230
213 247
109 252
66 233
145 146
62 152
210 246
140 214
58 72
19 234
21 200
62 153
181 228
66 140
42 64
144 171
97 111
37 127
52 238
141 154
1 148
202 208
73 175
11 132
1 77
120 173
74 193
73 193
195 221
78 120
14 127
72 145
13 214
52 123
70 85
162 212
141 186
18 234
29 169
125 217
210 248
205 247
46 84
116 235
217 223
123 251
117 211
24 172
17 164
88 244
110 124
66 69
177 251
140 170
38 55
58 197
12 46
100 237
66 222
28 35
46 143
54 134
47 181
102 129
108 187
77 171
111 189
125 139
138 217
170 219
34 95
149 201
80 153
54 89
70 172
149 229
72 237
43 250
112 156
39 159
84 186
18 28
114 176
72 218
34 133
135 155
22 37
34 172
11 87
83 223
79 119
15 136
167 189
244 251
24 233
14 209
167 207
19 22
42 137
230 235
98 216
12 236
46 83
163 211
31 143
76 253
147 236
46 68
163 184
61 105
172 213
99 219
18 160
46 237
117 212
187 199
162 173
132 222
13 241
12 201
168 244
13 216
49 241
132 157
109 253
4 231
17 133
9 103
81 251
68 232
107 119
9 12
41 89
97 238
72 223
42 213
51 98
138 225
109 172
80 251
76 189
88 248
6 218
138 150
91 168
38 49
5 125
45 126
58 69
70 183
26 172
10 254
141 212
30 247
127 147
193 197
47 94
102 159
99 207
48 58
215 231
155 227
19 50
189 227
37 113
85 101
28 189
3 65
224 234
81 229
144 242
192 223
126 230
124 204
15 175
209 232
63 99
2 11
39 193
23 106
25 57
61 107
137 175
210 245
175 216
58 153
151 201
49 174
65 206
161 171
34 143
146 159
149 211
8 154
192 201
32 105
90 225
207 227
177 214
19 146
58 90
117 245
53 150
73 234
111 204
21 151
49 109
32 115
56 174
227 249
72 251
167 205
178 214
95 170
134 141
98 108
171 244
177 201
45 219
14 224
29 134
109 239
60 144
107 217
59 63
202 246
168 181
14 99
59 90
124 203
110 177
117 241
74 176
9 111
54 85
14 163
10 28
188 244
11 208
52 140
41 233
69 107
80 110
28 251
8 50
116 253
163 210
2 136
183 230
192 208
94 199
30 223
16 36
2 169
15 80
140 197
57 110
133 180
7 201
88 178
120 127
142 188
98 160
79 152
189 231
18 119
21 202
107 148
45 173
134 202
136 196
166 244
37 121
92 192
42 131
61 96
109 114
11 114
66 101
38 199
7 186
132 191
5 60
71 84
155 169
150 160
34 177
40 78
225 252
6 50
91 205
53 171
161 194
2 106
61 78
18 241
16 214
217 230
22 143
25 67
139 197
72 81
103 246
81 238
53 162
3 103
14 79
97 131
13 181
51 139
40 153
6 221
12 19
189 195
25 178
74 239
135 218
92 165
5 98
20 222
83 224
23 85
242 245
10 194
196 218
182 236
80 196
37 108
120 125
29 40
83 250
195 236
14 205
109 214
38 91
30 187
30 155
36 181
172 178
237 253
76 212
7 32
71 158
42 217
97 222
22 49
172 216
56 66
116 160
121 137
42 170
125 222
34 163
10 83
144 147
158 210
32 128
119 121
9 65
81 162
16 138
164 202
40 90
194 217
176 186
156 242
63 80
34 72
63 67
75 251
57 242
20 38
31 111
34 64
121 244
42 76
156 182
22 252
15 174
51 247
141 175
132 178
186 189
103 197
209 229
51 241
86 218
44 73
150 223
100 196
10 205
140 243
71 199
90 233
50 125
112 167
55 130
57 182
196 215
46 101
153 236
193 246
17 198
144 161
23 95
105 203
36 223
82 95
2 60
84 132
157 167
219 249
17 193
6 214
114 202
22 74
7 152
74 149
70 99
185 222
66 98
82 146
115 194
134 250
65 230
42 253
72 121
77 168
4 107
49 216
105 108
46 227
14 178
79 151
53 149
41 198
44 138
29 66
104 171
101 249
29 205
48 169
45 221
79 147
57 111
26 108
207 210
165 193
77 155
88 251
29 124
82 219
19 232
65 190
56 152
4 83
136 170
155 245
72 192
46 183
99 122
154 200
17 83
72 168
16 228
20 213
7 90
93 232
58 240
129 254
9 44
73 216
125 196
83 205
2 52
136 194
83 92
39 96
124 140
201 207
84 117
3 14
147 176
136 251
41 211
38 82
103 210
65 70
83 169
73 86
5 157
136 181
135 185
136 146
113 190
126 157
132 180
227 244
134 167
24 103
75 94
80 241
69 187
55 87
60 98
79 156
27 54
131 239
153 231
81 231
27 127
27 115
49 144
6 113
63 224
47 239
55 132
60 235
132 163
114 168
87 239
62 157
57 146
102 185
36 166
34 85
115 178
33 218
232 252
63 220
159 233
221 235
188 209
6 169
207 232
52 197
37 117
19 135
44 144
19 199
67 96
162 179
192 206
103 129
64 252
25 88
41 147
135 252
104 124
34 135
39 188
75 217
20 55
172 205
68 250
59 104
78 172
41 58
150 217
16 224
43 229
121 246
200 203
25 118
38 103
163 221
182 202
13 98
110 186
77 178
86 169
19 142
127 160
59 126
5 196
98 147
132 195
213 239
56 103
87 167
41 129
29 82
54 126
120 241
106 164
58 214
46 76
112 154
39 157
80 243
37 60
51 237
31 171
59 145
15 70
57 178
17 210
51 250
5 100
10 235
84 85
147 246
183 252
151 182
94 158
80 125
60 145
10 236
50 181
15 126
26 237
42 177
120 145
115 207
90 176
59 203
80 175
85 161
69 195
15 24
35 55
64 85
7 68
79 228
128 189
30 189
56 58
28 170
228 231
78 227
100 221
157 180
78 188
100 240
218 245
216 254
30 103
12 28
107 199
127 217
2 15
4 42
125 172
136 168
15 222
173 197
30 199
68 227
79 157
137 180
24 118
163 231
94 185
171 239
140 152
1 27
80 87
46 73
216 219
166 192
36 71
37 250
189 209
146 215
168 187
119 155
60 123
55 103
75 172
27 242
6 238
22 162
41 136
46 157
125 194
70 163
175 224
66 139
83 93
104 108
106 150
123 253
81 200
113 126
144 211
15 147
122 124
156 197
6 200
34 235
3 78
208 244
182 208
52 87
183 228
109 173
24 214
147 169
144 201
105 159
64 151
66 144
93 158
35 223
125 188
15 118
70 209
81 105
97 171
5 120
75 247
77 210
38 212
185 225
6 216
67 174
78 225
85 195
168 202
114 199
130 183
149 197
28 242
68 131
125 210
182 210
33 88
23 125
28 69
5 95
14 62
140 189
31 53
2 168
111 179
111 184
157 178
152 222
79 102
6 183
83 203
60 89
82 98
12 134
143 155
71 207
21 43
47 246
20 72
24 109
44 167
105 109
21 209
149 242
48 221
94 250
32 84
7 225
193 235
30 125
38 182
58 152
174 190
158 193
110 243
220 230
8 59
99 105
9 23
16 89
19 58
7 117
99 199
36 242
181 195
36 138
175 217
144 204
65 184
141 245
38 44
101 197
10 228
47 142
44 63
102 174
147 177
99 247
22 29
30 71
6 147
4 88
126 159
6 35
36 248
165 223
80 244
137 249
180 242
203 238
139 190
47 203
127 133
102 163
33 240
162 249
72 219
183 250
92 115
206 233
69 238
71 213
36 128
103 147
133 182
19 117
4 93
112 173
138 139
145 154
168 214
126 238
56 184
165 248
22 42
224 249
44 91
120 202
14 107
141 160
52 240
107 149
220 221
21 185
115 239
17 206
101 189
37 235
52 168
2 150
154 222
93 250
26 33
100 174
123 233
17 160
107 188
40 159
113 144
241 248
116 136
101 141
51 96
177 207
46 194
94 190
176 239
158 214
94 149
128 196
224 240
46 232
113 238
150 221
133 254
118 179
145 229
27 114
106 254
62 95
68 254
75 130
147 162
9 35
4 24
168 239
120 209
59 76
47 67
175 206
75 222
56 252
211 227
142 222
164 249
125 174
11 186
1 188
115 124
57 236
99 223
119 167
89 182
64 114
131 216
65 83
151 216
210 216
172 229
85 86
106 227
21 179
65 225
1 108
130 203
56 69
60 86
108 213
23 236
12 128
39 109
13 19
143 194
8 45
51 82
168 224
21 91
136 163
7 228
15 192
21 253
90 120
66 126
66 194
100 202
131 173
51 249
2 170
107 115
4 236
197 247
153 183
52 86
151 185
103 118
66 92
54 187
15 154
200 210
27 35
219 236
114 182
148 180
26 70
16 254
37 150
3 231
89 118
77 201
74 125
140 188
199 248
30 101
13 91
183 196
134 243
1 174
73 201
79 186
41 45
140 204
212 223
79 221
63 223
10 229
207 211
5 154
30 249
46 192
63 217
88 190
142 241
225 239
67 97
161 203
69 246
103 220
17 101
71 164
130 177
21 138
11 224
103 216
13 180
83 112
15 67
125 163
180 237
178 232
62 241
107 178
26 215
193 253
66 246
167 246
42 104
55 112
107 228
76 230
62 68
19 216
138 178
56 226
28 244
72 183
24 69
24 227
116 131
138 208
117 205
29 51
26 117
4 244
11 38
52 198
72 239
164 250
16 64
59 180
52 104
100 177
41 101
7 15
214 234
68 110
44 108
122 223
24 142
128 194
69 138
97 182
119 210
96 230
54 191
30 76
33 251
5 136
148 149
48 175
45 239
234 244
46 151
12 25
95 202
133 151
33 176
234 250
165 186
54 171
11 179
107 206
116 177
113 152
42 246
108 128
188 240
108 136
58 160
243 250
63 133
71 250
11 188
32 174
58 220
43 139
86 236
33 36
49 77
122 140
85 141
5 104
91 180
15 243
21 52
152 238
131 185
155 239
101 153
1 253
27 59
5 91
222 246
114 229
191 202
198 205
153 237
128 245
48 227
186 229
133 160
158 240
171 182
39 117
193 212
14 226
53 84
72 90
5 130
191 247
66 218
80 86
54 72
101 114
14 21
38 144
93 148
207 245
154 241
39 214
187 245
1 20
205 250
48 198
123 234
49 113
56 116
173 208
45 165
94 116
121 214
128 254
92 157
176 252
161 252
2 107
30 53
156 217
15 92
118 158
62 88
80 106
159 193
213 237
28 204
47 165
120 162
7 16
125 149
67 167
24 57
59 227
61 181
9 227
154 176
184 194
217 248
14 228
182 253
126 150
11 252
135 228
19 237
225 233
7 224
4 173
1 3
132 161
102 171
71 214
9 58
76 90
169 243
157 239
5 72
5 222
92 118
10 66
109 179
161 211
118 241
61 223
2 41
128 129
50 134
105 207
40 75
202 225
96 215
63 100
94 157
197 228
171 225
40 73
127 249
228 242
71 238
141 251
65 145
65 207
106 194
95 182
13 18
49 96
61 214
12 24
14 86
153 176
50 105
72 154
188 203
141 191
35 178
30 194
13 118
178 249
66 165
43 210
75 103
57 237
180 219
75 198
123 155
92 154
8 127
21 175
32 244
22 99
67 238
60 117
21 198
191 206
14 90
95 150
23 119
123 247
201 222
128 233
88 112
95 230
173 227
181 224
137 157
142 211
9 151
22 238
55 204
19 188
7 48
45 106
65 187
140 247
32 237
74 82
68 205
3 226
34 149
2 27
28 200
82 246
11 167
32 183
55 162
24 110
17 32
74 195
56 170
123 184
151 181
177 179
108 116
11 73
32 230
121 241
97 245
114 177
29 58
45 166
2 164
66 200
19 74
90 201
161 248
39 84
26 61
102 108
122 190
30 44
42 115
120 183
17 152
62 158
185 189
124 209
156 178
25 196
81 192
35 99
66 157
114 198
151 165
4 28
153 204
219 247
109 178
74 141
114 141
10 218
5 138
16 183
88 102
23 26
93 234
126 237
120 148
10 150
114 159
17 231
22 138
52 166
13 187
2 103
169 232
3 37
179 216
40 250
129 156
35 133
146 187
43 207
117 204
53 181
144 234
98 227
4 164
38 117
6 254
151 214
85 144
39 57
100 234
134 193
101 214
36 228
143 202
117 230
82 244
216 224
4 230
36 41
88 219
104 198
158 165
50 61
53 158
59 232
140 151
157 176
171 231
63 152
75 162
123 180
221 242
52 135
106 243
177 228
104 197
122 156
18 228
184 246
5 25
79 146
199 216
101 202
9 251
41 173
181 201
8 112
49 125
33 41
64 92
4 87
64 172
132 147
77 129
1 61
116 192
10 197
101 109
121 163
139 182
75 254
60 233
100 134
13 110
135 232
105 229
18 25
25 107
211 254
64 205
50 204
45 47
6 116
69 160
45 159
100 209
170 213
38 160
93 104
122 242
102 143
65 107
221 239
118 175
15 66
89 174
11 89
237 242
205 241
41 67
101 217
81 173
53 244
20 59
32 196
50 248
1 228
29 225
112 120
158 223
208 237
27 147
30 238
115 167
70 159
28 76
151 254
45 194
134 235
61 128
8 102
43 214
140 253
21 61
42 100
7 86
47 241
105 210
100 252
144 181
14 243
72 73
26 254
18 159
27 141
39 50
70 246
227 238
189 212
77 237
133 143
36 127
119 156
2 250
119 214
49 66
61 229
53 104
53 209
122 143
56 245
29 132
55 127
12 164
5 107
30 115
116 193
45 244
130 247
52 119
81 197
29 46
47 153
60 94
55 146
15 78
34 132
109 248
50 251
6 181
162 233
236 252
64 170
45 236
180 249
10 189
55 68
49 153
108 222
54 69
32 175
30 190
204 224
6 140
106 242
56 92
186 227
75 91
32 132
71 147
71 126
133 189
1 139
187 241
28 222
115 204
13 120
76 232
36 142
91 224
93 101
21 163
185 194
186 254
43 223
117 185
58 184
30 182
64 109
16 125
150 152
22 142
156 222
42 53
149 188
68 200
77 109
18 226
24 195
15 202
5 195
53 124
104 200
73 150
9 189
20 24
68 191
12 224
101 144
73 204
116 180
196 208
138 247
78 152
63 188
28 154
12 235
222 232
32 103
67 199
20 245
40 71
61 98
118 140
65 102
15 153
167 199
215 216
33 214
5 13
73 230
225 243
1 112
98 156
110 204
53 139
13 165
179 192
146 216
113 253
12 181
10 104
41 90
91 160
2 64
125 223
85 147
28 97
25 226
61 207
108 170
3 153
124 146
9 124
222 226
45 158
1 49
78 157
51 189
27 69
89 231
60 206
176 184
70 247
68 185
73 174
83 170
85 241
66 114
158 163
108 132
99 206
96 138
28 50
48 202
149 172
158 200
212 238
148 179
126 227
63 151
6 74
83 154
1 171
22 180
9 179
103 234
70 88
188 237
95 193
115 150
99 182
87 174
183 209
135 179
39 65
85 243
148 178
76 166
183 186
226 230
15 109
49 68
87 254
213 241
70 234
63 245
236 237
126 149
52 149
119 143
59 217
42 209
83 90
11 204
104 110
200 251
79 95
116 226
70 136
161 181
158 164
60 63
37 38
4 25
74 164
96 182
42 128
37 189
75 216
50 143
56 110
29 34
77 154
136 207
34 228
79 172
50 140
75 107
149 217
91 246
16 139
41 235
101 181
21 135
159 251
23 194
34 240
74 147
88 217
9 99
68 103
19 140
89 90
71 206
8 70
41 203
58 127
56 189
24 188
48 114
139 221
222 244
1 232
24 169
197 240
111 157
123 130
123 176
10 102
175 241
158 216
38 173
76 143
62 99
90 92
80 94
2 242
166 203
148 151
245 252
42 158
7 128
79 245
105 251
65 248
166 234
153 208
184 210
16 44
33 126
44 203
138 191
57 193
2 158
48 172
13 191
103 236
166 251
26 144
46 168
192 205
21 157
73 156
25 63
55 230
181 207
224 253
128 242
98 240
182 185
67 234
51 238
146 184
242 254
57 68
80 213
37 103
203 207
185 192
221 228
113 131
139 203
41 135
47 144
215 217
102 215
109 229
160 215
2 14
1 48
91 156
77 110
29 186
43 221
130 145
73 83
138 141
92 119
210 250
8 11
117 219
44 164
72 236
166 172
144 192
169 189
99 158
203 240
130 134
10 177
102 208
70 242
37 191
35 105
110 191
85 199
1 101
128 219
158 185
174 193
9 36
82 158
79 242
22 157
218 242
203 219
69 202
209 216
66 240
44 51
15 179
128 188
211 233
127 251
83 128
87 93
29 162
169 179
1 155
8 55
67 74
171 189
93 142
71 91
189 247
40 183
4 84
146 229
43 193
152 210
161 205
45 72
38 235
4 109
10 56
114 134
82 120
71 144
94 95
148 249
23 235
83 220
164 214
89 226
74 148
205 211
160 210
93 116
53 55
224 229
109 134
136 166
111 207
74 220
73 236
131 141
189 196
80 145
75 194
236 246
24 180
16 20
155 161
33 252
71 249
91 99
15 183
51 216
122 176
1 151
75 249
26 169
124 145
65 106
6 100
161 204
3 66
23 29
117 253
53 217
153 254
72 173
46 135
158 233
124 152
119 158
107 172
128 155
51 133
59 177
92 169
30 87
56 146
222 223
2 124
77 229
127 221
106 130
126 136
207 238
23 41
203 223
203 216
189 224
79 185
68 196
65 198
112 141
19 23
211 243
156 250
122 220
78 130
90 174
100 162
101 201
40 164
174 197
46 251
60 188
31 65
197 229
6 188
167 249
144 245
37 41
101 152
43 151
162 240
174 232
64 192
216 228
64 228
187 215
180 205
119 252
9 146
142 212
5 252
228 253
107 205
74 159
100 157
11 194
69 222
158 254
58 148
116 149
45 171
43 91
57 247
150 234
163 204
144 228
122 187
25 115
171 236
17 216
25 89
20 87
58 108
48 254
58 182
63 121
147 187
104 139
35 239
65 117
103 166
59 74
233 234
20 162
1 215
77 213
67 242
105 185
36 171
84 209
202 223
69 168
12 131
156 216
159 219
6 120
184 216
63 253
26 138
251 254
30 252
36 99
17 70
42 249
62 175
177 220
67 235
80 246
148 212
115 227
175 249
25 82
185 236
173 202
112 222
118 187
53 73
84 95
5 153
40 195
95 181
170 253
60 124
24 81
156 164
131 197
171 191
2 218
112 253
4 254
12 95
38 170
103 223
36 40
140 141
106 109
147 179
28 65
81 163
11 141
57 173
2 114
8 67
42 174
28 104
156 201
189 253
115 184
168 190
109 186
67 253
44 66
197 251
101 110
148 224
8 134
145 231
35 81
202 253
19 64
119 203
115 175
50 211
37 48
1 37
75 171
114 146
67 71
71 165
131 160
104 188
168 192
201 215
158 197
49 196
161 170
124 223
134 174
1 106
162 163
93 151
61 248
41 170
137 183
22 113
72 98
15 206
18 50
61 89
73 228
11 181
13 222
5 250
28 129
19 65
7 44
110 233
20 94
112 226
40 93
205 223
82 102
204 227
1 41
47 193
33 102
111 170
10 91
54 96
50 127
154 199
18 122
129 165
10 125
56 80
15 42
44 253
26 93
201 245
61 108
128 181
24 218
98 136
143 166
127 152
59 186
135 146
165 207
159 179
80 232
180 216
181 216
12 135
70 245
86 232
68 247
179 232
58 216
39 223
110 142
53 56
116 162
56 142
104 118
40 131
156 230
128 195
44 218
130 175
44 143
133 142
62 112
155 163
150 193
67 112
41 74
35 247
237 243
91 207
118 170
33 94
26 244
89 130
145 197
66 163
47 49
32 239
28 121
125 173
138 244
144 169
8 212
167 225
13 178
118 198
54 141
93 193
192 204
196 240
1 21
84 179
65 200
105 125
101 236
95 221
171 203
18 227
83 122
126 165
38 152
36 92
67 79
98 144
60 199
187 201
12 221
95 161
7 180
45 73
16 159
46 215
12 101
57 137
68 166
93 108
14 242
58 233
14 241
61 85
190 247
128 201
71 86
25 165
2 20
48 229
40 179
31 226
199 230
7 78
21 125
145 239
102 190
78 199
204 235
128 244
3 80
152 214
31 223
52 145
99 172
2 10
183 251
140 177
62 134
81 246
189 193
187 235
83 148
131 149
38 221
119 160
195 250
110 113
107 144
179 209
106 157
25 169
172 191
170 252
104 132
182 233
208 251
221 223
88 144
31 187
65 136
190 246
4 251
168 254
48 249
59 204
33 174
47 120
9 118
97 180
121 212
67 102
88 90
82 218
2 239
168 218
107 251
164 209
119 124
153 155
229 234
101 149
48 164
128 187
76 96
138 148
16 28
49 83
154 155
93 233
9 71
11 40
115 139
95 231
59 170
63 101
111 205
68 91
74 218
34 205
59 185
55 122
148 161
57 61
173 198
160 244
81 91
214 238
43 125
160 209
24 137
30 65
157 187
11 184
115 230
149 163
7 144
50 69
48 183
112 229
42 178
28 137
69 178
75 153
22 31
93 194
35 200
95 129
105 149
47 176
178 242
120 194
136 227
57 80
217 224
106 113
55 200
146 211
103 189
62 204
34 118
95 111
209 251
95 212
40 55
12 145
22 237
148 166
31 85
166 224
178 206
180 245
4 159
192 217
179 240
179 183
71 209
6 153
161 199
32 223
191 246
76 133
124 200
34 232
54 244
22 118
14 72
124 236
31 36
148 170
126 234
177 226
91 140
43 225
38 114
215 244
97 242
34 90
8 75
8 221
39 239
133 230
20 42
215 243
30 111
4 226
30 39
70 184
205 236
87 122
87 184
23 208
137 145
36 226
96 240
16 180
19 207
74 124
104 180
25 106
12 61
75 115
120 245
37 63
119 142
42 87
2 176
80 198
19 125
174 235
85 96
71 138
56 124
31 228
135 140
163 234
97 102
215 248
133 147
173 243
44 179
215 252
150 161
119 146
70 80
42 48
73 189
103 168
160 201
110 189
78 80
111 143
214 221
84 227
25 193
133 209
8 248
162 213
15 157
164 199
115 196
150 206
135 214
65 233
191 216
67 69
65 148
21 164
17 166
94 211
117 220
39 128
158 160
112 138
104 175
168 210
62 140
145 173
68 102
31 117
70 127
151 221
147 190
148 192
3 165
13 238
136 231
68 165
218 253
9 210
2 213
116 230
157 168
27 139
79 132
63 169
6 151
32 101
29 179
123 185
123 172
18 48
96 180
126 135
16 52
87 88
25 33
221 224
27 97
147 198
105 215
158 159
45 247
64 139
129 141
16 53
77 143
122 226
14 165
143 243
107 125
86 157
126 203
227 228
232 241
83 252
60 121
26 56
91 202
160 252
125 144
157 247
42 184
46 108
50 183
75 237
51 160
194 242
37 50
80 203
22 253
58 250
7 55
128 224
8 57
93 219
208 209
226 249
41 185
11 50
72 225
98 239
49 146
228 240
23 161
18 153
120 123
7 69
62 130
208 224
45 181
188 248
116 159
20 83
1 248
49 205
15 213
125 127
45 254
117 137
144 226
73 220
201 214
152 208
207 246
66 168
95 119
15 134
45 169
29 157
105 205
37 51
193 242
69 162
96 146
203 231
134 147
110 170
32 41
63 240
44 114
198 222
27 247
67 109
69 172
29 119
15 17
76 89
40 118
126 174
25 252
46 186
77 194
174 253
129 168
152 231
48 125
54 142
19 180
136 233
208 250
97 229
61 113
5 203
26 105
134 233
192 224
30 96
18 212
54 138
77 114
5 19
115 228
122 157
7 223
82 214
106 248
65 146
114 126
150 232
36 253
39 168
32 157
166 238
27 143
114 161
168 208
11 163
131 251
37 138
32 202
115 158
191 200
184 191
187 189
34 116
82 108
104 219
158 234
136 154
18 134
44 103
83 163
93 214
81 253
24 184
9 199
236 241
67 94
56 178
94 114
57 239
2 97
91 179
104 186
106 153
32 188
25 246
102 111
14 93
197 246
72 120
189 206
42 67
47 72
121 245
146 181
18 109
133 198
130 250
55 60
203 214
120 214
132 175
38 92
138 167
138 151
78 237
76 206
61 99
225 251
88 198
137 167
13 190
62 239
194 219
150 247
7 91
24 108
21 196
105 177
78 94
107 245
80 189
179 226
60 203
54 217
41 116
6 108
145 246
85 254
110 219
157 243
220 235
38 249
138 192
188 213
17 74
8 206
152 235
39 243
87 165
137 230
61 158
103 142
163 199
187 234
94 252
27 181
214 239
77 179
40 192
44 214
121 232
16 137
121 213
49 112
16 142
138 185
47 252
99 174
71 226
48 201
93 162
32 79
93 238
143 245
43 164
82 182
99 114
122 188
75 246
90 211
4 73
206 240
42 66
27 200
75 213
95 175
192 252
155 195
70 106
38 105
79 236
102 135
198 199
39 70
1 13
11 109
52 250
13 197
179 230
83 160
57 147
18 169
126 231
53 140
124 238
108 133
156 188
23 30
44 56
23 82
84 106
24 54
79 239
147 211
106 198
152 156
117 235
39 93
145 241
52 64
41 236
109 155
11 226
3 52
125 233
221 222
136 226
167 208
128 232
162 200
153 175
58 111
24 165
90 231
200 234
226 242
63 134
11 243
89 199
29 241
50 176
36 77
71 90
18 139
173 223
225 244
193 200
48 196
96 220
30 229
138 186
153 188
46 167
99 225
90 206
69 242
54 248
201 210
164 246
152 229
162 239
43 175
140 193
8 207
84 109
39 172
92 190
34 214
30 143
23 55
82 248
9 51
104 142
24 162
46 100
41 115
122 252
141 244
127 238
82 106
54 213
84 110
142 231
57 148
136 232
36 129
11 152
3 126
86 91
26 30
229 239
7 110
35 159
25 248
186 191
80 138
204 240
47 195
170 186
82 242
24 213
124 210
35 136
95 242
218 219
200 232
48 49
95 225
73 209
45 112
196 222
113 201
12 82
58 98
98 198
75 220
129 244
77 142
33 192
17 88
63 198
252 253
118 152
94 239
31 107
201 250
181 232
96 106
14 70
94 126
38 41
178 185
46 50
124 147
29 127
61 176
55 181
33 129
82 163
178 246
151 163
2 23
84 103
56 187
124 208
118 162
55 168
108 156
43 158
73 151
173 185
27 227
123 136
84 195
61 160
113 145
49 236
176 248
125 180
8 58
173 232
28 91
21 235
3 33
49 175
3 239
36 141
82 253
2 148
219 238
3 53
149 186
47 166
100 164
19 162
38 196
35 227
38 52
93 149
4 237
134 149
25 161
72 105
132 200
99 217
121 166
16 104
71 76
96 126
115 155
69 91
18 44
67 142
3 146
109 128
14 250
94 243
26 143
165 171
95 126
116 222
48 139
25 31
23 112
16 148
177 184
119 137
110 234
59 116
228 251
232 239
14 244
38 162
9 49
136 224
45 235
161 179
11 20
91 119
59 119
49 128
74 150
149 218
8 40
114 253
46 71
3 95
79 169
195 203
1 252
81 223
14 46
219 225
87 134
7 241
28 93
61 73
191 208
24 224
31 170
10 51
18 195
3 180
88 133
220 237
144 159
34 139
35 42
96 253
85 124
75 232
64 181
17 176
24 210
85 208
17 215
64 89
57 160
187 212
38 43
15 93
77 226
91 192
56 63
200 239
36 65
67 138
2 79
138 236
3 51
60 230
53 186
200 231
159 218
198 237
66 95
204 209
148 203
27 135
230 251
74 142
163 207
73 88
38 60
42 129
168 194
208 214
65 152
86 137
154 234
130 214
18 87
3 211
10 241
185 219
7 66
56 114
13 130
9 22
91 196
97 203
225 240
142 162
143 201
48 117
90 161
43 245
61 185
197 218
225 241
57 132
235 237
6 127
47 247
4 143
21 205
150 156
143 169
106 217
112 180
5 211
54 225
114 254
69 169
165 244
15 63
80 233
190 237
174 184
32 253
129 146
189 214
183 226
155 181
69 151
89 144
26 91
133 190
51 53
153 170
25 74
183 207
58 134
42 71
68 105
127 202
35 212
100 165
86 209
3 107
167 175
186 192
17 34
163 239
58 176
10 230
80 219
90 198
45 220
9 121
47 118
209 230
119 182
6 138
133 153
28 240
4 157
38 140
74 92
62 160
143 188
196 254
223 249
107 108
22 137
1 45
213 215
44 178
132 154
138 187
63 210
13 42
141 184
60 225
15 124
61 208
76 144
166 201
143 171
12 177
144 197
124 205
170 190
162 206
27 129
121 200
68 157
10 181
18 98
244 246
74 122
57 123
189 215
39 105
4 29
142 172
96 151
32 162
158 191
135 238
166 236
93 205
87 225
168 229
99 200
100 159
157 253
75 116
26 106
17 218
39 63
32 186
120 184
106 202
134 214
77 186
103 126
175 194
6 158
44 79
122 145
49 51
1 69
142 143
7 246
136 239
37 160
18 106
187 194
164 174
56 119
150 201
15 210
130 197
2 104
32 97
11 246
109 244
220 245
34 225
111 117
27 183
140 172
142 220
127 180
80 229
26 198
56 62
71 204
115 242
17 240
75 178
163 235
171 172
9 14
87 200
51 245
76 136
76 199
1 53
166 233
102 237
14 17
44 101
18 41
30 31
217 231
125 189
1 199
131 148
69 102
18 73
12 197
33 105
138 211
230 238
2 74
142 183
65 211
17 129
41 55
70 78
2 67
71 216
100 178
166 191
22 233
125 215
43 236
21 225
80 172
110 171
114 154
80 180
22 81
133 185
34 130
44 154
113 161
159 202
7 170
12 35
49 56
60 165
112 171
157 197
116 171
48 84
21 80
65 229
78 253
183 215
178 237
46 93
132 204
76 131
20 95
194 241
57 225
55 226
63 184
198 213
183 227
36 176
47 112
70 162
47 145
88 156
16 107
15 184
188 234
74 151
139 216
153 164
83 139
161 240
33 106
161 195
169 210
64 168
38 123
43 103
51 156
83 85
73 146
19 149
122 208
52 175
19 200
23 212
6 245
68 188
31 246
145 185
124 166
113 165
78 142
83 120
123 147
90 195
120 208
27 194
18 123
68 193
174 206
78 254
119 172
21 94
160 162
65 96
153 244
28 89
8 170
20 96
12 87
27 79
94 109
113 246
41 133
83 135
155 234
35 112
78 234
152 253
29 222
142 171
31 125
36 59
3 151
85 131
53 187
61 246
29 75
96 210
96 135
29 31
20 29
133 235
78 81
69 135
19 76
94 240
114 147
174 211
62 174
82 205
18 76
44 116
53 60
30 62
30 195
76 239
52 203
84 220
131 186
223 252
49 50
156 176
37 208
55 82
118 197
31 81
110 254
79 204
4 216
39 79
111 115
101 156
29 245
134 166
6 173
89 172
21 63
6 84
107 191
167 231
35 168
172 249
70 193
35 193
54 78
52 93
3 108
47 205
48 76
99 153
62 235
21 116
179 241
25 231
23 184
193 232
15 228
19 100
64 110
22 147
16 181
46 146
31 96
31 163
206 207
45 127
174 195
10 185
125 146
54 195
143 158
52 244
182 225
14 217
108 164
62 173
85 168
14 87
141 144
47 53
49 239
1 246
66 188
137 212
57 133
237 249
66 182
38 179
38 176
63 123
71 203
52 218
27 52
12 249
89 137
81 202
4 95
30 251
43 99
127 164
209 243
99 222
89 145
75 248
72 113
34 204
98 246
25 160
12 79
124 191
122 219
183 190
7 140
31 83
20 31
64 234
1 238
73 159
160 223
50 157
181 193
28 224
73 188
26 48
93 223
111 120
64 242
30 177
80 166
139 185
105 193
103 224
119 221
43 124
3 88
42 224
56 90
125 133
75 149
152 197
100 212
71 205
165 245
58 158
230 243
123 197
22 208
29 152
194 245
160 212
49 52
60 166
51 200
114 234
22 30
21 168
33 143
149 166
182 247
186 215
34 158
81 204
12 196
60 102
116 141
3 26
64 214
42 107
36 97
70 196
10 156
98 110
190 203
72 165
17 81
19 225
25 233
19 37
48 212
84 245
132 135
35 127
24 115
121 233
149 162
174 239
79 175
122 147
120 135
170 195
233 238
40 167
100 214
66 146
26 80
64 202
87 120
147 251
185 207
18 51
19 143
13 69
77 150
107 239
220 224
39 204
63 144
12 153
71 120
191 221
171 216
116 128
38 138
84 212
28 192
112 162
76 192
24 90
27 173
116 175
21 88
6 98
35 70
15 172
55 232
38 130
12 228
138 238
73 243
228 249
66 204
203 227
192 249
26 173
6 114
25 101
145 233
46 196
54 99
195 231
50 129
85 194
231 242
86 239
208 215
77 215
23 101
143 192
16 120
106 193
116 252
61 90
123 213
28 223
87 216
159 220
140 235
149 214
161 229
8 171
77 189
6 96
44 191
7 10
176 254
86 94
35 242
55 190
202 220
82 177
37 163
46 104
218 236
79 100
9 203
144 194
44 53
53 215
5 248
61 198
182 228
46 79
150 187
25 76
85 177
81 216
89 122
153 180
149 187
58 68
4 15
4 188
168 197
147 220
177 248
106 209
37 231
8 210
69 156
23 47
54 86
1 244
114 195
3 224
163 178
48 200
25 147
16 82
169 211
39 177
25 224
30 228
9 214
38 232
35 103
135 203
14 30
48 123
162 201
68 87
11 102
175 215
28 157
117 133
39 161
169 170
191 197
92 206
56 229
5 129
142 207
65 75
180 183
112 231
25 227
128 204
29 99
68 234
90 158
111 243
72 94
166 180
23 180
247 252
80 192
66 102
134 157
132 233
202 238
77 219
56 98
112 205
105 241
56 169
74 88
109 231
51 248
153 228
81 139
40 79
142 206
57 119
55 117
33 54
56 122
19 229
167 229
82 159
200 213
139 160
118 148
145 212
39 216
18 84
121 179
104 170
135 226
201 213
166 225
52 177
92 161
162 210
201 233
176 202
40 44
55 110
62 186
123 169
21 241
44 246
8 88
13 223
22 53
203 252
30 214
37 112
36 140
14 133
78 113
71 134
149 213
100 239
115 198
178 229
75 102
182 246
139 231
130 201
23 137
125 181
44 122
190 231
109 129
37 72
70 254
83 195
32 45
50 120
13 252
24 129
49 176
91 139
200 206
77 100
10 184
114 209
6 197
31 147
72 109
89 152
16 99
10 135
145 191
22 79
131 244
125 136
173 175
44 145
126 249
108 177
174 194
3 199
144 216
122 214
40 46
16 75
90 191
28 226
140 185
2 18
191 215
109 143
96 149
99 109
170 208
85 123
116 213
140 161
212 240
84 235
27 125
62 200
113 173
77 133
156 209
45 180
119 206
58 236
22 207
9 212
22 135
66 74
171 253
132 211
16 150
110 122
62 109
3 252
168 173
117 186
91 105
2 95
34 193
178 226
249 250
24 133
46 230
21 87
76 84
8 132
191 245
58 223
98 181
25 228
28 41
168 205
9 37
134 145
22 241
63 127
212 227
37 73
20 182
101 164
180 236
42 130
90 190
85 206
159 196
93 215
21 122
21 199
147 174
32 150
52 207
125 251
206 239
99 160
167 254
218 233
24 55
128 243
50 198
83 204
14 240
127 253
35 145
115 180
157 211
97 151
15 110
151 223
104 194
74 209
24 177
13 50
230 237
120 179
41 80
67 173
19 248
92 151
35 132
111 195
12 91
11 53
8 130
46 99
171 211
159 241
166 248
68 213
81 210
26 137
51 84
199 242
44 45
170 240
56 202
108 111
15 76
5 158
122 200
185 229
88 215
86 107
34 246
86 184
113 224
35 231
67 113
199 226
45 201
88 247
171 232
13 31
108 227
199 236
137 197
59 226
50 151
70 138
121 192
129 136
150 237
115 171
45 225
148 213
51 246
108 193
84 168
192 226
49 87
79 83
64 199
115 183
42 146
46 185
20 186
125 140
58 187
151 161
1 130
135 248
221 248
66 229
124 230
9 176
96 127
159 187
78 123
31 184
68 167
120 200
137 243
83 168
27 162
97 191
34 104
123 137
130 171
40 249
2 160
86 97
113 223
26 170
168 178
77 243
28 156
21 180
28 140
90 127
15 18
11 196
100 245
73 211
41 121
24 53
149 190
76 229
72 226
103 161
75 142
230 242
49 60
87 205
149 202
115 132
160 191
180 210
72 136
118 146
46 199
165 229
86 99
33 204
110 162
37 116
180 191
53 229
53 178
43 86
173 188
106 234
7 71
96 130
228 237
41 247
89 227
178 219
167 176
6 206
71 227
4 138
193 249
169 196
24 77
142 153
9 243
104 234
21 140
6 129
123 190
66 216
68 184
94 162
74 236
89 159
127 241
67 219
94 135
36 72
52 184
114 246
117 152
121 169
153 154
188 210
13 52
127 228
115 141
113 132
64 164
4 71
139 201
23 199
177 203
100 210
116 190
28 107
235 244
60 138
129 144
82 213
103 179
112 174
8 51
18 102
74 178
103 228
185 213
1 98
96 242
64 176
63 165
24 160
20 172
190 227
73 105
23 164
31 233
108 145
27 94
200 248
153 223
62 218
8 76
77 81
126 184
27 250
71 140
31 236
52 185
83 186
195 206
165 203
33 165
74 137
1 249
81 188
62 164
200 212
48 57
141 193
63 114
45 124
3 190
31 142
68 78
63 244
26 157
76 186
196 243
90 162
29 111
30 47
101 166
1 138
54 139
184 227
73 114
53 151
142 147
17 104
154 183
235 247
94 182
16 23
15 104
130 154
60 85
34 105
164 228
74 200
98 238
80 239
12 52
23 221
39 69
14 118
35 76
138 221
5 112
100 183
88 174
33 39
99 208
124 197
93 160
15 146
95 124
25 122
111 182
111 135
12 254
34 166
41 210
11 161
156 202
17 205
45 163
61 87
80 155
151 203
69 97
7 36
194 224
137 208
73 215
22 196
157 164
23 32
67 89
182 243
91 123
18 97
19 33
78 148
81 191
20 123
181 197
143 176
20 164
145 151
11 185
104 244
50 234
17 55
113 237
8 190
145 254
74 238
156 206
128 223
188 254
95 105
96 171
134 252
64 148
47 200
41 124
53 159
114 145
138 228
117 242
65 177
155 242
128 213
38 48
142 233
205 217
119 253
157 206
123 232
36 44
150 155
22 254
31 206
4 33
101 170
47 91
17 110
4 32
95 157
154 201
22 225
19 205
170 231
37 134
118 234
59 165
182 209
102 144
103 225
206 234
12 110
18 110
96 211
82 101
20 36
14 152
104 141
59 168
164 204
38 215
80 105
43 182
27 86
35 118
103 163
206 220
169 174
73 182
121 138
66 149
36 197
7 134
66 72
199 244
44 95
108 220
197 216
8 193
65 66
160 245
12 247
97 198
29 118
149 252
65 141
52 58
39 162
50 216
61 149
3 212
103 127
19 189
18 100
57 214
8 187
1 11
145 182
116 161
30 126
89 195
78 98
15 218
17 103
91 155
21 112
180 207
44 102
211 219
125 234
34 117
24 179
132 206
21 65
125 190
122 175
70 141
33 209
21 226
13 48
158 167
28 71
87 153
14 117
160 205
113 220
87 173
92 227
54 181
90 165
28 39
11 134
26 224
28 130
44 162
175 204
91 171
212 247
35 162
175 207
32 219
89 98
199 254
113 228
55 227
153 243
110 202
194 231
89 233
138 188
35 196
64 195
34 147
52 234
95 236
140 190
47 232
40 185
11 216
138 176
71 117
18 35
35 250
198 249
30 198
24 36
29 190
76 236
95 185
38 150
64 173
169 173
181 199
102 152
162 242
101 118
30 160
85 122
73 170
165 239
15 169
24 111
122 128
117 167
16 67
28 175
17 125
176 237
9 72
82 145
16 221
133 222
65 247
13 188
41 194
12 238
134 253
103 217
23 43
6 124
38 158
49 195
93 181
30 132
6 95
62 159
114 151
120 204
106 145
14 73
54 177
39 122
73 142
49 129
16 179
16 76
74 143
156 199
142 173
6 45
167 220
22 83
46 156
176 199
67 179
71 224
144 158
1 163
21 242
65 186
1 107
64 115
100 176
67 215
42 144
73 141
30 72
64 95
72 150
57 234
101 147
141 158
92 187
118 159
106 216
114 231
94 213
87 187
19 228
34 197
221 232
70 114
35 107
16 105
31 241
73 98
27 104
83 206
72 170
1 88
129 149
13 176
70 125
40 229
138 154
88 184
52 221
43 227
169 251
36 221
107 139
36 61
11 61
80 206
88 229
98 140
58 126
47 116
93 211
23 171
141 181
37 236
68 141
112 118
51 118
178 183
132 139
76 225
26 211
19 165
173 190
46 203
76 190
16 100
168 245
99 161
213 242
42 199
2 188
159 162
32 121
24 237
188 217
65 120
122 138
25 189
89 221
104 223
12 175
3 89
31 179
22 231
190 229
89 194
133 158
31 221
11 151
13 173
38 177
118 124
158 194
36 93
21 124
23 121
114 192
130 169
121 229
99 135
18 172
47 177
151 190
105 220
95 110
113 236
75 230
79 163
37 180
6 104
4 117
94 111
104 231
185 230
125 216
81 109
159 247
8 69
92 124
178 235
184 221
17 174
13 145
143 220
175 222
15 189
171 204
99 154
122 172
105 169
40 156
9 40
96 184
32 180
6 88
1 102
29 41
127 206
54 64
103 180
28 74
15 156
97 105
106 120
39 190
27 195
180 231
27 90
66 155
170 222
1 99
137 139
6 205
209 212
170 179
134 135
21 137
132 240
54 186
144 214
105 116
41 130
56 250
52 115
4 76
83 181
109 203
86 228
149 183
1 103
59 123
25 112
178 196
14 216
26 253
31 159
136 210
158 173
103 162
93 163
132 145
68 206
47 178
69 232
131 220
89 185
114 217
8 160
24 241
26 185
78 159
52 171
144 154
142 190
130 212
34 42
47 61
83 91
23 219
82 198
28 167
1 193
65 126
58 139
161 218
41 96
59 73
19 246
38 185
102 228
121 203
71 172
137 217
19 204
178 248
95 198
3 188
15 176
148 243
192 218
150 199
144 187
42 77
107 244
75 243
186 242
38 111
119 192
174 217
188 214
59 95
215 224
37 40
62 208
35 228
152 205
49 243
2 134
71 160
145 165
11 207
48 56
59 107
84 138
49 172
49 69
111 194
118 121
127 172
8 91
31 229
4 13
175 247
126 208
147 160
15 20
165 190
38 205
20 208
116 152
48 199
30 142
197 226
1 146
42 153
52 79
128 149
65 231
81 87
29 87
38 71
6 121
85 150
151 174
191 220
63 163
74 233
50 184
132 136
18 146
24 225
158 211
34 129
64 121
179 243
35 201
86 158
101 209
120 186
56 215
37 56
55 238
46 222
76 228
1 236
35 224
54 208
126 209
67 128
33 220
47 51
45 150
30 213
10 47
10 168
107 241
46 184
224 235
87 166
21 42
180 211
99 209
91 178
21 120
98 254
121 186
154 250
94 244
71 198
102 138
47 171
37 182
3 104
40 135
33 62
17 147
69 93
199 231
135 191
13 183
144 248
40 154
85 97
177 210
35 238
167 198
9 167
196 212
21 204
95 152
71 246
10 123
43 144
192 211
10 144
69 254
39 95
120 168
111 178
131 202
149 223
36 111
48 205
13 221
222 227
54 167
119 216
13 206
107 155
77 130
135 181
71 163
77 238
40 206
130 208
10 149
108 181
96 237
154 187
129 182
107 154
80 90
15 162
62 148
163 220
102 151
31 239
197 199
64 221
144 156
44 172
70 170
109 160
81 175
97 150
223 240
64 245
5 209
90 189
214 215
53 70
36 164
10 160
133 161
74 199
70 124
57 134
12 173
157 166
9 171
41 94
240 248
32 212
168 184
13 195
83 230
2 86
152 194
61 83
103 171
121 146
14 92
136 242
84 154
163 254
181 248
135 233
233 251
11 92
49 244
24 82
50 185
4 175
168 195
20 166
164 234
105 142
2 249
69 190
25 131
61 210
133 237
90 220
127 131
85 197
42 175
198 225
146 234
2 78
98 114
17 21
228 236
33 228
78 220
122 249
215 226
37 170
90 245
144 164
151 250
21 117
35 39
147 245
38 59
89 222
145 162
13 212
178 228
159 250
90 209
229 245
216 220
68 149
86 222
40 91
92 244
24 98
121 164
18 170
159 249
176 212
75 150
87 230
39 75
212 244
19 178
89 157
141 173
204 247
94 174
52 141
30 178
54 102
152 199
44 226
36 60
31 66
160 211
39 251
143 234
13 151
25 218
5 216
21 56
79 144
22 51
28 208
26 94
162 202
51 184
107 252
19 43
143 154
169 180
41 71
176 240
172 254
114 156
220 223
24 46
55 180
7 138
169 208
159 213
97 137
14 66
110 220
44 199
27 92
61 161
88 216
66 85
189 221
48 120
60 244
207 216
70 111
36 250
8 64
123 153
66 219
2 32
149 237
151 158
121 220
122 243
27 224
155 237
22 87
154 185
1 197
190 230
84 210
148 155
15 57
90 205
104 241
143 214
9 169
126 197
76 109
145 230
66 248
35 253
23 109
84 233
56 91
108 148
59 109
117 208
16 40
64 250
97 134
81 99
139 215
139 211
108 249
169 200
74 252
5 227
27 212
108 185
41 107
25 44
146 217
124 169
34 221
89 210
88 140
169 241
3 85
103 115
34 112
180 225
1 105
96 250
115 181
73 126
170 191
57 63
48 134
2 149
190 208
83 231
45 162
152 165
97 127
212 214
56 67
16 160
115 195
75 125
58 154
92 105
130 237
216 242
111 234
34 230
56 150
59 121
218 238
197 253
48 246
81 250
10 162
11 111
151 187
134 248
55 165
54 158
100 184
106 163
7 84
56 242
211 217
44 166
3 117
105 242
171 230
82 125
63 98
55 185
174 220
64 142
147 183
7 39
27 72
93 183
72 253
146 153
150 204
58 230
91 116
60 96
86 238
182 226
139 149
138 153
155 160
123 145
106 136
34 71
178 213
48 234
32 143
2 185
113 178
113 222
30 162
34 48
13 213
167 185
218 231
58 86
15 209
36 106
132 170
130 191
41 169
159 161
210 238
103 144
45 231
129 194
33 249
128 190
81 195
6 80
18 189
32 34
11 47
147 165
130 190
110 230
160 206
2 132
141 153
200 201
54 165
172 243
10 124
122 136
167 186
50 232
57 135
118 177
10 226
68 90
62 108
33 241
70 189
42 198
107 136
86 132
141 177
103 202
209 248
99 123
219 252
52 182
28 215
43 88
112 248
99 177
45 64
156 226
17 249
71 88
23 111
125 168
59 122
195 199
140 244
5 208
25 37
22 62
219 242
208 217
171 252
112 148
86 194
109 198
144 213
123 219
122 189
77 88
58 170
165 201
81 140
88 180
62 122
49 189
94 131
66 164
81 213
4 222
66 217
109 217
2 182
21 70
44 78
119 187
29 120
12 78
86 198
175 252
1 213
160 240
124 193
64 101
133 246
87 189
93 139
13 160
4 190
43 126
141 143
60 61
18 182
136 213
137 248
44 227
44 181
85 137
141 221
185 211
47 243
252 254
86 225
107 187
195 208
47 161
108 192
61 84
27 208
22 92
44 151
176 198
9 47
26 59
53 201
171 198
74 206
210 237
54 185
134 239
160 231
143 184
188 202
7 29
26 186
33 169
75 160
7 206
11 98
7 220
174 241
136 220
36 113
169 250
184 204
183 218
48 116
82 88
190 207
30 224
6 155
137 207
194 220
3 220
101 143
196 245
113 191
54 66
140 176
53 131
80 92
73 169
204 246
42 86
10 22
238 247
140 162
162 245
69 167
81 205
51 140
5 26
215 225
174 225
97 200
217 239
134 179
72 102
125 219
38 203
89 244
10 157
106 119
50 93
100 140
70 105
38 75
76 151
8 140
181 244
121 199
49 121
52 191
105 154
90 104
163 228
17 191
179 185
111 165
115 154
67 221
91 208
16 172
34 188
25 49
94 220
47 216
12 246
167 233
197 221
115 236
135 196
12 62
33 244
75 144
11 128
144 160
76 216
112 236
40 87
105 181
2 46
95 102
44 219
215 228
129 207
81 186
36 120
48 187
62 145
91 138
186 208
154 215
41 63
111 116
228 232
88 210
139 147
100 128
218 230
123 207
110 247
39 228
141 199
53 101
12 143
26 31
96 231
38 72
89 219
7 177
50 188
191 222
133 179
181 225
210 239
38 139
79 244
18 184
4 217
106 214
85 180
186 210
98 163
17 241
80 93
149 225
92 182
128 198
43 70
55 178
50 54
31 70
2 245
59 225
35 207
73 155
81 185
97 190
187 239
134 180
9 174
177 232
26 96
27 28
92 150
57 187
48 214
108 235
93 220
110 206
94 200
94 120
176 203
154 157
49 202
58 112
11 105
73 246
52 159
76 147
96 224
54 246
203 211
171 197
38 206
95 165
57 117
80 107
40 60
78 247
10 17
57 209
13 194
15 130
50 78
142 160
226 243
57 142
119 166
129 199
30 144
84 172
31 208
60 239
90 155
100 192
9 157
4 163
35 229
15 142
122 204
32 190
32 96
96 144
50 153
6 162
250 254
29 52
187 210
123 227
219 244
60 248
60 164
80 132
55 171
31 98
62 242
36 162
84 174
170 245
128 206
21 82
82 224
31 115
159 227
34 77
93 126
127 167
158 225
127 132
180 184
161 166
60 178
174 180
84 163
157 215
61 187
89 150
124 240
121 189
70 109
37 84
115 254
93 170
9 104
174 181
204 207
133 194
53 190
42 190
50 96
159 208
182 239
86 115
28 254
95 187
110 161
117 143
104 217
84 178
43 240
4 183
89 175
42 231
8 133
141 146
194 250
162 241
47 129
62 121
27 73
64 143
92 215
121 230
15 151
24 163
43 113
175 248
125 235
16 152
30 83
234 251
119 132
134 163
64 106
144 217
67 144
170 189
13 243
121 174
75 148
194 200
88 220
89 112
133 169
17 26
152 162
96 195
19 221
91 129
110 137
232 249
8 124
12 176
177 240
117 128
161 220
74 222
158 180
85 167
80 83
30 156
76 227
9 222
80 169
38 104
72 152
12 66
160 235
19 195
104 140
5 244
28 68
32 70
53 169
42 91
44 230
131 195
100 102
8 121
54 125
116 207
55 81
89 135
229 248
191 225
78 88
89 161
83 184
50 88
3 196
61 184
8 244
1 58
2 205
24 117
58 203
92 114
33 111
158 228
147 184
123 221
39 146
183 221
175 219
65 235
87 176
108 123
143 209
10 224
28 57
80 135
71 208
32 86
86 247
184 236
34 39
22 193
189 238
2 129
1 5
29 112
65 115
86 196
54 241
76 81
110 198
210 214
96 209
167 177
84 206
48 87
9 16
50 67
194 248
79 174
65 134
36 109
138 209
69 140
119 185
7 59
58 155
142 226
226 237
77 96
66 119
110 221
13 228
177 235
40 126
190 213
48 126
220 229
47 74
74 189
38 184
179 245
53 66
117 129
128 208
66 159
200 204
12 104
29 161
72 185
24 58
10 121
66 169
164 233
218 228
98 159
9 105
113 159
25 206
61 148
24 106
14 249
44 88
10 163
128 179
9 248
152 234
75 123
28 155
151 155
10 246
53 77
45 116
92 230
98 186
160 163
18 31
22 218
48 136
42 245
136 171
14 194
39 167
19 25
77 162
109 249
6 199
160 229
121 161
45 197
101 221
57 152
83 233
51 209
48 184
119 140
4 148
222 238
124 134
164 243
167 170
67 247
59 194
148 241
151 175
121 240
76 164
16 135
34 65
244 247
29 149
43 134
30 180
193 198
66 142
185 204
3 113
109 150
75 95
77 148
210 222
55 91
4 204
75 78
122 207
72 126
14 213
127 243
2 161
58 179
35 199
180 217
155 184
176 195
3 247
24 66
14 50
62 245
111 152
69 243
240 252
78 166
104 178
26 45
97 114
144 167
236 240
223 231
60 66
51 166
166 221
10 212
95 239
18 199
217 220
141 169
27 238
45 229
8 253
169 191
131 136
219 220
43 121
51 136
144 163
118 215
176 216
29 184
101 232
158 219
26 149
119 130
32 140
20 91
39 254
251 252
111 199
74 97
72 186
124 245
32 227
52 174
71 143
102 175
89 114
31 146
55 214
21 134
22 116
82 87
69 171
96 129
139 169
128 147
20 69
10 92
41 72
54 113
94 228
89 123
58 198
172 180
48 228
113 194
65 92
90 179
56 94
108 121
51 214
126 169
23 74
94 214
64 240
67 245
108 228
65 216
102 198
203 228
152 201
87 245
215 227
70 110
129 247
82 161
168 188
77 166
19 110
11 222
57 158
24 238
107 174
101 173
1 242
22 134
105 156
114 170
156 160
164 216
21 76
66 210
152 250
3 77
235 239
175 214
41 191
98 232
231 236
79 177
49 223
37 222
87 228
70 180
28 171
79 160
120 212
93 200
90 103
4 234
48 100
164 236
127 230
206 211
122 179
133 183
224 238
47 238
150 213
120 217
11 12
45 69
131 155
34 239
20 73
6 86
2 17
179 229
140 199
11 42
20 93
131 135
54 202
180 232
95 123
3 22
201 232
30 129
54 90
70 207
50 206
76 158
46 164
29 144
101 169
46 122
162 193
203 243
159 181
138 195
119 212
41 70
154 235
139 247
113 196
74 100
14 47
21 109
169 207
60 163
120 136
61 200
156 177
27 178
177 213
20 232
86 114
145 204
153 203
103 185
100 151
63 216
160 218
89 106
27 119
69 186
205 221
126 193
191 201
187 205
41 54
22 153
76 150
37 93
112 192
129 212
104 218
50 154
11 245
50 192
28 106
57 216
162 218
76 169
8 17
193 207
102 141
76 238
85 115
92 213
40 136
201 227
156 187
113 218
64 82
16 118
24 254
170 205
125 176
143 222
83 222
15 75
8 27
13 168
133 234
43 69
184 245
68 154
61 221
45 96
143 244
189 251
97 176
189 248
21 189
106 125
150 207
184 252
62 216
42 108
140 233
58 66
140 159
249 251
20 63
49 141
86 135
83 175
2 83
100 229
146 190
40 187
44 212
27 235
55 156
87 246
53 61
32 222
34 52
98 113
68 221
79 140
104 201
100 197
49 250
100 198
30 63
53 164
161 230
22 76
99 234
87 180
10 31
29 183
41 103
48 171
128 236
9 90
117 149
116 134
76 77
57 156
216 250
68 98
117 244
220 253
174 183
149 178
153 207
181 222
175 205
225 254
194 253
86 124
148 196
16 252
159 174
64 223
87 127
21 188
56 239
33 150
11 60
78 204
63 81
5 61
47 187
36 207
3 248
120 170
115 243
209 213
104 168
166 228
111 171
160 190
45 139
108 191
118 203
109 224
28 168
145 237
126 176
118 188
113 199
5 53
39 250
94 215
150 231
115 186
52 74
154 225
78 95
48 157
9 152
106 232
47 98
65 94
175 179
38 63
56 136
116 154
54 243
9 247
1 173
70 120
8 151
67 175
181 219
171 237
217 237
21 244
41 75
134 210
78 251
99 226
55 253
20 110
97 226
112 220
7 19
64 171
27 62
190 219
142 161
101 198
6 189
31 138
221 230
51 153
66 224
217 225
36 39
83 155
33 117
85 152
59 100
31 114
112 196
124 247
75 240
28 119
132 236
9 17
146 232
32 141
185 191
138 202
151 213
56 199
89 180
132 193
14 124
58 162
158 206
102 206
167 242
28 87
79 234
218 234
6 49
51 89
165 242
147 178
123 124
97 210
48 112
122 133
9 81
130 142
102 227
102 251
22 35
29 239
101 204
19 235
49 177
199 223
76 78
120 144
191 237
108 221
58 65
14 202
53 142
2 238
130 241
53 107
81 183
9 150
186 202
10 108
42 203
15 165
120 237
98 105
48 150
109 237
22 77
187 190
99 115
17 19
92 183
7 197
31 141
117 155
130 231
58 142
129 224
63 221
109 147
14 26
157 196
39 208
83 88
49 235
191 199
19 45
163 188
51 88
71 100
125 151
185 248
53 196
57 189
23 196
4 151
41 219
92 128
29 57
42 154
90 96
60 88
28 116
48 166
127 247
19 193
172 186
96 183
37 201
63 249
143 221
37 200
16 21
79 243
123 150
61 182
103 209
8 188
133 148
45 248
234 235
74 202
24 116
1 75
69 164
8 243
94 230
26 83
130 248
42 208
131 182
69 149
48 235
20 184
133 135
141 174
193 210
47 196
19 103
98 116
11 238
72 107
3 158
114 247
137 172
130 160
27 118
62 154
4 142
22 34
74 172
78 184
89 160
161 198
100 101
102 247
192 210
83 164
15 81
33 149
57 131
92 96
92 252
75 253
36 189
52 219
182 240
167 232
89 163
6 143
83 199
60 79
98 194
74 128
52 77
9 158
148 159
106 206
77 207
5 27
80 139
14 65
43 54
31 230
169 236
23 193
190 226
24 217
37 69
16 27
57 89
92 202
214 235
222 241
38 66
60 251
12 74
161 215
108 146
28 108
130 194
6 11
40 85
68 230
154 161
87 139
87 160
10 167
93 157
99 198
6 73
142 239
10 153
51 77
118 151
76 145
54 157
80 236
107 209
136 158
66 84
43 97
74 217
88 197
129 214
173 199
113 151
12 114
105 119
130 222
119 201
191 235
55 170
128 252
78 167
93 105
55 220
4 220
162 190
65 222
64 218
9 231
218 235
13 149
74 248
24 228
156 207
101 135
55 126
2 80
12 211
86 130
121 211
16 151
87 221
128 199
127 184
146 164
4 182
14 238
50 147
16 110
7 198
72 143
28 225
9 206
42 195
47 133
19 98
145 166
52 73
6 146
137 189
33 234
115 189
10 113
47 119
40 56
17 236
134 232
165 225
119 209
84 249
90 230
72 203
63 70
44 241
40 92
194 222
76 187
48 247
67 211
102 249
47 92
15 89
157 212
120 167
33 107
46 138
224 243
70 206
104 212
14 231
135 202
55 131
25 232
102 191
59 71
72 197
5 135
156 237
73 124
79 223
91 239
65 218
78 150
21 159
95 155
12 227
94 119
129 222
186 240
47 86
112 144
69 185
8 47
52 247
32 117
42 186
58 87
62 66
90 250
216 237
178 238
39 121
51 242
91 251
48 61
77 177
34 227
97 159
176 243
84 159
82 194
46 134
68 251
105 132
54 178
78 215
69 228
92 222
86 208
36 229
60 76
176 187
51 235
3 122
30 181
44 112
161 202
194 235
98 192
55 74
222 229
93 167
213 220
65 171
142 163
200 252
191 218
11 19
90 253
42 239
79 201
95 107
13 135
37 198
34 88
198 240
160 197
26 77
77 224
156 236
112 127
45 148
94 154
84 91
80 104
16 154
40 41
12 159
87 126
212 250
187 192
52 222
102 196
45 228
62 196
7 234
141 192
70 143
19 92
47 179
43 59
125 202
168 226
125 175
36 213
74 95
135 193
82 250
83 108
171 217
122 247
71 248
26 239
157 250
21 141
78 85
94 138
71 186
24 190
102 182
166 167
106 146
105 163
86 219
144 246
148 215
82 139
60 90
150 252
49 219
9 145
97 139
10 29
111 191
112 182
1 235
99 168
38 217
29 249
45 115
148 209
48 60
34 175
76 148
193 202
123 182
61 245
38 223
81 180
165 191
164 253
23 65
76 201
174 252
54 183
1 176
229 243
13 226
4 213
175 203
104 155
91 154
102 145
22 57
209 242
46 247
143 175
31 238
223 241
64 80
25 55
106 141
3 177
95 190
188 197
25 86
31 120
65 204
27 225
189 233
106 244
81 103
98 102
62 117
16 115
87 101
186 252
96 128
100 145
78 131
36 87
156 159
32 52
246 250
88 204
26 73
163 191
38 83
30 140
98 207
214 241
75 89
45 100
23 172
27 153
168 248
25 97
76 134
13 104
106 237
2 165
179 181
76 220
21 107
33 226
11 171
199 204
25 234
150 188
44 173
12 107
24 176
40 212
69 227
199 229
6 61
93 106
116 139
48 153
166 195
11 113
12 210
15 36
169 187
204 226
59 240
103 148
56 96
8 36
116 185
147 171
40 182
9 192
192 241
78 108
3 64
192 231
123 157
42 216
35 156
62 177
105 150
59 154
151 215
142 253
13 185
14 74
63 65
3 116
213 249
27 110
50 57
3 232
153 245
33 131
44 254
49 78
197 209
26 150
68 93
19 238
19 159
126 148
158 236
68 137
52 245
151 231
110 163
10 60
118 147
219 237
77 140
47 59
129 246
22 217
21 167
201 203
107 166
103 199
126 224
71 109
114 127
39 242
22 133
32 182
214 222
26 152
37 129
220 233
157 246
17 155
230 247
201 202
18 70
4 181
214 229
93 135
122 211
152 157
55 93
131 243
48 218
32 160
35 209
41 189
4 149
22 202
38 245
61 82
129 135
47 107
77 89
183 236
117 195
54 67
67 190
97 120
116 241
110 118
68 240
97 126
196 226
2 40
52 75
13 250
25 99
57 79
27 60
73 153
14 197
78 207
73 249
202 233
59 234
75 200
19 128
31 225
9 185
119 183
54 235
60 72
198 210
73 251
99 131
116 117
15 240
176 214
47 73
47 143
59 231
91 124
40 109
103 160
21 195
228 241
162 235
69 189
64 216
27 254
164 183
20 90
72 245
181 220
36 245
73 160
15 139
10 16
59 153
58 225
61 177
107 116
92 103
103 123
43 137
27 190
74 216
139 238
57 100
39 85
41 251
61 72
35 109
115 223
7 251
3 35
110 244
91 117
69 114
167 248
116 169
178 181
9 139
77 205
127 248
7 122
3 130
19 133
53 228
156 195
66 253
29 148
83 111
68 186
101 239
12 137
60 112
64 132
52 253
166 168
68 73
20 43
94 160
123 235
7 160
1 160
86 237
212 239
90 208
8 106
48 220
18 233
29 187
76 93
114 221
85 151
4 72
5 40
23 167
1 83
205 228
77 193
69 118
200 249
41 48
14 252
49 95
75 129
64 251
182 215
159 237
90 215
37 94
88 182
29 142
92 173
43 68
132 133
53 182
55 245
14 132
45 93
99 138
39 97
148 182
23 107
176 230
132 215
84 251
115 205
20 227
69 155
147 202
206 248
174 191
1 47
14 173
27 91
43 58
71 87
4 160
19 89
98 134
120 230
26 82
8 20
6 78
23 192
41 234
218 247
67 95
16 196
66 88
48 148
43 251
163 209
115 246
159 243
148 186
129 195
6 122
182 223
68 173
105 118
26 116
119 157
108 153
92 239
20 174
57 165
127 130
38 213
157 238
184 243
173 241
105 211
89 146
43 133
51 239
155 231
77 202
105 143
94 112
216 231
95 232
110 212
119 235
214 253
24 114
66 208
75 241
43 165
7 115
159 215
96 248
20 51
9 142
120 176
25 136
122 127
206 210
219 233
57 221
73 161
113 129
243 252
4 101
54 230
20 178
66 186
199 243
162 253
148 167
19 242
124 243
57 72
84 111
85 159
235 248
2 253
51 92
11 75
203 218
116 229
34 229
7 108
33 137
217 236
159 169
179 248
129 251
2 201
194 223
52 126
1 116
113 211
238 250
85 121
1 156
9 252
167 173
97 104
12 21
210 253
214 227
73 111
167 213
146 154
123 201
91 240
135 167
24 95
20 39
47 186
13 239
109 238
5 178
50 233
4 79
121 125
32 55
11 108
77 105
73 214
87 115
34 207
50 59
94 151
40 80
69 125
217 254
57 213
126 158
44 198
62 251
29 42
2 39
76 211
40 69
36 252
31 129
211 234
11 215
33 101
154 236
50 161
31 99
116 242
59 87
81 215
79 153
107 192
170 198
27 44
2 146
137 153
52 193
67 184
9 80
26 155
130 158
110 168
38 214
93 131
79 161
44 129
105 239
77 254
168 211
117 233
131 224
213 232
16 63
175 244
163 224
22 165
122 233
138 212
56 209
28 233
55 90
125 191
152 241
36 146
31 128
15 140
147 248
28 60
32 217
18 26
121 127
114 129
86 126
82 85
182 213
33 213
37 57
250 253
28 123
124 156
60 104
10 193
48 146
16 248
58 201
152 187
77 235
56 71
92 127
84 183
57 164
135 212
51 201
19 120
207 220
173 244
72 205
32 220
91 151
18 116
63 242
52 211
142 157
177 190
87 90
152 206
72 117
118 216
18 236
15 31
70 87
75 163
40 111
183 231
109 254
79 109
95 183
88 116
12 34
26 58
201 212
78 185
164 238
60 129
155 210
35 248
34 155
143 242
75 132
26 123
138 215
168 236
50 175
113 168
130 200
6 190
122 205
56 191
88 194
131 165
27 215
191 232
212 216
146 251
12 240
96 174
40 227
143 185
77 245
95 137
79 235
173 193
14 95
156 234
30 77
21 214
66 212
14 247
110 121
52 172
121 173
107 164
23 113
30 184
2 193
7 222
30 66
182 204
100 228
4 210
64 201
62 103
40 161
51 125
26 192
29 158
61 114
28 79
84 134
39 165
73 81
6 148
14 139
134 224
28 128
223 251
32 131
78 115
100 172
85 198
146 245
80 137
18 137
83 240
49 179
74 212
130 136
2 90
44 123
193 245
30 130
213 227
117 201
101 137
43 102
10 175
100 156
173 222
121 243
56 59
177 208
6 109
199 224
55 153
199 202
32 90
41 231
19 137
43 172
62 137
111 183
11 45
23 142
113 179
62 166
37 148
38 131
112 163
70 192
38 45
52 84
83 121
61 232
102 202
150 233
148 188
105 140
110 148
33 120
51 90
186 248
59 114
11 72
173 226
88 192
137 250
54 206
59 142
60 120
73 247
166 204
15 56
102 250
119 229
86 197
84 152
171 250
171 208
144 180
50 131
108 204
132 239
29 88
7 236
78 128
110 246
39 100
10 82
99 227
41 151
126 163
71 136
103 145
69 72
26 132
144 209
60 134
201 251
114 137
197 241
62 189
68 116
140 208
58 157
70 226
72 200
118 206
43 224
97 141
65 122
13 186
187 223
128 158
71 236
132 217
7 168
94 161
99 228
54 136
104 147
81 203
11 65
105 186
198 227
96 119
54 150
50 238
72 207
149 234
103 242
144 227
22 223
145 218
4 116
60 237
61 226
72 77
167 178
46 105
139 233
14 232
80 126
45 185
107 195
169 192
64 207
96 234
9 127
33 217
89 148
18 91
16 132
108 229
161 178
114 245
127 176
192 250
70 113
42 160
121 249
45 135
5 179
72 174
139 195
155 173
28 211
61 216
183 232
79 138
143 167
130 198
167 174
238 243
50 226
192 239
16 191
46 86
47 235
16 184
127 182
159 235
10 248
193 221
21 212
70 154
88 104
30 145
52 103
15 187
140 225
30 67
126 222
126 232
91 236
175 212
14 16
106 168
115 118
82 124
14 182
120 210
32 119
131 134
18 248
78 111
219 239
13 97
52 215
18 94
18 43
126 216
61 109
218 252
209 225
28 238
44 85
142 166
194 210
16 143
17 27
4 75
38 101
31 196
187 214
99 157
40 219
39 210
73 131
7 179
95 184
91 247
91 204
7 235
90 113
30 235
66 148
74 121
106 128
144 231
135 186
12 165
141 164
93 196
29 211
156 246
65 172
132 247
56 177
33 67
102 107
10 18
86 123
95 128
100 139
33 199
84 190
36 204
71 202
204 233
107 248
8 62
16 231
125 148
115 249
221 247
33 227
130 133
32 94
93 153
200 250
55 85
17 106
216 218
156 218
168 193
32 210
162 223
47 254
121 158
200 219
9 129
85 233
17 105
72 95
17 234
5 93
157 160
54 170
51 135
107 181
2 71
75 238
47 155
23 176
40 239
9 130
66 70
9 108
101 203
90 177
119 241
194 238
10 112
3 48
138 193
128 136
121 122
159 248
135 177
86 223
59 97
71 233
108 109
93 254
86 92
116 163
113 212
121 129
145 195
112 190
147 196
55 121
123 192
51 123
57 136
18 171
127 129
6 87
27 177
141 179
44 70
25 29
18 32
140 201
29 201
104 143
17 183
16 178
117 175
50 85
55 89
188 231
31 91
75 218
98 218
126 229
30 152
52 105
111 188
60 196
29 116
68 225
5 126
50 224
187 202
161 249
65 90
124 125
55 158
47 138
29 76
123 205
35 204
45 183
12 41
27 126
211 253
71 77
170 197
35 138
68 142
31 106
61 192
73 180
4 39
130 213
57 75
83 133
130 165
156 162
136 208
68 88
61 197
121 202
86 161
102 246
141 148
3 229
68 120
129 130
18 187
70 142
49 237
57 200
45 153
92 228
67 182
17 217
48 188
103 241
171 251
243 249
85 164
183 202
57 238
25 93
25 237
33 45
151 173
91 169
138 144
18 131
36 203
5 109
111 196
72 181
66 134
5 174
143 200
114 116
147 159
100 195
59 229
16 225
6 186
161 239
77 121
37 71
88 107
7 17
80 131
41 254
107 221
102 150
46 216
42 200
114 180
130 193
106 132
170 232
169 199
139 198
98 242
94 202
43 170
61 189
71 200
152 155
8 247
133 152
115 152
81 243
43 248
89 94
113 125
98 190
188 215
193 241
173 191
106 179
34 252
18 231
82 220
19 219
133 196
98 247
103 178
146 169
8 89
7 226
1 42
6 154
22 164
94 229
7 249
153 250
3 193
68 84
31 60
107 222
113 122
4 53
183 253
4 167
46 233
207 236
73 250
88 151
113 141
85 250
132 218
20 239
52 233
37 141
8 235
145 242
217 253
124 168
112 175
9 24
189 204
33 58
35 208
127 192
167 224
86 229
23 242
169 240
76 99
16 232
26 90
52 94
3 92
4 96
40 184
100 148
35 74
7 190
20 149
74 127
109 197
55 167
1 247
105 226
145 250
209 221
24 166
166 173
9 149
29 198
177 230
81 96
117 231
113 215
92 194
50 247
153 248
56 211
120 165
177 198
119 175
22 150
114 248
111 226
65 130
14 110
89 97
87 121
93 96
147 224
21 238
88 98
2 65
134 171
69 184
16 24
87 237
156 232
33 156
19 36
147 218
61 191
170 243
67 129
115 125
201 240
13 64
178 218
21 169
4 100
193 251
145 223
148 237
55 244
114 250
94 100
149 170
170 202
147 216
90 188
2 180
7 120
26 251
98 217
125 237
76 110
60 130
3 45
21 136
167 181
103 240
122 130
180 188
212 213
111 231
51 111
69 144
207 228
2 54
110 207
165 235
106 207
220 252
184 237
23 216
75 190
71 201
150 220
15 35
102 161
99 212
123 210
66 227
32 58
86 176
39 207
135 206
139 222
50 101
182 224
175 218
184 198
76 113
114 118
178 241
17 136
186 200
26 78
43 228
45 110
84 187
143 226
59 207
89 151
29 137
74 196
43 67
5 218
20 111
153 172
16 26
218 251
136 212
39 240
70 72
155 217
132 199
87 97
69 152
68 172
107 121
200 223
101 142
32 243
212 222
84 169
216 239
91 198
82 235
67 227
33 139
88 135
146 166
5 225
7 83
53 237
127 227
68 129
178 209
24 161
9 175
36 137
56 192
213 254
122 137
44 193
40 148
17 63
17 30
5 8
176 241
120 140
31 62
40 203
53 176
102 132
107 237
150 190
122 231
10 45
25 152
39 178
79 136
19 39
107 240
99 166
117 254
52 57
85 189
23 90
74 138
10 143
127 189
23 54
143 241
175 187
192 207
63 218
228 246
157 251
142 250
33 109
188 239
126 147
56 225
67 200
76 138
83 207
20 151
136 249
125 232
101 104
54 211
64 160
136 148
8 100
82 192
86 146
170 247
127 138
71 222
65 160
104 138
11 100
98 166
110 250
32 59
26 181
16 169
87 191
132 179
100 136
91 188
164 165
130 215
45 105
113 120
80 193
131 161
54 56
23 36
188 229
81 119
6 137
73 227
60 220
202 229
19 68
140 213
75 145
8 142
33 51
53 233
139 164
195 219
198 200
6 51
102 179
4 64
176 192
74 171
101 231
13 248
112 187
102 241
108 225
107 109
95 135
12 147
14 248
234 236
7 105
251 253
110 217
41 209
104 156
35 170
12 116
175 178
175 200
104 182
145 150
3 209
57 157
39 156
84 182
195 212
175 231
152 209
125 169
117 130
112 142
34 124
43 174
29 38
86 88
20 179
146 248
53 86
81 126
40 134
15 68
173 187
112 213
119 208
21 78
135 223
29 74
80 163
122 153
25 140
76 224
152 196
144 175
130 218
17 35
125 153
143 215
138 205
198 217
127 225
206 244
2 120
9 154
51 240
134 223
37 58
110 131
66 211
101 228
39 124
180 209
24 100
74 175
31 237
24 197
68 233
192 222
33 171
19 181
75 112
53 246
142 193
188 195
177 218
91 122
20 25
49 215
35 61
6 242
86 156
37 162
13 210
9 196
18 201
26 220
21 183
57 113
154 218
61 67
47 169
75 114
109 185
119 211
59 184
151 171
133 172
95 235
24 139
194 232
100 171
131 172
56 145
44 132
39 170
11 178
106 205
152 163
67 246
65 183
168 237
109 204
119 163
80 215
16 240
47 237
103 213
80 121
55 141
189 216
79 110
70 214
75 199
11 18
64 147
23 254
223 225
143 218
194 227
210 254
171 210
172 226
3 147
88 89
11 191
6 7
54 209
138 175
133 213
150 168
73 168
19 34
18 118
172 184
11 229
104 181
158 176
81 220
82 111
32 221
141 231
93 178
101 117
105 204
74 192
94 177
71 239
102 195
117 226
23 91
74 180
18 85
48 118
132 177
105 250
138 182
49 81
35 202
25 109
67 224
51 103
15 34
76 184
13 74
166 250
232 253
118 136
114 149
162 194
129 218
33 189
45 101
65 81
198 238
202 216
23 64
100 167
208 249
137 166
46 118
109 141
14 98
131 178
62 220
54 214
33 194
207 240
44 76
99 202
34 208
43 101
77 172
179 237
68 134
181 223
169 231
14 223
29 81
128 166
144 208
162 186
60 81
208 229
47 127
50 187
218 248
35 234
78 127
161 201
176 226
6 67
103 132
22 80
29 188
98 175
27 237
79 196
162 203
221 234
126 220
129 143
187 197
66 133
95 229
31 251
15 99
73 224
126 143
78 243
35 197
117 165
46 219
30 114
2 152
72 92
215 239
106 185
76 167
54 152
69 116
24 50
33 49
14 245
212 236
215 230
143 193
15 223
82 100
180 252
13 89
191 219
53 205
118 135
22 235
52 78
98 117
12 132
104 133
20 206
62 89
124 212
49 116
134 144
83 209
147 182
128 237
33 112
108 202
70 98
235 249
5 231
125 197
123 224
190 239
49 65
47 93
20 197
26 202
198 221
138 156
137 152
82 141
168 177
118 133
24 252
4 12
170 211
37 133
7 61
180 213
33 52
27 80
11 101
20 145
19 94
6 208
39 200
34 241
20 28
124 239
144 207
52 62
119 254
2 209
157 236
152 246
66 220
2 229
30 46
83 107
86 149
1 204
5 63
96 206
165 251
138 207
144 240
23 63
92 160
91 174
111 237
124 188
193 240
6 145
25 108
142 248
132 228
92 147
116 254
27 218
123 138
174 234
39 194
164 188
47 121
15 219
55 174
27 106
121 126
114 120
85 113
3 71
145 147
179 205
98 120
31 189
56 234
3 136
5 50
89 158
70 101
173 210
63 89
97 100
17 170
9 204
69 210
127 145
165 199
47 85
30 172
192 202
141 247
125 131
173 238
209 233
55 247
30 131
27 36
4 153
17 186
53 241
179 220
13 115
118 231
13 59
166 214
133 211
69 127
43 200
94 187
26 118
67 124
9 233
64 123
57 99
5 92
32 218
45 252
14 146
65 139
109 205
157 205
35 48
152 190
118 165
183 212
26 218
22 112
102 158
150 172
97 209
55 223
171 196
217 232
133 181
65 197
27 128
1 145
163 164
78 87
90 116
184 193
75 219
4 63
38 241
139 220
17 245
29 182
5 73
224 242
126 179
8 86
4 250
59 159
75 80
95 145
155 165
28 213
120 242
48 251
58 227
53 115
250 251
88 230
50 123
44 213
179 203
45 97
50 137
28 49
65 88
117 125
185 214
55 113
25 62
58 92
22 159
4 17
132 167
209 239
24 87
76 107
96 141
36 90
248 252
29 95
136 199
62 187
80 167
65 151
82 144
146 155
24 38
141 198
63 189
3 148
112 177
29 173
41 171
54 88
122 173
151 159
43 249
121 204
10 183
117 236
8 218
120 250
184 206
128 141
130 152
82 245
169 246
83 193
18 111
36 240
165 182
115 226
49 213
95 218
7 89
13 116
85 224
20 37
83 178
136 187
123 238
21 57
148 211
20 214
51 72
97 254
23 170
180 212
3 25
14 210
10 64
196 229
81 111
147 240
103 125
146 172
83 136
30 243
69 104
54 212
5 232
95 147
182 205
26 72
69 120
63 187
159 201
30 68
13 79
15 220
10 231
83 105
113 248
103 182
119 174
119 220
10 96
19 177
120 195
116 119
34 84
27 99
42 179
108 162
51 105
3 49
5 52
109 235
3 133
71 116
129 150
42 99
27 176
109 156
83 162
41 166
81 194
193 222
43 47
88 246
38 151
113 130
86 245
94 140
38 191
104 127
73 95
5 48
19 84
9 241
177 206
64 141
48 131
53 167
93 130
39 64
3 86
36 125
19 121
78 91
40 122
200 247
135 217
31 95
75 155
58 137
29 44
44 128
15 138
37 126
67 168
46 224
36 185
64 225
158 168
100 219
41 82
94 209
135 176
83 152
105 244
69 205
78 122
39 203
10 87
67 155
75 104
72 162
50 245
62 225
63 92
133 188
49 72
4 43
18 132
65 153
24 230
8 183
8 126
141 202
31 145
5 11
118 139
81 114
45 133
57 138
53 136
155 205
16 165
85 209
97 183
18 99
46 175
72 155
53 204
47 213
14 201
102 118
169 239
26 41
17 107
107 227
11 247
59 248
45 177
126 206
14 190
79 120
20 70
40 144
9 235
96 222
79 182
110 151
44 209
25 176
137 196
73 166
148 242
30 221
119 136
50 112
17 139
94 227
5 199
83 102
113 244
62 76
17 187
6 213
76 193
4 104
86 154
22 96
70 129
58 73
25 184
59 188
17 41
215 238
137 182
19 251
78 92
202 210
7 76
74 129
167 216
76 120
202 230
109 236
92 106
128 150
57 78
34 119
41 222
46 248
152 185
67 122
6 76
45 187
170 177
23 44
191 204
22 109
54 161
135 137
168 174
7 253
74 184
160 239
178 245
129 250
166 205
214 219
207 253
15 129
50 90
56 235
197 207
121 170
24 250
75 97
49 182
163 233
27 245
23 88
69 170
74 253
153 197
68 178
202 228
137 223
94 164
10 100
37 80
179 225
146 162
41 50
51 169
122 194
116 135
154 173
125 193
64 145
61 123
48 93
27 64
163 230
5 128
153 247
105 153
137 158
93 190
56 167
28 245
31 48
30 110
107 143
90 140
79 123
93 136
2 231
103 119
14 55
32 166
37 59
2 123
21 110
21 93
97 154
158 238
166 174
57 219
138 229
103 128
36 98
173 218
28 101
56 104
30 88
36 139
33 201
4 211
99 188
132 182
3 94
110 117
235 252
6 110
181 230
19 158
62 92
129 249
112 128
83 150
88 181
66 96
185 202
168 246
229 246
31 80
102 164
196 232
80 222
21 47
135 243
76 179
72 220
161 245
164 187
174 246
130 202
82 254
39 218
112 117
20 136
51 144
12 96
16 116
102 110
22 182
190 204
26 231
50 162
148 208
90 114
223 254
31 203
146 240
20 193
174 189
122 251
99 211
20 195
33 81
85 145
23 150
61 180
11 34
130 229
7 57
20 183
22 240
103 219
18 61
6 149
137 185
61 225
46 226
68 235
79 159
40 190
49 107
92 218
88 165
136 252
54 116
43 150
113 189
42 219
39 44
101 199
195 213
11 160
43 163
52 95
183 237
14 207
108 215
40 158
119 207
48 159
155 176
89 254
11 48
101 108
20 82
54 145
108 186
192 193
23 129
86 175
68 82
63 179
63 137
36 184
39 238
12 108
25 56
44 240
130 196
176 201
211 249
14 141
43 79
54 105
42 113
82 170
54 81
35 179
7 74
95 109
3 84
215 242
67 236
42 197
1 177
144 168
173 194
193 211
41 244
36 246
81 106
52 206
132 229
80 98
137 210
16 211
57 229
161 250
13 123
34 92
58 221
36 190
29 71
59 241
68 95
174 182
75 180
99 140
165 252
68 130
68 155
51 168
61 79
22 209
83 86
55 77
55 149
47 212
53 133
64 118
83 200
68 156
78 114
83 101
33 47
179 254
33 175
116 224
1 133
41 240
32 156
15 102
153 195
1 131
119 122
195 204
159 245
157 189
109 110
87 98
7 93
4 240
159 195
178 227
24 132
79 237
9 85
145 211
24 164
94 242
35 150
84 166
75 206
42 141
64 84
56 64
112 169
67 81
25 79
40 129
42 50
73 185
43 252
5 194
177 244
129 152
22 32
188 205
113 136
151 227
179 201
103 131
49 84
90 224
35 240
88 209
30 185
194 213
122 151
172 233
5 134
67 146
6 249
108 242
77 111
62 120
137 174
51 76
152 216
166 171
10 19
100 158
95 189
46 208
55 71
35 123
60 67
51 99
136 244
96 155
128 211
84 94
15 84
63 88
75 221
171 229
87 197
7 163
32 54
77 119
137 228
23 53
97 201
79 91
17 163
53 218
71 183
51 108
170 229
71 79
33 247
40 97
51 203
50 114
76 237
49 148
161 231
96 188
28 100
17 232
39 132
38 97
123 161
27 102
151 226
130 226
72 190
120 171
35 69
99 230
77 132
62 202
20 230
53 156
49 238
163 167
2 113
69 84
66 238
6 184
93 100
85 130
13 172
122 144
132 146
85 87
21 23
25 191
140 154
87 195
110 187
25 245
79 104
62 71
162 214
58 76
14 147
172 211
149 243
32 39
4 37
10 39
65 113
5 236
3 59
156 191
122 213
70 118
51 163
94 122
62 188
55 64
133 229
66 196
56 207
6 235
49 181
136 243
144 236
83 217
187 237
209 249
171 207
16 162
73 181
186 194
94 103
22 104
65 91
79 213
86 129
42 226
63 199
81 157
32 195
62 101
10 210
123 198
200 237
86 201
17 150
13 51
118 247
151 225
1 162
142 149
36 132
49 221
177 229
12 186
11 209
100 154
225 234
1 123
92 251
114 122
191 233
3 192
26 188
161 182
82 99
11 249
53 173
147 194
11 187
92 110
85 139
8 240
99 126
37 45
121 250
56 182
93 120
156 158
168 252
14 53
109 117
78 209
52 209
154 233
214 230
169 176
106 226
177 178
14 106
176 233
148 183
78 79
112 209
156 231
123 215
7 254
96 120
179 198
112 168
131 207
205 240
37 237
64 112
77 231
85 176
13 138
64 71
167 168
2 208
135 204
119 189
43 231
167 211
153 173
98 206
76 251
3 141
25 210
71 191
31 178
139 161
51 219
59 202
74 93
39 86
62 72
5 82
22 129
201 238
50 201
75 245
234 238
18 177
78 206
34 44
181 185
175 253
195 214
17 72
67 120
138 179
142 192
220 234
92 196
65 244
79 224
46 210
222 231
166 211
37 82
36 172
200 205
58 181
138 237
77 112
31 84
159 212
22 249
198 223
121 197
155 230
131 234
143 153
197 248
34 120
37 44
23 148
34 199
127 193
96 247
125 244
41 192
186 217
126 246
127 214
221 241
50 118
23 89
98 152
161 186
92 130
167 212
58 83
42 117
51 122
185 210
157 203
111 221
106 127
76 250
139 163
33 122
2 13
97 253
85 100
109 207
70 211
13 38
27 38
15 101
69 82
6 69
65 209
110 235
88 150
174 224
96 207
42 229
133 239
63 148
173 181
4 98
91 115
34 159
186 206
40 72
39 158
78 116
10 247
25 64
135 205
83 216
88 186
113 135
32 165
87 108
78 248
207 223
89 162
217 241
36 200
39 80
120 207
223 235
40 146
74 133
64 236
62 155
75 141
71 131
26 195
186 196
168 198
4 82
24 201
145 232
94 219
113 163
38 39
145 251
5 183
105 252
39 58
16 84
109 240
144 172
115 119
47 103
149 191
59 189
141 220
97 125
12 152
80 191
83 123
9 219
43 57
48 252
92 121
10 119
161 251
43 111
52 72
30 141
226 227
17 77
109 243
205 238
3 34
51 97
131 232
171 174
177 224
126 189
23 190
97 213
26 189
71 119
98 125
65 195
127 218
167 184
27 233
59 233
19 78
67 218
44 57
115 166
155 192
16 94
100 153
63 171
241 242
23 243
99 205
114 128
92 134
19 185
8 39
195 224
134 225
46 140
19 249
30 206
146 165
6 38
59 91
205 245
142 146
33 97
145 163
12 192
12 203
60 118
15 100
33 181
49 159
118 126
20 89
14 102
50 142
47 140
2 135
127 181
215 223
173 249
11 115
18 66
124 163
58 218
32 135
97 164
21 206
14 28
73 223
103 215
194 233
175 210
67 239
28 144
111 130
67 165
58 109
179 252
36 225
181 253
41 221
46 62
59 160
121 248
82 203
71 194
77 79
104 220
51 155
154 188
162 172
13 73
113 242
91 229
119 191
64 81
131 203
120 129
46 253
104 135
82 153
113 150
146 175
25 66
7 145
111 148
102 119
31 126
144 199
29 114
60 186
89 183
86 195
44 216
125 155
55 206
24 159
69 196
45 168
31 89
73 172
20 249
37 130
166 197
171 254
86 145
102 114
134 207
124 189
224 236
128 209
54 127
123 154
155 164
135 168
100 208
7 111
42 101
3 213
39 102
154 244
159 223
117 188
85 222
135 169
108 118
14 153
65 109
68 217
79 165
5 168
165 196
68 152
150 246
67 159
35 63
143 233
175 208
20 113
37 230
85 108
51 148
63 205
66 143
6 83
152 180
170 249
63 111
60 227
126 131
66 150
76 200
188 232
216 241
11 175
17 250
38 252
98 253
6 25
81 171
78 210
195 222
26 208
10 114
94 128
146 212
3 178
158 179
27 101
38 198
36 233
35 82
129 204
49 124
167 247
51 232
52 68
119 177
19 210
13 77
152 211
166 241
23 149
51 71
79 173
38 53
77 152
167 171
116 244
21 215
46 150
45 84
101 200
47 139
170 216
122 131
38 51
5 140
63 160
57 203
123 159
53 210
7 194
30 167
146 227
77 103
97 153
137 232
54 237
40 74
14 227
4 128
113 164
26 87
145 217
132 212
127 149
46 92
131 137
45 233
173 229
33 161
26 236
174 223
197 225
162 199
93 97
119 196
55 213
3 17
1 64
47 117
33 90
2 143
90 153
21 100
5 57
19 61
126 182
29 91
40 178
9 200
163 238
96 173
12 83
235 242
7 212
196 225
61 222
89 238
57 98
57 118
8 166
19 90
115 160
37 53
30 234
56 139
108 112
53 135
13 39
103 190
49 134
90 154
68 143
56 186
93 251
7 63
34 70
111 121
56 134
71 118
114 211
63 93
41 79
42 148
52 106
6 227
11 51
139 143
48 98
54 146
21 222
98 237
146 148
57 176
221 231
192 246
107 176
149 203
176 242
46 179
136 156
211 252
85 188
156 212
202 203
38 146
80 151
9 155
174 242
94 117
26 243
17 50
63 86
111 185
29 117
28 185
151 248
7 85
22 242
122 236
92 212
157 208
131 240
66 106
53 130
52 147
137 149
69 197
38 226
122 129
207 230
113 225
70 116
36 50
129 252
65 223
180 243
23 251
100 163
58 241
133 195
8 214
67 233
23 249
10 244
33 225
71 211
54 249
140 217
214 233
11 131
6 46
177 189
100 104
4 145
73 99
166 202
140 147
5 55
136 192
42 79
144 191
53 92
47 75
49 132
31 157
37 95
69 99
160 184
62 63
198 216
149 174
43 50
124 235
13 88
39 54
129 196
5 238
61 102
41 213
17 151
131 191
26 247
93 119
113 170
86 101
44 221
23 189
57 91
24 120
93 176
111 113
120 254
9 217
57 171
12 92
116 157
26 49
57 67
134 148
8 35
126 210
93 235
78 190
67 240
70 218
29 153
40 230
195 245
7 151
184 250
96 140
164 222
73 94
33 121
84 160
137 222
120 133
93 210
20 161
61 203
162 183
28 148
90 143
61 172
118 127
7 12
56 164
94 108
21 178
74 232
233 249
136 184
51 59
24 248
7 31
44 239
115 144
74 170
48 105
224 246
8 48
165 197
175 184
110 185
4 154
34 176
135 173
18 173
81 254
175 176
40 88
44 119
34 54
56 156
8 157
74 94
181 243
60 238
84 213
186 212
104 131
85 154
52 92
80 113
2 212
149 231
121 194
140 157
97 221
100 115
23 163
32 236
165 183
65 127
72 196
42 114
113 158
21 66
171 226
104 185
127 229
37 251
104 128
174 249
230 253
57 62
55 250
117 166
172 247
172 230
244 249
161 197
39 198
18 247
145 253
43 173
93 128
55 234
51 183
216 226
44 252
177 234
33 224
119 170
111 219
151 235
34 195
51 208
167 195
220 246
3 182
244 252
224 254
54 132
153 252
117 224
145 193
163 244
67 205
112 149
136 253
20 251
106 180
103 233
107 130
53 81
85 238
91 187
79 139
110 201
226 233
68 252
110 176
128 212
103 253
56 61
28 114
42 162
144 203
77 204
155 221
38 106
77 115
52 116
59 143
74 134
24 35
205 209
42 140
28 237
214 224
70 97
227 229
111 232
42 90
203 230
125 170
89 142
172 221
39 197
160 236
7 79
40 233
119 128
13 114
51 58
60 229
65 114
204 248
60 148
240 251
42 56
36 88
107 196
60 84
96 194
15 131
93 146
16 92
29 247
113 176
29 130
30 90
146 253
123 220
144 174
7 252
63 139
189 252
244 250
45 132
68 249
189 208
33 222
58 124
37 98
191 253
57 207
90 115
38 78
184 213
183 246
84 104
237 246
36 118
38 132
177 246
8 198
241 244
246 253
46 161
118 252
63 173
3 236
21 101
8 46
82 178
51 157
8 150
30 225
98 126
137 253
53 87
163 192
110 253
23 35
31 200
101 168
96 156
120 201
48 176
1 147
118 214
97 132
20 225
19 52
62 183
17 73
147 221
90 105
190 240
6 9
75 202
1 158
213 214
53 106
17 222
77 211
23 181
124 137
246 247
29 165
41 178
17 46
67 206
8 250
19 139
29 172
29 164
226 250
1 96
117 222
78 99
8 85
4 212
198 219
30 191
30 208
58 171
65 242
156 251
55 152
242 243
63 87
144 230
191 194
113 205
35 43
146 201
81 156
70 175
18 208
152 200
37 181
146 200
59 98
134 230
40 45
21 104
40 196
23 191
183 188
55 98
39 67
243 248
172 244
93 102
27 76
16 168
157 245
31 97
74 250
128 203
36 147
110 152
58 61
65 108
40 155
214 225
49 117
36 154
111 153
50 53
172 237
96 118
111 244
102 154
139 246
75 117
133 140
107 157
162 216
10 23
57 230
185 212
54 219
182 187
105 228
118 237
10 206
148 239
94 107
137 211
131 132
150 173
124 142
18 180
190 254
4 132
136 225
16 114
50 89
164 232
45 138
24 187
185 209
25 223
78 211
20 124
38 153
56 147
56 72
7 27
16 246
112 136
28 132
143 227
154 179
59 183
64 129
37 109
123 241
45 82
59 132
136 153
55 188
72 195
91 211
18 33
114 226
190 228
124 179
75 108
81 166
16 175
33 206
106 188
87 247
190 249
16 161
3 128
128 205
18 246
4 65
154 197
12 142
20 156
12 167
167 193
91 120
123 146
219 222
22 210
89 155
80 223
79 106
126 128
27 87
71 137
9 225
102 178
79 225
59 190
174 243
22 141
42 85
174 240
120 128
154 232
187 204
5 164
108 139
41 104
55 118
8 172
40 43
57 198
100 207
87 204
186 224
92 225
16 70
4 133
139 224
32 177
79 247
20 150
12 170
99 162
130 227
140 192
26 76
10 97
17 135
81 104
98 225
54 60
78 241
44 106
66 116
37 215
24 155
15 107
135 148
131 249
140 160
47 100
25 162
31 59
131 218
159 231
138 171
220 242
34 162
90 112
170 226
53 155
28 36
135 152
46 87
149 195
181 217
74 78
198 231
22 58
33 253
165 218
18 154
74 208
35 41
129 242
3 93
31 195
43 152
4 161
39 53
106 133
158 195
87 181
23 105
60 223
84 221
75 139
16 62
63 204
59 81
20 226
76 85
56 123
16 49
181 250
37 151
26 163
149 180
58 91
117 163
192 234
50 92
69 250
26 238
61 145
54 112
151 242
17 148
44 153
49 55
131 192
49 82
77 242
47 190
118 142
116 204
202 219
65 228
174 209
35 78
39 233
21 40
45 95
105 128
89 93
40 58
45 226
168 227
106 204
135 219
62 247
54 82
126 196
13 105
145 172
45 125
43 117
16 163
128 227
62 178
10 209
91 234
107 246
234 247
86 203
53 203
102 216
43 147
67 191
90 218
137 246
229 254
56 227
18 65
78 93
57 129
135 153
3 132
14 52
117 207
71 221
8 173
103 194
19 144
92 217
50 210
12 22
62 201
133 233
13 254
106 211
2 219
111 233
108 245
148 248
84 137
194 243
119 151
134 226
68 171
21 201
158 235
29 36
84 147
97 219
196 198
8 54
137 233
32 224
7 72
66 100
17 111
