300 299
107 182
15 187
21 155
230 297
17 224
86 152
225 229
108 147
108 277
28 171
184 239
104 140
41 124
186 291
28 295
69 147
185 293
74 188
224 275
14 168
130 168
150 185
177 185
51 261
207 251
146 240
97 99
84 219
20 154
142 254
16 191
56 190
151 215
15 87
121 220
19 299
29 126
46 188
122 184
61 290
2 141
24 238
63 83
111 194
175 300
30 290
210 274
48 150
140 204
118 147
28 156
46 127
86 278
18 173
84 224
40 105
66 153
27 212
192 196
161 172
19 106
19 47
9 165
35 285
147 220
29 294
78 129
29 111
53 83
127 205
103 300
83 108
13 69
89 163
128 264
34 47
104 143
260 281
224 277
109 120
52 165
33 64
147 280
39 234
18 50
47 187
147 296
171 243
145 161
50 104
59 157
40 74
121 231
8 177
155 270
86 187
247 249
17 44
97 105
53 182
108 137
117 183
170 295
36 188
137 234
6 118
69 111
5 134
125 139
183 284
102 287
97 271
71 191
86 102
3 60
176 221
166 268
152 209
27 246
215 241
182 233
41 102
74 191
1 288
77 222
2 7
235 295
228 277
69 185
174 245
145 153
24 161
110 215
113 229
123 260
93 191
47 215
20 111
84 284
103 244
96 187
145 187
164 208
28 202
35 92
253 295
10 101
259 289
100 131
125 215
100 232
43 67
15 116
131 245
84 203
105 213
171 195
226 246
83 138
119 237
94 110
119 211
220 235
178 273
27 135
27 240
164 282
109 280
51 141
206 227
59 257
124 268
80 262
165 251
73 117
70 257
42 84
14 103
103 115
12 224
139 200
82 180
22 280
28 255
46 90
265 290
95 284
37 217
119 147
18 64
35 198
75 251
49 222
30 41
2 30
257 288
186 278
74 114
206 274
74 91
38 265
264 295
125 217
32 271
133 178
178 256
82 190
246 267
101 259
88 289
67 296
3 215
22 197
81 261
15 112
86 272
134 148
76 215
122 263
288 292
128 181
57 150
154 250
83 102
11 84
4 134
119 199
76 225
75 144
170 230
64 279
62 254
68 83
117 193
104 269
59 85
103 286
29 263
132 192
183 248
41 134
53 155
191 262
162 201
19 35
136 283
135 252
78 281
25 242
63 262
83 192
190 220
76 179
77 185
182 189
160 262
50 206
159 278
165 275
65 278
160 208
190 214
17 249
216 275
26 215
221 234
45 187
72 188
63 100
279 280
122 169
18 98
266 275
31 120
78 89
85 281
62 63
297 298
29 79
18 276
154 158
46 258
58 98
102 283
152 256
167 204
71 201
103 183
140 149
41 85
54 121
23 215
289 291
86 236
55 208
209 223
108 242
27 151
150 218
