32 249
14 17
4 7
3 10
16 17
22 27
9 13
16 28
21 26
1 12
9 16
8 10
9 11
5 28
12 15
3 4
4 24
8 12
20 25
29 30
15 20
15 21
17 25
8 32
3 7
6 23
12 24
13 14
1 16
9 29
15 30
6 26
24 28
3 8
1 10
20 30
4 6
18 29
12 16
18 21
8 20
17 24
5 14
27 30
2 9
2 22
21 24
1 22
15 18
13 28
7 31
7 30
14 25
1 3
9 27
28 29
17 30
4 19
18 20
3 26
30 32
9 32
25 27
11 28
8 18
21 30
29 31
5 9
19 31
3 15
8 26
18 30
2 3
10 30
8 13
5 20
16 25
9 18
18 23
9 17
7 11
25 26
3 31
15 32
12 32
28 30
7 13
3 19
10 21
13 29
19 26
4 9
6 32
11 21
14 19
2 31
4 22
9 31
11 25
6 12
14 26
11 16
1 32
17 26
21 22
2 13
21 32
5 10
17 23
3 18
9 28
4 8
1 9
8 30
16 30
10 26
4 20
23 29
9 20
4 21
1 26
11 27
17 27
8 27
23 27
11 18
1 23
6 29
8 11
20 31
4 14
4 32
17 19
23 26
13 20
23 32
7 24
12 27
2 12
17 32
4 13
27 29
18 25
15 19
25 30
8 19
7 15
18 27
16 18
10 23
11 24
12 23
17 21
17 29
11 23
13 21
23 24
22 30
4 30
21 27
22 29
1 27
10 31
12 18
27 32
22 26
18 28
11 30
19 32
13 24
2 23
9 22
1 2
15 25
6 19
27 28
8 25
10 28
30 31
15 17
19 27
3 24
2 30
7 20
6 7
3 14
7 29
7 25
3 32
8 17
16 22
7 23
28 31
18 32
11 12
1 5
23 30
10 11
13 19
6 13
7 14
13 26
1 31
3 21
7 27
9 19
14 28
14 18
25 32
3 20
22 24
16 27
20 29
8 29
10 12
10 20
12 13
7 21
2 14
24 25
10 16
12 28
24 26
19 24
9 21
12 26
11 29
14 27
19 22
1 4
17 22
21 29
8 31
6 24
4 26
3 22
20 28
7 10
8 22
2 5
15 28
24 32
18 22
3 9
22 23
6 10
13 18
3 25
2 7
10 17
