166 7019
65 99
9 157
131 132
7 159
71 83
39 166
73 124
49 94
15 65
69 138
51 125
25 124
44 154
51 110
32 76
139 149
45 142
16 161
13 149
8 79
61 135
30 45
64 151
101 104
1 141
74 137
41 93
43 53
28 165
24 154
5 34
70 113
43 92
87 130
33 54
24 40
103 123
124 157
99 156
9 95
10 31
14 120
57 130
29 153
30 78
11 106
16 24
139 162
153 154
91 110
17 130
60 97
130 164
40 95
5 6
35 74
1 149
122 155
73 138
65 74
74 77
104 119
116 138
132 154
27 164
147 162
40 120
110 118
13 63
12 131
55 158
22 99
1 126
41 129
7 96
12 29
72 75
3 69
129 130
15 92
27 64
7 163
44 147
4 6
10 67
12 87
3 142
73 152
6 82
1 137
47 130
37 42
133 165
116 137
5 155
16 138
40 137
7 22
42 93
132 164
28 66
119 145
67 100
47 128
103 157
136 165
60 91
54 116
84 152
26 104
5 79
7 100
10 152
48 139
9 73
125 149
111 113
1 10
50 147
134 136
31 61
32 48
102 140
100 157
2 53
11 61
55 87
38 82
28 137
13 144
44 69
102 122
10 110
116 142
100 119
9 114
75 90
27 158
42 131
16 140
77 141
69 144
116 148
16 61
8 97
119 150
82 104
2 13
52 59
68 84
28 158
13 18
1 16
14 49
131 144
26 119
111 114
36 55
49 165
55 109
20 71
74 88
32 34
91 93
44 66
30 70
78 94
66 158
18 56
79 135
51 114
13 134
140 149
46 97
40 89
1 118
81 91
68 149
25 33
88 89
12 15
35 81
30 144
82 153
50 151
14 15
52 141
43 50
1 101
81 119
16 38
133 151
70 93
33 153
17 110
31 44
71 107
4 72
15 100
3 14
39 100
65 133
132 137
9 124
23 144
92 159
30 132
33 146
87 119
114 118
49 134
33 36
85 127
25 86
60 62
39 90
17 30
75 113
72 99
3 50
12 156
39 102
54 146
12 45
21 148
113 133
5 43
129 131
28 40
63 151
138 157
8 83
50 56
111 148
20 100
33 45
4 48
57 110
29 82
33 75
61 116
36 141
94 115
41 131
8 63
30 135
88 119
23 47
92 97
34 83
6 146
17 22
20 152
142 162
27 101
83 153
30 55
31 32
27 45
46 162
78 152
20 25
76 95
33 115
15 27
40 163
44 93
56 116
119 136
35 59
99 144
54 90
54 78
12 111
61 154
19 32
23 153
6 166
26 117
146 152
23 25
25 98
54 84
23 83
19 50
6 81
98 152
88 140
116 144
63 159
10 148
12 98
18 38
53 155
27 84
106 156
76 124
15 69
84 132
24 56
1 23
60 82
30 63
123 124
105 159
41 148
19 33
68 150
149 166
28 56
85 144
48 163
16 36
112 166
104 153
30 134
82 86
30 71
21 57
42 102
26 162
1 50
81 151
53 76
69 111
22 146
129 148
5 65
148 163
89 143
7 29
77 111
47 81
63 163
62 145
29 44
106 119
69 120
45 58
66 105
89 101
35 86
57 125
129 153
53 100
45 119
24 71
64 74
67 93
63 113
104 151
90 129
77 161
26 51
101 125
14 30
33 121
26 140
86 96
5 103
72 104
23 125
39 46
32 72
57 149
46 151
49 51
61 166
94 163
15 40
16 29
123 135
105 141
31 103
60 111
119 120
47 75
27 153
133 147
67 74
4 35
29 110
81 89
87 107
54 66
101 137
85 136
75 105
50 132
29 152
18 106
109 115
14 94
6 43
3 45
23 165
127 130
28 157
43 137
87 92
93 150
6 69
48 132
41 49
106 120
99 123
44 151
23 163
74 126
31 64
75 136
41 124
87 140
37 99
56 102
81 103
100 105
47 106
72 86
164 165
78 135
40 164
76 81
64 77
76 148
40 101
64 91
77 113
112 158
25 128
131 145
88 100
48 143
4 111
140 158
41 106
55 67
75 121
1 19
53 90
136 159
42 74
45 62
18 64
82 123
20 54
78 156
53 103
30 41
33 148
12 32
140 142
82 152
45 84
32 113
65 161
103 150
70 118
126 134
65 136
36 96
73 129
20 52
54 82
105 125
56 94
45 99
59 75
32 120
124 166
126 160
116 146
34 39
46 79
74 110
103 166
46 160
30 81
13 32
39 59
139 161
13 83
42 62
15 146
28 73
55 160
63 87
91 101
4 88
53 113
10 80
73 146
8 10
75 77
5 25
75 161
95 153
1 88
66 92
26 71
37 103
23 94
31 51
9 121
8 132
57 164
59 140
5 126
63 73
30 88
48 85
10 146
79 139
110 128
4 146
49 106
137 161
16 153
10 121
97 151
26 82
22 120
10 112
37 165
20 67
27 75
72 124
62 63
4 75
53 136
135 165
27 56
1 155
32 151
3 152
72 83
26 58
7 134
60 122
26 101
3 154
50 157
118 151
32 145
117 138
18 70
42 121
62 87
43 162
59 117
63 92
68 106
89 149
157 160
93 114
25 51
29 161
16 158
41 114
45 47
73 154
34 166
67 76
80 161
69 154
86 93
14 158
47 58
2 99
6 41
55 75
45 93
47 125
18 140
78 143
44 48
15 136
23 108
139 154
26 78
86 114
44 156
112 164
33 120
50 150
34 117
39 129
53 94
9 60
101 134
130 160
27 63
38 143
7 59
11 39
120 134
41 107
92 160
74 86
56 77
21 31
76 93
2 40
72 93
23 66
26 80
55 156
21 47
68 85
13 137
32 62
18 24
4 62
33 158
53 161
112 130
40 90
16 97
32 38
79 114
76 111
1 115
89 159
106 130
118 130
28 101
78 125
59 151
130 131
110 152
33 99
23 111
24 100
43 145
34 43
5 125
23 24
11 65
79 108
56 110
2 154
63 77
108 151
91 105
51 71
61 78
96 111
133 144
5 102
57 154
22 107
7 68
26 135
50 119
19 165
151 159
19 111
17 144
108 127
10 124
108 164
44 110
66 134
36 52
23 110
9 123
50 95
99 149
18 162
5 120
12 64
2 129
135 148
74 114
44 132
50 146
60 98
80 143
42 154
117 120
58 93
49 96
15 88
25 162
100 137
127 148
103 131
68 88
96 143
137 159
60 108
9 41
68 102
67 140
11 62
51 62
53 162
119 123
13 31
65 121
120 128
36 161
11 156
44 117
39 131
25 160
91 166
1 67
31 144
1 139
62 118
88 139
83 101
65 78
57 153
50 160
24 47
112 116
67 78
46 69
54 74
33 104
13 138
35 54
13 121
141 160
58 113
15 73
19 146
157 163
47 59
13 143
81 140
112 162
78 147
28 115
14 62
28 89
8 53
6 145
66 133
63 64
35 137
45 89
5 67
38 124
28 87
134 155
50 144
26 33
61 124
45 129
8 86
7 45
32 49
19 27
136 139
9 75
16 100
54 156
22 110
71 155
40 77
85 163
21 87
22 28
23 67
17 158
45 67
75 147
25 144
56 146
10 63
20 158
52 107
86 133
155 162
82 145
35 68
11 94
17 77
32 88
98 135
15 139
84 110
32 133
106 153
135 142
5 113
117 121
47 49
82 102
105 113
137 138
69 73
47 154
65 82
60 128
146 149
75 116
85 110
29 33
95 160
48 61
25 62
16 83
114 127
129 159
42 119
88 116
126 133
54 104
66 108
20 74
31 88
61 157
12 42
99 136
40 119
42 66
55 118
58 136
53 140
27 48
156 161
20 157
106 146
11 116
101 127
15 86
45 157
73 148
111 151
3 73
68 86
70 79
57 155
108 159
145 163
134 141
2 139
126 136
95 147
66 84
72 157
15 82
75 157
88 112
77 164
83 89
88 136
93 123
154 158
6 126
25 65
19 40
63 149
75 140
53 70
42 101
99 160
19 72
76 97
39 95
4 86
28 123
9 40
26 151
67 134
6 132
20 50
5 159
26 99
44 76
125 132
83 105
48 70
127 129
17 138
37 163
44 123
48 147
89 129
42 156
97 166
26 54
1 36
88 118
58 62
69 101
88 108
63 97
9 59
52 159
68 164
107 140
69 97
122 137
56 58
144 148
14 162
39 146
74 123
19 103
150 157
70 149
29 70
14 104
11 158
48 157
30 90
66 138
69 136
46 102
26 144
48 57
81 108
49 60
94 130
51 138
116 164
69 150
1 26
63 131
15 155
24 110
37 85
30 80
88 106
66 112
72 81
19 58
102 134
56 166
151 154
13 147
52 139
24 120
44 146
39 54
67 159
7 152
110 114
34 98
3 22
97 98
3 144
4 140
32 50
26 149
11 126
21 162
93 100
16 30
82 114
43 96
99 153
18 75
27 134
16 68
80 149
119 160
46 157
43 63
41 73
22 165
129 158
15 95
9 117
22 116
79 158
79 156
1 68
36 49
87 110
128 144
30 94
68 120
42 164
37 119
30 86
37 90
102 147
108 152
100 113
71 145
13 118
26 76
52 88
39 130
75 85
106 161
70 85
52 120
41 47
38 81
154 155
1 147
6 30
39 147
115 137
96 146
129 135
87 134
20 75
16 111
25 157
71 103
40 129
35 51
19 89
39 114
16 136
98 150
131 155
47 82
3 147
55 135
45 159
100 129
94 139
5 124
25 85
1 160
64 94
62 100
69 166
125 162
122 165
38 51
16 50
81 93
91 106
52 116
70 123
78 129
2 84
91 140
112 128
15 52
127 142
3 72
89 135
26 142
114 132
129 163
93 138
65 149
71 106
39 117
71 76
99 101
66 113
10 41
39 105
18 60
93 160
18 59
55 161
125 160
107 134
80 136
44 119
85 100
8 101
121 160
47 107
57 144
99 127
13 25
35 88
54 88
68 127
106 139
97 143
47 135
28 102
131 162
67 104
115 120
62 91
58 123
127 151
57 59
30 113
60 152
91 154
18 100
68 103
24 145
42 84
67 150
32 118
155 166
39 68
51 155
32 155
126 139
22 133
19 131
10 15
92 124
27 49
9 29
102 112
77 165
59 113
3 102
75 122
4 105
31 116
48 156
39 152
91 143
41 112
28 82
23 148
146 151
133 139
158 165
74 132
104 150
32 95
57 145
19 77
84 85
51 52
23 141
9 68
16 90
7 160
72 116
45 56
68 121
22 76
64 125
28 65
38 126
61 113
34 71
37 122
86 161
16 88
20 60
86 104
46 50
139 153
99 134
19 84
24 106
43 51
55 86
9 97
147 164
1 120
81 135
69 84
115 128
42 76
45 103
58 126
98 156
59 62
53 157
36 71
34 99
14 79
48 79
138 164
19 48
90 128
84 112
126 165
6 72
67 98
114 152
88 132
75 145
10 116
116 121
92 134
63 157
30 49
37 76
47 123
4 67
63 114
74 99
75 102
48 159
93 156
53 132
53 88
110 148
96 152
47 55
38 99
31 73
50 67
24 146
35 82
31 82
65 146
26 92
19 158
64 112
52 61
23 34
48 65
146 147
57 67
63 104
57 108
68 137
35 106
111 146
129 157
67 111
76 134
113 129
72 155
139 141
16 104
15 120
54 95
64 72
5 77
26 147
43 111
2 26
27 36
31 152
48 133
112 156
12 140
44 63
100 115
41 78
61 109
33 163
76 125
59 155
49 143
64 147
28 103
56 124
89 123
2 128
52 158
113 160
68 112
15 123
48 160
24 87
45 79
72 139
19 157
63 147
18 141
88 150
23 120
5 163
32 69
30 33
16 123
26 32
102 106
34 161
19 155
48 103
9 107
119 147
106 112
21 62
9 106
15 129
16 58
9 50
42 85
31 80
40 128
115 139
13 124
57 165
38 115
11 90
12 88
30 127
79 83
78 99
39 75
20 165
89 133
10 44
45 164
6 56
63 162
89 112
96 122
143 145
58 83
107 132
17 159
6 106
36 40
7 85
51 158
141 165
58 127
91 129
10 18
53 54
86 146
103 139
119 141
2 6
74 76
62 111
67 122
24 54
133 159
27 105
31 120
37 82
45 59
81 164
48 66
33 113
2 118
9 15
4 136
99 122
2 19
19 134
134 161
26 38
72 103
21 96
93 125
48 155
8 138
21 113
39 82
13 80
88 92
38 140
55 110
41 45
35 77
59 138
127 153
21 48
35 133
106 133
41 142
17 76
51 94
3 141
4 91
82 159
57 134
99 140
34 163
90 151
148 152
11 70
19 47
94 140
60 73
28 49
12 149
4 78
57 162
147 155
5 17
8 81
19 133
64 107
37 71
46 57
32 103
37 80
43 158
29 53
107 113
31 160
42 58
46 156
7 41
144 164
20 124
2 61
98 114
56 92
18 73
86 143
8 68
1 28
28 62
30 118
102 153
98 110
112 149
19 61
21 112
51 61
19 80
24 74
13 82
78 159
56 160
3 159
95 113
71 146
9 151
39 138
4 89
20 43
90 93
150 166
137 165
16 131
43 116
142 166
28 132
61 95
41 88
34 48
58 151
12 133
10 79
47 161
117 166
160 161
58 125
85 164
104 147
6 76
65 93
28 60
68 78
45 111
94 99
20 82
40 106
6 164
85 155
12 83
4 84
51 81
60 100
25 82
24 163
76 132
39 110
91 145
38 157
15 89
87 149
31 37
121 127
31 75
67 91
9 88
57 106
19 75
25 135
38 101
13 141
34 119
86 134
6 11
22 36
48 92
45 77
15 68
38 59
16 130
134 163
40 147
70 152
41 125
9 153
73 76
59 147
10 106
40 149
40 87
30 116
119 166
20 97
8 150
14 53
85 124
2 54
74 84
53 131
44 58
79 159
82 110
31 41
69 123
130 132
56 126
41 138
21 51
118 154
69 121
32 97
106 157
94 134
6 15
26 115
35 105
46 101
50 114
21 97
24 115
80 105
13 132
28 95
59 84
91 159
78 79
10 95
150 158
83 158
94 126
96 121
84 165
1 163
57 64
119 146
17 129
70 112
45 117
69 117
134 152
46 64
31 85
93 141
92 146
120 147
48 121
13 98
68 73
105 156
17 41
6 161
35 108
116 139
144 153
108 136
30 149
50 122
127 160
53 126
40 65
145 147
41 166
36 83
41 86
71 151
91 130
31 131
77 109
29 148
117 154
31 110
136 166
61 151
119 133
27 132
56 143
9 115
18 133
41 74
112 121
55 102
32 124
4 45
62 67
86 138
19 114
135 153
7 117
14 100
74 128
28 100
51 116
1 18
44 64
29 78
21 82
49 117
31 89
56 82
90 130
30 156
13 74
92 122
120 148
100 152
67 105
135 138
3 132
28 91
93 97
101 151
35 55
43 81
27 141
55 79
3 39
19 82
6 70
15 128
128 151
25 166
13 135
86 127
136 158
50 104
24 83
64 166
12 108
43 75
97 104
129 154
91 146
88 158
52 138
49 108
15 96
8 124
48 49
16 77
63 136
106 158
117 124
24 122
1 41
75 88
38 43
24 32
67 115
98 153
114 134
1 80
66 122
101 163
3 74
78 134
53 164
50 126
5 69
85 132
89 125
8 64
81 154
74 158
41 57
127 137
141 158
2 106
93 145
95 123
74 125
68 166
140 150
56 93
105 118
69 148
36 60
20 148
47 115
78 96
16 156
37 118
15 41
79 98
27 39
129 141
9 113
145 153
49 62
52 97
9 38
92 112
112 160
38 65
24 142
12 84
29 157
10 111
102 116
8 20
10 39
117 152
52 85
22 93
45 160
2 8
60 109
39 83
51 157
93 134
38 138
44 59
44 130
73 110
9 87
17 125
150 160
56 70
115 155
74 135
6 33
55 139
35 43
36 38
16 60
94 97
11 63
45 66
21 105
62 161
13 113
18 113
50 72
23 68
8 146
35 147
32 111
62 89
90 99
54 125
31 118
90 146
100 166
10 97
58 117
109 152
127 135
39 135
68 159
1 72
90 124
8 48
25 129
70 143
80 157
44 53
25 59
53 129
56 113
6 17
23 35
88 147
80 82
78 97
60 149
73 128
4 119
32 141
30 102
27 151
101 152
74 91
5 135
21 76
93 143
5 53
24 73
109 111
76 128
24 52
6 83
99 135
10 76
12 116
84 149
33 74
119 156
10 160
19 45
79 151
30 138
23 29
71 81
1 94
2 159
100 162
75 139
5 68
31 84
17 33
44 51
76 106
36 65
147 150
38 83
51 137
85 126
139 166
78 98
77 123
1 109
143 163
29 62
73 149
100 108
15 108
35 149
143 154
86 129
110 130
83 114
78 82
103 143
87 136
64 96
34 125
40 136
59 152
39 42
81 124
89 144
19 159
104 143
5 82
25 88
54 115
60 142
79 155
76 155
7 133
101 159
87 147
80 127
44 85
68 125
12 134
56 122
104 163
45 87
67 129
85 151
33 86
28 111
7 54
38 152
8 36
74 144
3 117
84 155
4 114
72 76
26 27
62 155
93 105
55 101
38 85
28 67
79 119
31 156
16 47
32 132
27 128
26 28
53 137
2 158
118 134
52 161
40 139
136 155
30 42
25 151
48 55
16 69
69 156
35 87
30 69
107 165
21 24
37 148
130 153
10 69
64 70
10 135
34 97
91 147
21 156
10 91
29 117
97 161
48 69
71 131
60 83
56 66
29 39
12 30
107 116
105 166
34 55
107 160
5 52
6 9
68 97
16 84
29 84
6 163
103 115
26 74
2 164
138 159
95 144
69 91
35 129
153 157
20 145
69 114
18 51
12 153
27 139
121 132
45 126
15 61
131 164
3 11
19 164
89 107
42 57
30 148
21 58
44 70
24 117
2 147
107 141
47 112
71 163
21 68
58 112
74 146
90 116
128 157
31 147
142 152
39 139
1 96
10 74
69 142
70 103
43 72
59 66
4 98
44 138
19 53
27 86
10 119
87 95
7 81
47 51
56 120
6 85
10 125
120 141
36 146
51 118
153 164
72 145
35 89
11 108
8 34
69 88
87 103
14 26
84 89
147 166
102 157
105 157
77 130
19 31
53 109
60 155
1 100
82 165
1 5
84 101
111 120
61 66
32 42
94 104
6 122
77 132
105 128
13 14
17 51
12 120
54 152
25 47
79 133
19 95
5 30
109 121
85 123
79 116
135 146
32 46
139 147
22 30
123 125
5 83
73 139
7 87
38 149
106 117
44 143
23 37
152 161
13 53
103 109
114 125
3 95
19 87
31 86
46 84
48 140
2 152
86 92
87 126
16 132
97 150
19 46
92 157
96 130
93 161
7 156
156 160
49 107
26 102
51 143
9 70
55 107
64 113
45 71
9 164
84 129
62 81
83 148
25 42
10 46
8 42
16 37
19 92
79 82
17 82
106 138
139 143
92 166
127 152
22 70
40 131
59 74
21 72
98 157
25 66
82 136
33 140
65 142
3 53
66 88
24 64
43 166
83 107
69 106
46 104
11 164
11 80
94 141
88 104
79 109
96 155
88 151
7 17
103 108
2 98
47 138
93 111
73 92
10 104
20 131
56 101
26 59
12 34
41 76
24 35
14 74
73 135
80 148
15 99
92 162
34 62
52 68
124 134
80 125
23 166
50 164
7 149
102 104
39 126
86 145
35 67
122 160
8 148
49 129
156 164
73 136
81 128
59 142
48 144
71 99
114 161
68 96
115 152
144 149
1 158
95 165
125 164
7 33
22 75
81 99
51 82
31 68
62 76
41 80
109 120
17 152
1 129
62 163
85 104
81 121
97 136
86 94
43 76
114 158
24 158
18 83
43 61
12 117
98 163
99 142
10 86
44 145
23 97
50 112
125 148
9 138
18 79
101 164
29 150
41 61
28 52
3 162
43 144
5 10
14 96
70 114
42 68
36 37
38 52
17 81
43 89
117 131
105 164
1 95
39 158
51 130
11 136
8 74
1 31
39 149
73 89
58 155
70 166
83 160
70 138
102 111
44 86
18 120
10 54
16 139
51 102
14 108
79 113
127 144
79 101
83 140
29 160
42 98
44 140
130 161
8 149
132 149
81 98
38 120
104 113
43 64
76 145
117 161
20 77
109 127
160 165
60 105
40 113
40 45
10 11
41 84
87 155
23 105
26 68
54 123
3 48
117 137
26 84
15 115
97 103
93 135
57 120
78 88
69 95
10 60
74 81
25 138
30 60
6 16
103 129
93 130
62 113
39 145
26 52
104 165
99 138
64 100
100 123
3 104
58 96
20 160
34 88
55 154
13 92
50 98
15 54
27 57
40 135
2 82
35 140
81 122
39 45
83 100
14 121
49 148
5 56
83 157
9 80
15 29
37 115
43 120
76 110
62 102
146 156
136 144
2 96
140 155
28 144
96 133
36 97
29 54
33 60
28 69
10 114
86 103
106 137
13 59
111 156
106 163
89 165
85 149
77 159
13 50
93 116
70 132
64 149
3 113
143 160
13 164
1 84
42 83
28 162
62 143
32 51
13 154
14 57
70 87
42 103
152 160
112 152
28 164
80 93
43 101
40 96
67 152
89 132
103 134
23 31
89 162
65 68
56 152
122 149
142 151
2 25
118 135
19 35
21 139
77 124
98 154
5 85
137 141
69 113
98 160
57 124
58 61
32 64
26 152
25 72
97 149
39 98
86 140
100 159
34 133
40 83
15 64
62 65
41 105
117 144
23 96
61 85
32 96
68 70
89 100
132 166
71 82
38 88
20 134
31 150
23 84
8 9
2 87
56 75
4 26
21 39
31 87
18 134
107 161
18 71
157 162
90 139
56 153
102 143
65 108
130 145
85 162
121 130
44 84
30 99
87 141
122 124
75 111
67 120
10 98
131 136
36 115
140 145
22 26
109 133
27 71
6 156
73 141
71 97
111 129
68 108
43 54
49 89
102 142
43 143
53 125
9 54
78 157
78 126
24 104
111 143
64 157
72 89
125 142
8 32
11 84
25 152
24 129
96 105
20 110
99 124
12 165
2 20
142 164
11 59
3 60
65 138
56 134
65 114
87 98
26 150
127 134
30 143
116 151
54 112
71 114
128 166
2 145
64 133
96 154
37 149
24 109
33 136
142 158
13 34
87 142
37 143
6 114
66 94
93 136
28 160
10 136
37 62
114 146
80 163
68 95
81 147
45 75
24 66
52 60
101 112
57 95
34 121
97 107
119 134
4 165
20 101
107 109
15 44
32 107
33 164
117 155
10 109
38 97
47 140
51 96
52 77
22 136
45 163
125 158
11 79
15 107
66 79
60 74
58 111
5 152
105 107
2 14
14 61
2 86
16 99
143 149
30 87
47 136
92 127
63 110
31 132
147 153
55 108
51 68
82 95
38 42
62 106
159 163
34 72
11 111
68 151
83 113
73 162
120 163
102 108
31 125
101 165
4 135
49 144
71 121
25 84
26 153
37 123
6 128
80 95
61 130
14 118
128 156
40 143
128 160
14 71
26 143
51 55
4 43
132 135
79 86
9 159
55 127
48 119
16 151
90 122
54 55
59 92
93 98
76 166
34 134
48 146
49 61
125 154
4 96
45 69
94 121
135 159
42 44
94 100
66 135
59 73
76 100
20 102
20 105
108 119
2 62
120 140
68 118
105 145
62 120
50 75
122 158
16 43
16 94
7 153
75 127
89 110
95 135
3 105
74 124
27 28
69 112
33 65
35 164
38 96
104 160
9 133
65 144
48 75
139 164
30 36
56 73
21 92
63 79
66 77
111 127
101 155
56 83
109 142
35 42
9 18
41 122
1 127
49 83
54 121
70 160
9 83
40 126
11 109
33 58
62 124
14 149
94 118
40 68
127 141
21 80
76 165
116 130
73 161
24 134
11 45
147 163
91 108
79 142
9 160
20 126
28 57
60 158
22 83
80 129
9 135
9 145
116 126
5 108
2 156
35 158
100 132
95 150
135 166
95 140
82 151
1 162
70 107
4 42
21 109
44 155
76 143
81 105
54 166
103 135
45 49
67 77
29 79
25 161
2 105
92 161
33 51
132 161
129 139
87 138
13 96
94 154
74 145
32 139
103 118
33 91
76 141
69 146
55 155
96 145
37 57
44 153
91 119
13 130
50 120
91 148
69 139
17 25
143 148
97 129
3 28
20 115
10 35
87 166
36 62
54 143
76 162
77 160
29 144
94 103
34 75
28 131
14 101
77 156
33 118
149 153
27 155
81 143
77 106
36 98
14 134
31 58
54 163
102 130
117 147
9 44
42 104
79 111
73 122
152 157
21 30
9 118
100 142
44 126
70 156
30 31
148 154
100 140
77 87
142 165
17 102
51 84
85 96
47 100
52 114
115 118
32 77
55 142
3 16
132 138
105 109
23 50
70 130
30 52
34 113
72 154
27 96
48 152
111 125
87 165
18 164
78 151
50 68
90 164
24 46
143 158
67 151
24 86
117 162
79 92
59 100
121 134
49 120
40 153
13 79
67 84
109 150
16 35
101 141
44 82
81 137
3 42
8 19
16 42
98 144
66 140
64 162
61 126
47 120
2 80
64 86
85 118
11 115
132 142
97 148
94 162
40 116
73 117
36 144
31 69
26 85
123 154
47 74
13 107
16 107
102 117
34 94
45 82
59 118
34 127
29 95
45 46
57 157
46 81
113 138
34 137
23 89
113 128
82 109
68 133
11 97
82 94
10 77
24 140
44 133
48 109
105 129
74 79
110 129
140 156
36 158
66 72
35 144
7 49
31 145
63 78
9 67
124 165
29 31
99 121
14 138
50 79
36 77
25 97
136 150
137 164
90 112
102 103
130 147
47 126
36 157
25 53
59 61
43 78
91 116
42 94
84 148
58 161
27 104
46 146
6 98
20 93
146 148
13 148
119 143
81 112
33 132
39 162
116 143
137 139
107 152
21 145
99 117
52 72
3 121
102 136
83 166
59 85
8 62
125 138
63 85
102 162
1 130
56 104
10 154
23 62
41 156
25 36
114 123
23 117
6 152
23 134
29 138
120 157
123 159
77 105
44 49
20 138
6 7
29 119
84 111
51 65
81 141
112 161
15 142
5 100
25 102
86 124
23 81
1 114
70 128
52 95
27 125
93 144
42 89
39 94
54 91
79 89
15 119
26 138
36 123
96 141
48 134
39 144
162 166
55 77
127 166
106 160
126 130
14 90
55 121
1 110
96 98
47 65
97 112
38 106
37 109
53 122
22 63
69 83
55 94
54 86
40 79
22 160
13 49
65 141
14 102
104 130
27 140
20 29
27 85
55 143
15 162
151 158
53 114
7 138
53 138
15 97
120 154
51 164
88 145
11 52
4 70
36 94
81 163
97 115
25 150
30 93
91 123
111 142
59 98
132 153
32 159
92 116
43 129
51 128
118 163
126 157
32 144
5 151
61 117
58 140
23 70
18 25
20 132
20 159
73 160
61 94
13 73
43 59
63 140
113 144
125 153
1 39
17 101
63 137
59 164
69 74
117 156
47 104
66 164
38 163
23 40
49 54
67 70
56 123
3 10
30 119
80 133
24 48
19 26
115 148
59 160
2 32
71 148
34 112
12 137
136 138
114 116
125 126
13 129
14 17
68 94
49 85
40 146
21 104
16 155
19 79
64 116
12 161
128 145
9 155
42 112
19 66
24 127
68 152
61 159
7 73
20 33
69 99
88 166
63 127
52 113
36 108
76 91
70 125
5 80
48 164
82 92
162 165
100 101
1 102
63 67
84 115
113 146
12 25
24 42
96 102
112 124
49 102
3 138
51 99
61 72
46 65
60 147
64 156
139 151
89 118
23 109
15 79
59 148
7 34
12 126
107 157
54 161
39 127
24 61
16 74
73 82
30 163
133 134
78 140
35 143
20 89
33 89
101 111
85 119
51 67
75 106
52 55
59 129
68 132
51 64
33 71
10 66
134 162
73 90
5 134
10 83
17 143
3 148
37 41
49 118
118 131
24 114
22 49
63 89
92 104
20 144
53 104
33 70
28 124
124 155
18 165
55 64
6 78
48 125
61 123
121 164
15 93
112 136
19 42
34 155
34 106
1 150
78 86
119 124
113 126
152 162
58 159
28 55
7 124
3 164
52 130
25 159
70 74
83 164
8 50
40 102
86 105
21 134
33 69
58 97
25 137
4 18
146 162
1 131
90 92
5 28
88 90
5 97
140 152
98 131
90 107
3 150
54 153
79 152
42 139
83 104
29 113
32 154
62 137
105 155
13 120
12 100
32 148
8 160
43 88
99 157
35 154
43 52
38 122
107 156
120 156
14 103
11 37
116 128
35 128
90 161
45 137
69 92
1 74
19 126
32 104
5 78
44 141
122 134
45 158
101 120
1 22
50 139
100 127
77 107
47 137
35 122
33 139
12 101
31 57
109 160
28 45
79 147
37 164
80 121
5 22
36 84
7 109
10 59
9 17
52 166
94 101
24 45
78 104
3 19
36 63
80 106
33 112
69 98
130 133
13 43
32 74
55 69
32 109
17 75
138 145
44 96
29 81
74 111
31 135
19 67
86 131
29 71
48 112
61 89
73 134
1 73
2 136
33 134
22 64
92 144
122 136
94 110
61 136
16 28
30 91
77 99
78 120
115 135
19 41
96 132
45 128
84 103
47 149
109 118
51 154
8 111
14 83
54 79
23 133
4 57
22 145
30 151
37 44
75 142
28 134
6 115
25 29
148 149
19 63
109 145
60 151
132 157
12 93
108 144
122 163
65 130
49 149
143 165
45 52
76 161
22 130
12 138
17 62
108 124
31 155
133 140
19 138
104 158
117 159
93 139
5 61
33 162
28 110
140 143
11 144
100 116
22 51
52 89
80 132
121 150
50 127
14 86
97 159
137 154
23 54
46 145
68 155
19 23
69 94
44 92
46 93
48 93
19 39
93 140
68 138
95 146
16 53
148 151
57 137
14 127
2 160
81 155
52 79
1 105
5 154
74 109
96 160
129 166
18 74
16 86
75 133
106 152
23 160
105 160
38 125
144 156
16 51
32 138
27 116
18 19
12 49
68 116
15 87
31 48
8 114
71 78
47 147
102 127
99 130
99 139
65 125
40 62
96 115
101 124
90 149
99 118
57 102
16 150
112 146
55 165
74 150
20 163
7 106
26 45
1 136
95 158
36 69
12 86
33 84
11 154
48 107
23 43
13 15
7 94
24 125
75 78
141 164
31 114
6 121
19 90
10 127
81 146
79 131
24 99
102 149
49 128
8 94
1 159
4 73
8 109
21 154
35 156
58 106
25 89
41 90
2 142
47 117
72 148
124 151
44 135
70 106
85 135
67 119
1 57
110 133
10 102
63 150
32 82
67 112
81 150
81 100
70 117
11 142
86 115
50 69
70 83
19 120
45 127
120 126
70 141
140 144
43 95
64 134
32 67
63 111
50 88
54 61
33 117
29 85
15 31
44 56
103 140
12 65
128 134
84 134
94 128
74 151
14 16
91 151
31 59
10 27
78 148
115 164
58 105
14 24
44 112
5 161
20 125
141 152
3 24
23 41
138 149
92 94
121 145
72 144
65 110
32 36
32 100
102 105
108 135
14 112
42 81
3 12
16 23
34 82
40 60
29 101
21 126
8 38
23 57
32 150
123 128
6 84
8 27
49 123
7 91
61 155
40 148
47 143
56 64
52 112
90 126
19 162
83 109
79 148
155 160
17 47
25 67
7 63
57 141
17 91
2 29
4 81
41 127
47 165
95 161
8 49
151 165
129 142
19 104
39 120
11 107
19 148
2 122
11 96
41 56
29 120
57 71
92 130
107 112
11 92
51 112
40 76
27 60
81 117
3 109
104 129
46 127
133 160
148 155
65 152
13 85
62 126
42 90
49 111
20 121
10 122
86 116
4 93
1 165
39 99
14 44
18 156
38 49
9 130
149 162
19 125
33 125
29 136
96 156
122 142
53 72
67 102
58 142
63 117
66 85
6 142
16 114
99 104
127 136
30 77
90 158
135 156
51 141
25 76
85 140
21 74
104 137
80 164
22 158
62 112
26 161
35 110
46 140
125 127
37 140
36 45
109 137
120 127
59 111
100 145
7 15
108 120
64 140
105 148
123 149
1 11
37 88
17 72
1 154
66 152
120 121
20 133
10 38
86 100
42 134
101 135
145 151
124 163
56 118
82 160
22 25
41 111
3 99
29 87
21 116
29 137
39 154
118 153
13 160
16 81
15 166
74 161
32 56
96 125
58 73
66 162
32 160
9 82
33 119
103 112
41 120
90 114
39 141
5 95
11 149
6 160
54 94
151 162
8 152
38 74
45 57
43 154
49 133
45 131
9 55
160 163
35 136
98 159
87 133
25 37
17 83
34 53
14 141
3 68
65 84
68 80
70 142
31 91
9 24
11 47
66 157
56 63
90 113
39 44
69 100
23 82
31 159
71 144
39 50
53 89
61 84
43 48
13 161
35 117
114 153
8 156
41 154
54 108
62 119
104 120
10 159
6 99
24 128
10 56
40 111
126 140
21 55
49 52
2 57
7 43
87 163
46 133
67 137
131 140
59 103
68 109
8 96
7 19
32 130
53 112
77 78
16 102
13 103
61 129
53 147
4 9
3 57
119 137
89 92
43 121
31 65
1 99
12 46
63 122
49 50
31 62
76 160
12 56
90 109
62 149
1 30
6 88
135 145
16 20
3 83
1 93
34 60
80 154
69 151
77 134
79 162
109 135
13 16
128 161
27 77
49 88
110 143
39 116
51 117
97 164
34 129
148 160
126 159
15 55
36 127
85 161
3 8
20 22
96 153
72 134
95 133
33 110
37 107
49 154
116 163
66 147
151 164
37 67
28 112
70 73
75 110
89 147
135 164
3 34
111 140
53 57
87 102
35 92
107 120
41 151
122 159
8 143
18 77
76 88
48 89
42 53
98 99
86 165
138 154
30 68
98 132
20 92
22 94
44 121
17 67
21 143
83 125
47 60
5 16
18 21
35 48
43 68
125 130
34 157
23 86
29 40
54 71
71 128
34 115
10 42
9 21
49 59
24 88
67 107
74 143
22 138
49 105
57 117
86 154
36 107
63 74
30 105
32 85
120 151
37 152
37 136
10 61
55 133
5 109
47 52
2 112
62 90
73 115
44 95
41 65
23 64
116 119
147 165
70 86
17 135
18 34
88 101
27 52
91 161
139 146
17 59
30 164
72 88
62 107
54 114
15 125
118 160
62 92
11 119
10 90
26 120
32 152
43 91
71 164
33 165
62 109
135 141
92 133
59 89
87 143
99 143
69 103
103 162
34 95
11 151
20 83
124 149
12 135
53 108
100 126
77 166
77 158
80 130
88 103
54 138
63 124
34 41
17 156
90 142
132 156
73 157
126 143
35 145
25 69
95 155
21 161
65 164
17 63
128 138
27 99
49 127
59 139
74 162
126 163
74 156
98 115
1 47
60 112
103 105
19 147
24 136
6 44
95 117
47 127
32 142
4 122
6 155
15 49
53 166
81 145
108 126
114 140
87 159
101 132
11 89
17 70
23 135
32 140
39 77
75 151
40 112
17 57
144 154
112 157
97 138
94 142
54 80
76 80
87 120
27 32
2 47
40 69
129 145
78 153
48 113
2 134
115 117
14 146
12 81
113 141
78 123
56 112
19 54
32 146
21 147
132 144
59 65
66 139
53 83
99 161
42 144
87 152
24 98
115 147
38 76
121 142
113 134
1 135
111 141
131 152
8 142
77 86
20 56
25 131
51 90
66 160
49 112
7 62
99 137
22 144
77 143
27 51
3 58
31 71
57 78
99 131
32 125
21 159
5 32
102 107
60 63
55 72
60 123
13 97
76 83
145 152
41 145
99 106
46 78
24 70
19 99
88 154
128 148
44 144
16 146
75 126
71 86
17 162
2 30
105 106
11 117
113 161
28 30
17 163
60 95
37 64
64 105
71 136
77 148
58 139
107 125
51 91
107 121
3 78
98 161
100 164
82 89
112 119
12 95
75 92
15 18
39 91
61 138
15 114
100 150
77 102
7 21
65 163
63 160
62 132
134 142
26 133
29 32
43 74
141 150
91 122
4 54
20 26
23 88
132 160
13 131
19 110
122 139
11 134
61 70
137 145
42 86
13 163
65 67
148 162
12 162
4 113
113 135
109 149
17 151
27 53
69 132
121 133
65 80
54 81
57 147
36 87
4 8
44 113
82 105
84 140
8 60
55 162
49 124
86 111
17 105
61 77
158 161
18 93
92 150
43 82
14 36
112 135
20 32
53 73
69 164
75 160
21 56
41 113
12 72
110 111
46 106
22 128
17 50
79 136
49 104
36 90
144 159
5 19
16 54
42 159
52 160
137 152
72 147
38 53
28 68
22 106
113 145
30 147
38 153
4 66
84 94
7 127
56 154
27 108
50 109
117 146
12 89
23 140
77 96
26 31
29 60
13 128
87 151
39 108
100 133
10 13
24 96
160 166
37 161
28 53
129 140
23 107
140 151
1 125
101 119
3 56
137 157
131 153
156 158
85 112
47 139
13 46
96 124
90 133
93 132
64 114
66 101
27 91
120 135
77 146
20 21
57 105
11 143
74 149
54 122
141 155
77 122
111 134
73 94
49 86
3 63
13 140
32 47
63 84
5 73
49 72
96 131
54 141
10 94
40 117
49 53
118 161
115 156
17 108
3 124
4 82
4 27
45 165
59 95
103 116
7 72
97 147
144 150
64 152
103 154
122 166
45 72
151 163
75 91
88 111
32 33
1 117
50 100
66 67
159 165
93 157
8 134
106 134
122 145
2 12
110 161
43 136
2 4
82 156
20 53
58 156
126 145
25 165
64 89
128 133
138 140
36 103
6 141
91 113
112 138
39 81
11 46
6 108
42 95
33 34
15 24
23 91
61 165
21 34
21 50
62 74
38 71
64 154
5 62
8 13
93 122
97 116
31 153
40 92
34 45
110 113
92 96
6 139
45 144
45 102
65 147
71 142
97 122
2 141
90 111
2 130
148 164
4 85
8 112
69 87
112 125
98 137
87 161
91 138
35 120
132 151
4 76
40 98
113 150
7 11
81 152
43 77
20 37
20 96
65 128
46 118
49 71
1 6
110 142
13 111
61 119
48 68
47 132
94 153
55 148
49 58
46 58
3 127
29 74
60 96
64 138
30 100
82 134
81 130
28 29
97 146
21 157
105 165
65 151
35 135
4 41
23 100
128 152
35 95
11 22
113 152
86 162
3 116
110 132
62 129
88 149
62 117
49 115
39 143
27 145
74 119
43 83
4 87
35 148
39 106
51 73
80 91
38 60
58 135
60 64
131 137
53 134
6 42
37 126
56 132
7 55
8 82
4 60
28 32
4 139
3 110
46 60
119 154
60 106
66 74
41 121
74 122
8 116
7 78
21 164
21 114
29 112
145 150
85 95
68 71
17 92
69 119
51 119
18 117
84 136
17 124
39 112
1 45
38 159
129 156
23 104
101 108
46 90
10 156
5 60
44 116
91 104
43 100
80 108
26 79
55 61
28 129
135 162
3 84
5 63
75 153
105 150
4 65
22 159
11 34
11 72
119 131
127 159
19 166
61 101
26 73
1 89
55 92
59 108
34 77
6 113
70 111
45 76
54 72
63 129
22 122
54 139
44 162
11 140
90 118
118 162
87 146
31 49
75 165
56 131
46 165
8 76
9 162
69 80
36 46
26 63
12 54
14 81
15 22
18 85
111 166
38 133
67 146
74 85
51 126
62 165
130 162
82 99
10 55
21 75
55 78
49 70
54 158
54 96
46 155
1 33
21 60
35 56
46 51
64 130
23 126
13 105
34 147
2 135
53 56
34 131
34 126
71 96
35 134
58 148
21 102
64 81
48 83
47 141
116 161
24 72
14 142
32 121
119 125
4 51
84 156
63 148
81 107
69 96
141 142
96 119
13 38
79 85
57 143
6 135
16 142
96 150
21 46
30 145
62 94
114 162
83 145
22 154
66 154
89 95
27 95
92 138
7 164
46 98
10 45
135 147
77 144
97 163
13 52
71 154
89 153
27 146
24 58
49 126
53 92
24 159
7 113
62 71
29 126
50 58
89 121
21 115
61 149
5 92
31 33
24 147
20 122
3 13
56 84
15 118
113 137
38 103
35 153
17 86
142 149
24 62
108 166
12 91
22 150
39 113
24 123
132 134
54 75
17 94
19 59
84 116
130 148
38 55
148 161
138 166
18 160
29 159
34 152
114 115
26 61
6 61
34 102
82 164
49 151
16 113
38 90
100 151
49 158
21 41
93 104
64 73
80 84
46 71
18 149
5 140
109 166
109 154
21 144
4 49
8 18
22 164
1 55
10 21
21 49
51 134
32 39
59 128
50 86
32 131
17 103
46 99
100 120
9 125
77 163
89 105
118 132
28 61
10 12
57 156
70 135
133 152
3 15
25 44
127 162
45 97
52 144
8 164
6 68
43 152
126 128
90 132
89 93
26 130
6 45
32 86
30 136
14 25
17 147
113 143
16 162
7 148
27 165
44 142
64 124
6 29
14 132
32 101
74 113
65 126
45 100
23 101
71 127
38 130
15 165
83 84
39 118
3 17
53 146
88 95
1 157
118 158
100 104
127 140
19 145
25 41
105 124
19 20
86 136
45 152
3 20
55 73
10 133
120 123
43 153
81 95
19 52
4 28
124 131
46 100
72 105
12 21
60 94
14 129
8 17
38 129
4 152
58 133
126 135
8 77
72 114
91 100
87 101
89 124
8 139
90 144
5 8
3 151
37 132
85 146
33 150
9 142
70 151
102 146
47 164
97 117
86 90
9 69
7 50
7 129
67 148
7 114
22 96
19 36
161 163
58 77
72 133
11 43
44 136
35 60
127 149
137 140
10 88
13 117
66 119
37 162
34 114
13 89
49 64
4 148
38 109
80 159
63 134
43 122
22 59
93 153
5 51
9 66
53 133
56 133
129 165
26 50
37 154
41 60
105 134
143 157
23 136
63 139
4 110
130 143
24 69
68 74
75 87
82 161
24 68
17 166
53 65
34 56
47 142
6 14
86 153
14 151
2 46
25 125
141 153
72 152
37 166
18 97
47 159
7 161
79 125
79 118
100 155
109 158
101 113
18 121
49 132
106 159
81 123
4 115
49 55
114 159
98 151
6 51
4 161
5 146
10 157
69 160
9 89
149 151
148 153
24 75
29 51
54 162
35 119
9 13
50 65
21 52
108 109
15 141
8 107
72 129
112 114
118 141
37 94
121 162
85 138
145 157
33 83
106 109
65 124
16 152
30 152
81 88
24 113
124 161
1 87
71 89
98 158
88 146
3 130
78 164
152 155
138 160
88 110
37 100
135 137
4 159
95 151
18 137
60 78
40 150
62 103
58 69
88 161
91 162
15 124
87 122
4 63
52 56
100 102
14 113
122 128
25 163
3 119
58 145
86 158
109 113
66 144
130 138
53 116
68 83
38 154
47 98
5 71
33 62
99 108
40 145
19 102
2 66
57 135
45 134
95 96
103 121
89 131
18 42
77 131
3 90
11 69
62 104
33 43
138 162
66 128
27 54
78 119
9 128
72 92
27 161
15 57
65 104
120 137
6 116
35 90
147 157
90 98
100 122
44 109
53 80
52 156
105 114
57 142
110 162
12 59
27 98
63 71
46 87
163 165
31 163
97 132
21 120
77 140
112 117
24 155
113 118
53 67
35 69
24 144
4 106
107 111
5 149
104 144
26 124
8 161
34 111
28 96
49 84
4 121
114 165
67 143
67 154
97 135
106 125
30 150
5 166
3 94
33 160
103 119
12 71
130 152
40 42
12 33
121 157
27 123
54 132
86 97
128 149
102 126
49 114
30 32
13 30
62 157
14 34
50 63
44 106
5 148
30 38
28 93
78 84
19 135
41 101
60 90
19 44
46 163
41 62
12 16
7 93
3 51
86 110
2 22
96 113
38 112
13 155
35 157
13 153
111 123
63 83
159 164
37 159
25 154
103 133
44 50
76 99
11 41
86 132
11 93
40 133
119 126
96 137
63 75
15 66
3 27
45 147
16 91
27 163
124 142
3 49
83 123
119 135
1 140
104 107
131 147
48 76
51 95
95 98
7 31
29 77
42 113
40 63
42 108
110 150
61 103
52 104
105 144
2 55
95 99
33 67
76 144
92 145
50 54
69 78
25 61
121 139
50 155
51 53
63 146
10 71
61 106
127 150
41 116
20 162
10 100
52 118
66 150
22 46
88 131
19 156
36 160
59 149
113 157
4 64
34 92
20 88
30 126
48 153
58 99
69 115
60 85
77 126
143 147
16 48
30 59
26 136
97 128
29 56
36 120
27 40
3 143
78 103
156 165
14 60
6 165
49 130
10 30
17 139
71 140
64 155
41 159
121 140
104 135
71 139
37 145
39 103
5 160
18 123
17 40
57 61
3 156
89 161
19 49
113 156
4 52
37 69
63 70
33 159
5 12
2 126
87 129
28 98
40 108
21 146
24 135
56 105
45 83
119 122
70 91
88 137
3 115
35 47
18 57
18 130
48 64
19 85
52 152
3 77
25 50
47 121
9 74
38 156
64 110
33 127
55 76
19 60
106 166
51 56
128 137
7 40
96 110
1 40
19 116
114 131
2 50
82 142
6 112
96 129
14 105
44 150
130 157
64 80
59 150
4 142
32 127
83 130
5 143
66 110
28 85
50 136
17 35
59 68
72 138
37 111
11 120
120 150
147 159
108 140
32 149
123 155
19 100
19 69
80 118
111 126
14 77
50 83
14 27
82 128
66 69
35 65
80 100
38 128
157 158
136 162
79 104
136 148
7 36
15 164
31 149
46 159
34 150
29 86
25 101
97 127
64 106
78 81
31 52
71 84
65 131
6 86
2 73
102 145
62 82
95 143
27 124
73 75
155 165
42 127
13 150
117 136
132 165
44 161
106 149
75 80
31 74
15 53
29 104
40 165
13 139
13 116
63 65
13 123
50 90
11 112
13 42
49 121
10 118
43 110
138 158
140 157
94 156
93 159
60 120
36 61
112 131
9 57
41 99
78 145
32 108
26 66
6 58
38 108
54 149
50 137
24 51
83 141
132 162
78 101
15 84
9 26
48 78
12 104
21 26
21 45
46 112
88 114
11 110
70 88
126 138
26 145
11 27
59 134
81 127
8 46
30 66
83 115
28 145
54 58
42 69
77 80
15 30
142 163
54 102
18 159
41 54
14 117
117 123
40 107
16 96
33 57
136 141
67 103
44 72
29 105
15 160
145 160
94 148
46 138
75 131
58 120
65 166
15 72
34 104
94 131
5 111
19 106
12 31
50 106
111 147
48 130
96 159
59 77
75 154
50 70
13 56
59 106
126 155
79 88
85 142
130 139
104 112
65 115
32 147
85 103
87 112
30 111
14 145
8 59
41 87
90 134
50 53
54 140
46 88
51 79
35 84
126 141
19 74
7 69
25 56
13 29
118 155
31 78
79 166
4 12
11 148
14 92
59 132
2 71
6 49
98 136
28 43
24 84
65 69
81 139
14 136
13 60
77 103
45 104
49 152
14 51
67 71
24 89
58 166
3 76
28 38
66 143
23 78
22 41
6 103
54 100
98 109
29 142
7 10
4 145
58 162
23 51
2 42
3 136
10 163
44 73
12 147
1 164
103 117
105 149
3 9
3 97
64 143
7 26
19 113
37 68
40 160
97 133
63 154
39 137
118 142
62 64
7 70
35 37
101 131
27 65
102 123
42 114
75 130
89 145
25 148
7 103
85 108
24 124
26 122
77 155
27 33
122 140
25 153
11 125
70 101
136 151
54 98
84 102
53 82
11 64
4 30
17 161
21 107
52 63
79 122
16 119
90 106
93 117
8 117
35 103
70 126
31 79
4 117
17 52
66 81
1 145
23 156
22 132
134 135
86 157
37 96
61 110
54 110
5 20
25 68
4 127
3 75
9 92
96 158
46 75
162 164
103 104
52 143
22 78
41 140
18 124
12 96
98 100
46 141
99 151
13 110
7 132
47 76
113 163
24 44
43 127
36 145
33 145
58 146
34 96
87 104
41 44
42 163
63 130
42 48
39 159
81 126
161 164
76 105
51 105
57 131
29 58
33 46
9 53
14 95
22 60
24 151
35 75
41 119
81 142
5 9
55 115
82 112
107 145
75 159
64 90
108 110
9 148
5 81
91 149
92 120
75 79
119 130
79 94
60 156
102 155
13 133
9 112
27 43
85 147
3 40
104 155
95 111
8 31
52 115
5 145
7 95
17 97
20 153
83 102
4 158
94 127
7 20
67 160
70 78
13 122
74 160
61 145
2 31
66 82
10 22
18 154
116 158
31 124
67 109
51 123
45 50
90 123
55 96
15 152
73 111
125 143
47 83
83 96
41 81
43 109
66 80
44 75
38 105
19 107
46 86
61 144
6 55
22 47
107 158
58 87
21 155
85 141
37 92
44 45
15 17
60 71
53 152
21 93
57 136
109 110
77 85
34 156
43 99
74 117
60 61
54 111
8 89
3 30
10 52
12 53
13 77
16 76
78 136
53 98
87 154
11 162
137 146
54 113
66 121
37 129
80 102
35 161
4 5
5 87
29 73
34 54
11 71
36 48
16 163
126 161
55 88
30 157
37 144
98 145
23 87
70 90
36 64
16 25
18 36
46 144
49 101
15 149
99 158
15 26
21 141
42 150
80 117
39 67
112 134
85 109
57 151
2 9
103 153
7 57
16 26
48 138
68 162
50 125
42 122
10 129
73 103
29 135
30 82
4 143
5 44
7 105
5 131
8 39
91 135
93 131
56 95
4 33
39 140
54 101
42 115
58 121
62 136
2 100
41 89
68 107
59 145
30 103
14 131
98 118
54 89
98 147
15 102
11 88
37 146
45 106
27 30
79 110
1 134
89 151
104 139
44 87
26 62
33 123
15 112
34 80
56 106
140 146
80 111
26 48
9 110
3 61
120 133
43 66
85 122
104 128
28 107
78 113
71 150
50 71
1 83
9 134
33 47
63 95
43 146
92 142
105 135
18 101
66 127
116 153
105 146
100 112
62 66
18 157
51 144
42 78
51 159
85 137
72 100
11 101
63 108
128 143
115 144
22 33
25 43
35 126
64 68
2 103
147 161
23 75
57 85
3 128
145 154
26 123
15 39
2 90
12 158
108 150
32 128
7 9
91 165
82 149
65 86
28 127
31 40
17 80
62 73
103 147
68 128
125 150
15 143
3 29
71 113
17 146
63 88
61 148
21 32
28 47
49 166
42 54
20 34
120 142
26 166
76 87
60 93
74 98
85 139
106 121
3 122
98 130
96 135
56 108
36 75
25 55
4 21
9 132
33 88
36 137
64 150
2 48
108 115
32 166
82 107
104 159
59 105
90 95
94 138
88 128
49 116
31 72
63 133
20 72
26 137
34 64
4 55
35 49
94 152
33 98
27 150
42 152
134 157
36 139
66 99
119 164
21 133
6 22
53 55
21 38
48 101
62 127
73 95
7 130
47 88
115 162
47 157
87 118
62 156
35 118
52 53
33 109
68 92
94 107
22 89
9 163
96 117
62 154
61 79
19 38
27 138
68 131
19 93
42 61
7 71
122 123
53 130
38 123
69 163
29 122
69 133
11 35
51 120
49 131
91 157
33 85
91 142
53 127
28 48
121 122
61 140
6 24
36 66
74 106
9 84
68 79
52 110
12 166
44 55
36 72
42 110
51 140
106 131
14 80
101 117
106 118
48 117
64 108
18 29
139 148
23 115
63 99
25 27
7 86
33 97
78 117
66 75
68 163
18 145
130 158
24 93
24 82
55 124
82 118
101 109
77 82
40 86
72 150
9 99
108 125
92 113
38 73
56 162
91 155
66 70
24 78
27 112
8 80
16 59
23 129
49 142
8 29
93 166
76 107
46 128
3 158
98 124
51 78
21 163
11 150
59 120
69 79
32 136
69 143
116 155
121 166
40 59
58 118
102 148
128 162
99 132
59 125
6 54
84 127
29 132
16 18
29 102
33 161
46 152
4 79
73 145
25 133
143 159
35 141
24 103
30 106
14 55
68 99
85 106
21 40
77 121
36 88
123 138
81 96
43 149
58 147
1 21
46 139
16 62
37 70
46 55
95 134
65 90
55 141
40 124
61 88
13 146
32 116
70 82
29 100
51 97
88 99
113 142
145 156
23 28
84 100
93 107
53 64
18 30
115 154
139 144
28 84
129 143
4 124
9 12
7 16
165 166
46 150
112 126
109 136
122 138
50 61
104 162
34 124
4 74
3 87
125 147
71 105
51 113
40 140
59 109
10 140
5 55
80 123
58 89
56 61
86 148
67 138
82 83
61 152
105 158
125 144
13 45
29 164
95 124
22 69
107 124
45 105
11 127
31 98
41 130
7 82
20 41
42 79
5 21
106 162
31 137
26 57
10 78
67 163
71 116
94 123
39 121
102 144
78 141
33 35
85 130
78 158
52 65
85 94
51 161
136 161
38 142
92 140
26 81
32 110
62 88
62 122
2 92
66 107
74 118
15 109
32 83
121 155
89 139
44 46
1 161
108 117
87 91
88 165
96 157
62 85
58 60
67 106
23 63
76 90
30 92
142 146
67 82
105 147
17 37
25 132
18 146
12 115
86 160
15 70
3 4
61 65
2 95
48 84
80 134
97 100
97 101
77 104
23 132
34 139
82 144
89 106
9 96
138 141
100 121
38 107
79 80
15 85
66 78
1 3
42 120
33 157
31 133
21 78
50 52
44 77
25 64
21 136
100 148
43 139
87 94
14 157
124 156
15 121
35 79
56 97
16 56
42 137
52 102
96 104
5 104
38 104
2 10
3 46
59 87
106 113
27 115
87 88
55 113
131 157
101 138
107 143
35 50
126 131
101 161
148 150
51 69
17 132
26 129
65 113
63 102
111 117
22 35
54 159
10 68
14 125
69 107
63 91
68 114
41 68
33 79
11 124
35 163
43 108
93 109
76 86
106 128
59 159
103 158
38 110
131 135
23 46
14 70
65 76
34 141
99 133
82 101
56 85
93 129
82 154
50 131
107 142
46 76
27 148
69 128
10 113
2 116
29 131
14 143
119 144
98 140
135 143
11 98
8 47
6 65
19 71
45 122
38 66
14 155
29 156
101 106
48 50
17 148
154 159
122 133
10 82
50 113
13 142
24 60
107 151
19 140
17 136
53 71
59 72
11 122
31 117
3 32
89 109
92 154
38 47
75 100
57 163
94 157
12 125
11 163
11 16
89 96
75 107
134 143
25 87
64 101
85 88
7 104
10 126
8 16
26 56
2 153
90 108
50 163
49 79
122 147
46 120
18 35
61 96
11 99
29 63
20 166
13 55
6 140
18 108
61 143
49 157
126 142
59 70
71 153
12 24
1 78
85 86
16 44
7 119
113 147
68 111
113 136
15 81
8 70
54 109
26 72
47 84
17 95
134 147
78 100
55 104
65 140
82 121
9 19
11 159
23 79
9 32
66 95
33 95
35 53
21 106
131 133
114 157
104 123
50 130
62 101
23 147
104 127
41 98
41 141
11 81
24 165
36 122
23 102
83 118
22 126
32 135
1 144
49 146
113 165
55 97
52 137
19 37
72 153
48 108
64 95
21 129
117 140
22 72
108 137
24 38
22 27
16 164
29 90
97 134
57 160
55 59
53 165
11 36
29 114
87 162
12 110
26 159
12 160
71 74
27 47
81 162
80 115
2 120
131 134
80 155
28 90
10 17
37 156
57 66
61 108
118 133
31 104
22 29
70 84
32 99
17 21
124 164
110 164
30 137
156 159
110 165
66 87
55 82
2 107
49 150
107 164
106 151
46 135
56 127
45 51
58 153
14 56
70 163
42 117
70 162
79 126
67 124
89 152
124 139
9 56
76 133
59 76
160 162
6 94
106 115
66 115
137 151
57 60
63 125
28 146
37 117
86 164
1 44
53 121
37 39
143 155
9 85
8 44
126 152
95 112
102 165
101 154
9 72
138 147
13 67
72 151
55 144
93 164
19 94
12 155
72 121
98 134
59 121
55 153
125 134
104 133
91 137
2 165
132 163
4 94
57 91
61 139
86 88
151 155
53 93
84 151
53 102
43 86
94 105
88 127
44 108
22 37
97 154
20 62
113 117
81 90
55 128
5 101
89 130
74 153
34 38
59 162
13 101
41 165
55 100
21 101
39 163
29 37
79 144
25 63
2 123
7 102
57 152
73 165
58 108
25 34
116 117
115 163
31 53
79 96
102 166
114 144
10 103
48 135
15 113
31 100
118 144
131 149
15 58
79 120
40 71
14 111
109 126
36 147
22 62
111 163
92 103
70 75
53 107
16 127
86 118
10 96
1 122
41 158
83 86
62 114
1 70
75 137
42 166
122 131
11 128
9 76
4 61
34 66
112 155
20 123
58 129
63 68
7 38
68 158
164 166
52 117
12 151
12 47
4 138
50 116
37 93
52 105
13 104
17 24
134 140
19 21
40 161
120 159
21 71
106 108
97 144
119 155
44 79
42 126
95 118
129 133
29 55
125 155
146 154
103 141
19 51
56 59
97 125
33 142
34 87
7 108
110 117
134 151
72 87
29 149
28 138
29 48
65 157
16 27
82 113
17 126
19 122
112 147
42 147
26 109
54 92
28 109
10 20
4 156
41 64
118 156
1 148
48 54
3 65
20 127
73 147
37 89
26 42
43 44
43 131
82 131
68 98
52 142
21 118
59 97
65 109
49 95
44 103
7 48
37 102
36 105
55 93
6 143
18 81
94 116
122 152
56 65
16 143
1 104
26 69
100 136
34 90
13 152
67 156
127 158
72 137
95 114
118 122
60 110
18 131
107 110
69 134
41 50
133 149
66 149
60 76
130 141
141 148
44 94
69 162
55 98
3 35
82 133
106 154
6 48
131 150
68 146
26 67
21 131
157 161
82 106
2 104
109 163
15 43
117 129
94 125
29 145
46 68
99 165
31 134
63 164
52 86
9 116
30 44
91 114
20 44
110 121
116 124
14 33
26 91
94 136
59 69
44 111
94 165
25 106
102 158
151 160
6 158
59 96
25 77
102 119
105 111
83 142
78 131
102 137
31 50
110 139
88 93
50 153
97 130
56 129
56 69
73 142
128 154
45 125
142 153
44 88
115 161
89 104
55 60
4 58
38 57
40 72
71 135
27 67
110 134
50 148
65 143
76 159
36 134
23 151
115 165
125 141
58 143
58 59
25 90
66 93
10 147
6 97
98 117
84 128
55 134
9 156
116 165
144 151
22 71
97 165
83 116
124 127
41 55
37 63
113 120
20 103
3 47
66 109
37 133
11 56
56 78
11 132
104 154
46 116
23 93
108 160
37 112
2 24
87 114
126 147
60 118
88 163
86 119
9 86
15 140
5 84
14 45
42 71
48 124
57 132
62 86
12 105
12 68
107 136
30 95
27 58
37 49
38 113
40 157
17 99
35 44
58 64
59 115
34 151
24 137
96 163
44 97
1 2
37 43
13 22
112 148
18 111
97 113
42 153
44 131
2 21
91 127
45 121
43 67
114 133
87 131
104 166
6 10
44 57
57 140
26 55
2 108
28 105
73 127
115 131
31 92
78 166
33 100
49 75
82 148
23 33
8 21
4 109
16 149
96 101
91 96
55 90
8 22
115 158
39 55
78 93
36 143
31 165
73 113
12 51
104 141
62 133
27 159
20 68
1 116
44 115
73 118
95 110
12 23
28 78
4 56
67 141
50 81
89 155
28 99
119 157
66 165
45 136
51 83
54 151
128 131
27 160
24 76
13 70
46 124
112 115
12 50
15 56
6 50
49 66
34 138
149 164
51 149
18 125
100 103
95 121
122 144
3 107
47 93
96 103
95 127
76 154
6 157
65 135
118 146
80 146
97 158
25 73
12 157
64 78
9 136
80 131
21 151
79 132
75 108
148 157
32 41
71 75
65 72
113 151
71 130
14 63
94 102
18 98
51 80
111 149
38 89
93 112
81 97
73 84
76 158
25 52
116 129
40 118
73 132
1 69
68 124
18 48
76 102
31 111
95 129
88 159
145 155
118 137
43 46
49 153
21 121
18 41
32 112
42 157
72 97
62 131
116 127
71 143
108 121
5 46
58 103
68 129
34 47
61 122
15 75
92 115
5 27
33 129
43 47
49 82
7 111
135 157
116 134
99 115
75 119
95 152
69 165
60 104
39 92
111 139
46 149
29 140
117 133
55 129
45 140
14 42
72 158
57 126
81 86
23 145
36 148
60 141
15 90
125 131
4 144
153 161
55 150
99 103
101 148
65 77
92 143
5 96
120 125
42 165
110 159
32 165
61 134
124 152
88 117
73 121
46 54
8 113
2 78
148 166
127 145
136 160
55 157
13 90
11 104
98 108
32 93
17 20
66 163
21 84
144 166
115 138
1 29
27 74
28 77
139 142
91 153
22 151
139 163
57 65
50 138
74 100
64 137
3 123
78 133
29 35
55 164
30 115
53 160
100 138
56 99
63 141
52 98
118 159
20 140
81 144
8 105
76 119
64 127
53 84
105 116
11 42
3 66
17 49
108 163
13 108
103 127
15 46
127 133
19 24
51 63
12 124
72 146
54 57
56 164
27 92
120 161
29 93
106 110
15 163
100 131
93 96
31 46
60 164
101 118
23 130
90 101
36 91
73 104
11 95
135 158
108 143
122 135
46 107
74 97
118 143
76 150
54 119
8 127
20 87
31 101
115 121
61 161
123 160
32 61
60 140
115 146
15 35
128 139
6 124
105 152
82 143
6 102
91 158
82 119
131 156
79 87
33 131
38 137
4 53
23 74
54 77
111 124
33 101
30 125
105 136
115 134
14 47
2 101
9 120
50 115
45 130
52 94
31 96
130 159
52 92
78 130
31 36
70 140
108 122
31 166
17 29
59 101
2 144
78 105
54 120
10 165
46 121
46 77
82 98
17 118
50 73
18 76
9 34
10 87
82 157
30 114
8 51
65 123
100 111
69 70
75 86
70 77
136 152
11 165
49 90
122 141
27 136
56 96
1 62
58 122
65 165
46 63
70 96
66 104
55 114
94 119
41 163
12 94
20 65
118 139
47 156
101 153
75 144
73 123
59 144
33 39
30 53
61 120
90 155
60 166
11 133
8 131
102 110
49 139
62 72
10 139
72 162
2 44
111 119
18 52
65 85
59 157
33 133
69 90
95 149
16 109
4 99
42 52
106 129
52 162
26 125
38 44
2 121
44 90
7 18
2 67
108 139
88 124
5 156
7 116
106 132
1 90
64 144
20 31
51 108
36 142
72 94
33 93
12 37
99 163
22 56
110 138
84 86
106 150
68 160
57 112
66 106
36 85
17 36
87 125
127 164
49 155
92 110
27 133
108 111
65 100
16 80
86 130
1 9
46 142
29 72
13 145
52 96
32 161
126 158
76 79
14 35
31 121
26 139
142 161
80 110
4 15
130 154
60 162
52 122
66 114
3 165
63 116
61 93
110 115
107 133
9 98
29 106
95 106
31 143
43 160
33 156
70 104
22 105
49 145
56 88
120 122
70 122
33 64
76 120
74 112
39 47
57 74
59 80
74 157
69 71
35 142
11 161
57 72
82 127
17 107
12 148
121 144
120 152
100 128
10 123
109 148
35 96
39 41
36 166
83 95
10 48
6 120
83 94
10 25
18 88
94 129
45 156
124 138
4 40
35 130
75 98
3 98
3 160
3 41
8 30
80 122
15 156
113 139
21 79
144 161
18 153
7 27
61 142
85 166
87 144
61 160
78 137
153 156
62 130
11 82
85 102
62 69
51 76
76 82
23 38
