273 273
59 146
240 271
118 205
17 165
164 197
117 211
182 237
126 249
134 250
168 255
229 238
34 94
95 221
102 229
62 160
205 235
69 106
181 247
239 241
83 232
21 125
35 44
238 241
70 252
66 101
27 152
183 236
99 171
4 52
265 266
112 116
79 140
8 193
33 104
159 194
33 103
126 255
22 216
91 148
73 253
153 184
187 260
139 207
24 156
36 260
40 47
60 83
102 249
131 244
201 210
168 187
24 247
49 122
78 175
97 267
123 180
154 190
259 263
42 84
169 195
72 217
58 209
140 207
90 221
54 58
114 193
113 164
194 252
86 206
86 156
7 199
43 226
15 267
236 248
32 181
135 142
14 263
85 148
6 125
50 248
206 270
55 118
81 254
49 268
19 161
184 273
64 182
42 169
41 225
61 264
98 240
57 88
149 227
17 133
82 116
68 174
160 246
8 85
54 250
104 204
46 215
63 66
120 172
72 157
138 177
48 167
130 198
222 271
101 257
153 228
111 150
9 165
151 204
81 163
87 98
178 231
186 223
137 213
10 38
43 87
67 242
225 256
25 52
202 269
14 32
121 191
77 198
143 144
135 189
12 96
61 270
59 199
38 128
57 63
51 220
120 146
167 172
46 91
213 254
1 177
162 178
18 219
141 273
137 192
179 264
93 175
37 90
185 262
89 147
47 171
53 170
11 107
4 109
179 197
27 262
35 176
76 210
18 237
106 189
216 218
45 129
21 195
105 190
1 200
80 212
173 203
55 155
145 154
115 150
127 211
40 139
243 272
124 183
74 130
144 147
16 23
20 215
64 97
28 84
111 163
5 245
37 149
3 108
12 108
2 13
96 152
5 115
78 99
127 132
100 224
80 268
30 34
174 201
71 251
208 261
176 185
123 242
6 23
65 100
142 234
31 202
138 173
28 92
89 251
124 266
29 224
192 244
93 134
77 131
39 166
119 155
50 170
191 243
74 230
70 200
20 53
69 161
162 235
92 222
82 257
22 44
13 166
60 233
67 258
94 105
16 19
196 272
180 220
122 258
56 227
228 233
132 141
214 218
29 203
15 75
3 95
136 212
136 158
26 36
129 214
75 107
10 65
186 269
76 121
88 145
45 188
31 110
56 219
208 226
51 209
79 261
188 234
112 133
128 246
230 253
109 151
239 265
26 62
71 119
231 259
9 73
157 245
103 114
7 30
159 223
48 196
41 113
2 256
39 158
25 68
110 117
143 232
11 217
