200 1000
26 59
33 166
17 192
78 88
128 158
61 90
13 108
49 172
47 161
10 140
7 35
28 38
24 123
48 180
56 79
77 174
8 180
82 128
1 161
64 107
40 120
25 192
110 195
107 194
10 184
24 140
26 143
113 167
189 192
127 168
47 88
2 190
19 186
16 95
167 196
71 106
99 151
10 149
120 172
24 88
8 60
62 108
80 153
49 120
161 164
81 176
60 98
99 103
141 200
66 90
39 158
68 140
180 197
16 105
22 158
51 130
96 105
5 55
111 180
56 101
95 117
133 138
75 155
152 198
147 167
98 196
55 196
79 178
114 160
22 86
19 90
68 184
146 148
106 176
35 91
20 36
66 148
177 199
4 61
59 159
16 73
21 91
75 176
107 192
118 134
29 37
115 145
18 135
41 66
2 26
30 37
95 103
16 55
41 155
26 186
15 106
150 158
7 104
116 150
122 165
7 103
83 126
59 62
27 41
30 104
49 193
142 158
29 133
170 193
130 200
97 185
74 132
23 181
71 146
83 124
21 46
102 135
22 93
38 91
57 98
14 79
87 106
67 193
49 81
27 102
91 182
122 136
28 111
89 176
187 199
95 145
139 148
146 190
41 169
48 99
49 72
135 142
104 188
32 91
27 62
22 85
144 185
113 156
40 65
109 194
11 194
59 175
34 59
78 93
163 186
9 10
23 116
50 183
16 87
101 160
115 188
22 182
33 61
58 85
51 122
116 193
32 84
29 193
14 30
119 165
50 185
30 71
4 105
85 185
121 189
12 87
60 132
64 182
12 107
56 161
190 200
55 144
73 178
160 186
113 129
9 56
59 152
44 63
177 197
108 113
113 149
122 128
23 177
94 138
138 186
127 179
151 160
18 166
7 122
37 177
6 133
2 28
41 200
60 136
20 40
70 193
9 63
82 161
61 190
106 179
99 179
53 160
31 175
55 131
64 180
21 66
59 134
78 133
67 158
42 192
78 121
155 175
5 25
21 84
49 132
191 193
35 86
112 160
90 124
4 156
94 177
83 138
59 109
110 135
17 49
92 162
106 184
10 99
43 132
160 192
95 146
124 149
14 26
78 110
77 126
166 175
19 85
88 196
170 195
10 66
8 132
88 92
112 191
29 48
60 100
28 99
6 172
8 155
31 69
107 156
28 81
165 194
2 139
1 90
37 174
60 111
135 196
10 117
108 162
7 46
58 194
114 200
94 147
121 147
150 194
55 124
81 139
150 181
22 48
15 42
115 182
39 41
34 62
107 170
29 186
67 151
128 130
70 86
36 60
89 118
129 146
8 69
155 172
27 87
30 168
76 183
97 199
4 146
77 98
92 129
3 90
80 160
10 182
104 155
93 109
166 192
110 148
161 163
51 84
51 171
3 176
47 172
75 99
8 74
66 139
49 168
136 191
15 120
138 188
33 43
109 123
71 93
1 5
33 156
76 181
51 188
81 179
138 197
147 166
38 121
71 157
109 156
40 135
92 163
35 80
85 129
134 195
9 109
19 190
62 126
28 68
131 177
15 59
153 195
23 149
17 83
121 156
101 108
25 111
20 125
166 197
53 126
7 21
3 165
29 96
48 80
37 121
21 114
11 123
106 160
10 131
56 126
20 172
51 61
23 45
101 178
61 127
89 103
29 45
41 48
2 78
29 85
126 184
145 160
127 165
167 179
17 59
16 62
30 183
46 110
127 143
1 164
37 196
62 168
54 88
24 69
47 70
135 193
72 153
117 119
73 79
174 197
105 123
106 153
19 161
106 189
73 146
57 101
53 98
159 171
105 159
57 59
133 140
81 85
45 183
24 192
95 98
149 168
48 62
22 88
82 140
30 190
49 108
24 189
118 195
22 164
40 139
119 170
168 185
119 134
4 180
1 64
28 89
18 74
43 180
44 100
5 163
48 90
120 167
119 145
95 186
128 173
12 41
57 150
70 138
58 113
50 160
60 72
61 185
71 175
53 124
123 141
17 197
75 102
39 63
23 175
8 164
38 152
88 123
100 191
18 159
87 118
84 130
100 161
158 169
18 56
147 183
62 70
42 134
41 133
16 140
173 188
95 167
8 28
93 186
59 147
186 197
62 75
43 196
136 187
4 199
131 186
158 161
5 198
110 162
27 53
71 136
22 71
106 127
153 186
9 166
35 160
18 57
55 63
150 189
34 46
49 80
127 147
5 143
158 192
14 66
75 118
37 199
126 161
151 179
51 178
65 149
134 176
135 168
71 142
23 153
64 106
162 195
123 132
104 189
165 173
130 141
31 187
96 115
127 135
15 185
84 159
9 143
5 40
56 117
6 93
140 181
144 166
45 76
133 180
62 160
76 159
72 150
47 173
92 100
117 127
40 59
18 107
35 120
10 195
118 185
31 45
61 145
43 178
146 191
34 60
30 72
140 200
70 113
59 129
92 189
46 92
63 148
22 171
20 120
150 197
149 153
96 104
6 44
24 26
17 184
54 177
46 58
100 146
77 143
32 44
98 134
16 150
36 85
149 175
110 119
37 76
138 183
33 83
62 149
3 152
12 53
3 37
154 184
55 125
87 193
142 145
36 188
14 176
110 171
87 160
81 142
81 130
157 176
53 173
102 173
85 145
3 157
51 189
175 182
42 97
139 186
77 91
101 180
26 117
30 128
149 158
155 179
79 192
35 182
81 126
52 108
69 187
42 190
37 41
31 170
80 110
25 198
91 169
78 126
129 178
12 13
8 112
28 197
179 180
4 142
53 128
23 183
82 178
65 78
140 178
69 195
94 176
7 34
58 74
154 189
17 188
45 55
144 147
9 73
25 33
117 187
72 163
32 35
19 83
91 193
101 118
31 127
22 134
91 107
24 58
133 156
38 132
28 87
118 158
56 198
18 133
71 105
148 184
13 189
27 46
95 157
123 158
48 167
105 164
6 185
46 75
96 101
44 118
105 117
47 81
119 191
92 101
13 60
46 126
37 183
67 95
2 92
102 112
104 185
130 131
1 61
190 198
35 88
49 182
69 81
29 57
13 21
92 134
4 31
9 78
36 115
63 195
92 178
2 19
4 115
47 159
4 84
87 107
134 150
99 189
98 137
129 145
63 152
64 67
142 184
26 141
89 102
126 133
65 105
7 126
91 139
58 181
35 155
33 56
104 149
19 197
8 114
2 113
35 130
152 187
52 161
42 158
36 87
52 125
61 141
29 44
64 131
47 65
106 154
43 64
132 179
55 121
143 174
140 147
127 172
48 131
92 125
44 160
8 9
53 156
98 119
30 178
77 165
123 157
73 191
160 185
49 171
27 101
133 134
15 52
15 16
179 183
89 189
95 131
40 144
91 136
163 199
176 180
19 187
42 111
86 132
24 132
20 70
189 194
150 180
71 127
8 67
137 160
57 186
11 147
19 29
71 72
119 149
122 193
18 62
8 23
42 51
68 160
40 179
38 125
45 140
91 138
42 148
84 107
12 46
81 113
77 93
73 135
39 66
32 57
36 191
86 96
11 38
102 122
146 171
17 133
2 147
85 154
127 194
27 84
42 96
113 169
54 170
4 103
88 180
72 110
73 166
47 82
130 159
111 131
64 85
117 179
7 128
6 63
126 182
58 95
25 66
51 95
161 168
74 188
86 121
147 152
48 78
65 146
62 147
171 178
34 61
96 178
28 71
74 104
39 113
77 196
54 71
28 138
6 36
63 110
60 110
73 157
33 158
65 192
65 193
28 97
80 99
74 172
88 186
70 143
64 126
144 199
64 95
7 36
12 84
89 173
38 180
37 89
160 164
54 164
89 145
136 199
6 34
126 190
105 130
129 176
6 117
55 142
41 100
2 140
110 144
23 131
22 96
16 109
44 162
4 175
91 102
72 108
37 38
30 121
94 200
10 27
162 164
36 72
152 173
68 165
67 132
125 172
26 85
21 163
60 131
29 55
152 176
132 144
110 163
127 171
78 134
110 170
82 135
28 73
27 92
76 104
85 140
35 123
175 176
31 44
2 127
81 117
50 137
36 197
49 135
21 44
121 196
139 149
101 114
143 150
162 173
111 156
183 195
38 150
163 177
6 132
110 121
17 93
120 145
10 178
129 152
103 168
17 115
9 85
140 141
161 165
28 173
63 126
152 157
112 150
131 160
6 150
97 109
49 76
15 29
5 91
179 182
55 169
21 137
66 100
29 164
41 166
18 168
138 157
8 41
11 32
19 42
80 193
64 189
119 186
64 111
21 112
4 42
22 183
107 189
11 37
28 180
20 85
136 200
5 92
36 137
39 40
83 110
102 124
3 196
107 161
46 156
4 86
145 161
14 158
24 90
120 140
134 151
158 159
116 144
56 94
71 197
92 126
110 164
44 45
34 43
136 153
38 190
46 179
150 185
13 190
26 70
42 80
41 159
66 79
37 42
4 121
143 170
38 176
13 173
25 110
105 125
33 160
43 199
24 84
79 187
7 170
5 73
19 139
90 103
59 71
55 57
9 149
106 196
70 78
90 175
74 182
29 119
35 87
57 159
161 198
93 188
