300 1030
160 295
72 133
5 264
219 291
14 29
64 236
69 292
138 149
12 225
219 255
130 293
11 109
1 58
147 292
97 99
143 178
103 198
49 274
91 137
55 218
128 228
60 223
112 192
135 207
1 25
54 247
11 67
260 275
88 112
30 229
121 248
134 172
27 121
114 229
70 73
186 222
2 69
123 135
134 285
207 222
18 209
170 185
47 221
89 116
57 114
157 169
12 62
69 188
93 153
170 182
79 220
36 201
23 100
22 65
23 107
183 270
98 104
11 135
80 217
143 278
253 282
48 164
63 115
27 298
76 275
88 238
241 284
50 181
182 232
65 269
105 135
134 227
237 257
136 260
95 120
154 282
259 280
57 197
9 86
20 277
125 174
106 161
128 140
160 239
119 204
111 159
239 279
35 261
185 188
24 64
147 283
2 76
175 234
8 180
16 140
133 167
93 271
237 251
89 289
158 172
10 226
6 51
53 238
140 228
169 250
16 127
92 269
210 229
115 119
42 175
177 254
213 251
238 266
71 278
101 104
58 178
52 265
77 110
7 52
102 204
196 284
41 100
12 150
35 162
179 280
140 144
34 99
82 94
47 97
17 294
149 159
233 234
120 193
42 214
96 268
62 83
258 260
150 220
206 255
108 298
161 253
61 99
16 230
92 173
176 260
72 217
208 239
4 225
94 138
158 187
157 263
25 143
14 167
65 205
189 253
27 131
58 125
110 119
39 41
69 300
70 198
62 74
19 71
158 254
236 256
187 227
126 214
67 241
6 59
68 89
28 261
142 169
70 124
20 160
2 147
103 297
55 216
24 62
231 285
144 167
66 106
97 157
95 101
166 271
128 286
264 273
129 159
170 271
102 119
123 241
283 292
133 209
191 201
84 215
159 168
105 109
195 248
243 246
13 38
122 202
178 278
23 39
200 244
187 254
17 29
205 270
26 203
211 282
158 177
238 244
147 164
85 240
33 188
29 80
140 286
215 217
55 143
43 122
146 258
139 180
187 277
263 296
28 236
9 123
31 217
18 210
173 269
267 273
3 298
182 185
25 58
206 219
20 208
190 262
132 139
91 226
47 92
209 286
201 203
199 257
46 235
95 98
73 198
250 262
22 92
12 220
32 221
48 260
159 171
219 280
54 139
3 108
45 218
100 290
53 245
191 203
34 47
44 116
13 174
165 295
225 256
9 261
61 190
130 297
160 279
99 169
32 157
7 90
175 176
211 231
121 243
146 234
17 288
25 126
78 250
51 142
212 293
7 141
53 266
87 152
94 246
44 289
11 241
114 210
139 247
24 261
54 180
79 151
56 192
14 242
279 295
223 244
136 176
93 166
126 216
18 286
192 266
231 252
145 189
88 202
104 251
192 202
96 294
57 140
206 259
84 133
230 242
41 290
5 290
67 284
95 213
28 62
48 136
81 276
29 31
145 161
46 177
26 60
59 190
41 268
1 216
122 223
97 221
2 136
23 91
86 241
70 291
18 127
182 224
61 250
24 74
29 217
32 296
142 155
67 272
40 130
64 256
252 254
15 74
22 183
115 181
4 151
172 254
45 55
255 281
184 299
32 47
107 287
8 299
52 165
105 207
127 209
76 188
15 62
57 210
252 285
8 184
55 126
187 208
42 233
98 237
168 228
7 120
147 275
89 171
20 265
227 239
30 159
114 228
77 181
90 163
192 222
67 123
186 266
50 119
32 263
188 224
50 248
68 129
130 201
21 91
120 141
166 232
73 124
56 186
24 148
32 183
246 298
108 289
268 287
3 246
21 137
104 220
71 75
132 247
52 163
16 209
156 252
77 85
96 273
35 148
35 64
26 122
194 295
153 166
87 145
3 243
80 264
2 260
127 286
120 163
30 111
138 289
107 268
39 287
5 96
147 176
48 146
160 235
129 138
3 131
1 45
109 222
19 38
168 197
20 249
63 240
161 211
84 230
150 237
86 123
172 285
17 80
141 163
37 289
220 237
142 250
22 173
172 227
53 109
259 291
3 27
59 232
59 78
157 296
18 114
86 135
180 247
49 248
121 246
195 274
15 225
53 88
104 257
173 221
210 286
131 204
10 253
112 238
151 225
119 195
58 174
85 181
129 149
205 247
107 267
153 170
213 257
82 138
90 193
132 280
6 262
37 94
24 236
154 226
249 277
81 198
165 249
35 272
15 64
83 225
106 189
101 251
234 260
37 82
117 244
9 196
241 272
1 125
42 216
92 183
179 291
19 85
17 264
118 218
111 197
235 239
86 207
26 117
249 279
122 244
57 168
192 245
4 12
37 149
97 155
144 230
67 86
31 273
19 75
125 178
216 218
66 211
86 196
269 270
102 115
103 276
268 290
118 234
22 270
227 235
104 150
235 279
66 252
72 215
55 233
33 166
95 251
200 201
191 293
6 190
112 223
160 194
106 211
179 259
74 83
193 194
245 266
148 196
51 169
215 242
51 61
131 298
43 244
179 281
94 243
83 150
54 184
109 266
183 296
133 230
43 88
133 215
255 280
153 190
208 235
189 211
78 155
53 192
139 269
89 129
62 256
5 294
156 231
4 15
50 102
75 85
109 186
41 107
56 207
154 161
42 146
67 105
145 226
92 205
161 189
224 292
44 298
163 194
39 290
281 291
74 256
34 97
87 161
197 228
139 299
169 263
75 178
82 243
224 300
120 213
50 77
87 189
30 68
162 261
26 200
58 278
43 223
5 17
98 213
38 85
60 191
68 116
113 197
48 176
99 155
185 224
124 212
127 144
9 284
145 152
204 248
113 229
185 300
180 184
170 224
96 267
45 178
16 128
105 186
162 236
6 93
59 262
46 187
4 79
202 223
65 183
206 280
51 262
239 277
79 101
39 100
29 242
196 272
27 204
8 54
234 258
111 149
219 281
35 236
52 90
124 255
233 258
72 84
13 58
177 277
11 207
124 198
2 275
134 231
166 262
136 275
162 272
60 122
190 232
1 126
61 155
113 171
73 219
57 128
18 140
243 298
48 175
38 63
188 300
214 216
188 271
118 233
114 286
194 265
12 74
61 78
52 193
205 269
29 264
120 199
89 149
54 270
30 89
137 145
69 76
104 237
47 173
146 176
92 221
116 138
217 273
44 82
185 283
127 133
173 205
177 187
111 129
70 103
31 80
12 83
116 289
66 154
64 162
22 296
51 250
172 231
195 204
14 80
175 258
248 274
39 137
19 77
10 154
108 116
164 283
84 209
111 168
55 118
31 72
83 220
148 162
88 244
101 237
47 296
30 113
113 114
8 132
73 212
177 227
36 191
73 276
198 281
31 215
84 127
272 284
49 243
87 226
113 168
106 285
156 285
110 248
203 293
7 199
153 232
40 203
156 282
208 249
9 272
21 23
156 254
48 147
10 145
69 275
36 297
196 261
154 189
15 256
76 292
144 209
271 300
25 125
1 143
265 295
123 207
142 263
100 287
102 195
22 32
143 218
96 107
110 274
267 288
134 254
45 278
150 151
118 258
23 287
132 184
28 74
121 274
40 276
141 199
273 288
77 115
156 158
90 265
19 240
34 155
7 98
71 174
20 279
88 266
63 77
126 218
52 199
204 274
13 71
84 167
39 152
208 277
99 142
93 232
163 193
40 293
131 195
57 228
135 222
14 215
4 256
105 241
20 165
49 131
100 152
31 288
3 44
5 41
179 184
97 263
267 294
151 220
44 108
226 253
23 268
158 252
8 259
30 171
38 174
33 170
101 151
107 290
185 292
70 81
33 300
43 200
43 238
60 117
75 174
87 137
173 183
165 194
81 130
60 200
249 265
10 21
36 203
90 199
10 87
15 236
46 239
38 240
37 138
159 197
103 212
154 253
21 287
65 180
26 223
59 153
182 271
110 181
146 175
44 94
11 105
21 226
68 149
46 227
142 157
17 273
33 271
95 141
93 262
34 157
13 125
112 122
14 230
14 72
117 200
164 176
125 278
66 156
112 245
24 28
259 281
9 148
141 213
163 295
5 267
137 152
76 300
81 212
63 119
16 144
34 221
27 49
212 276
13 75
170 232
6 250
264 294
40 191
91 287
255 291
160 249
124 276
222 245
42 118
7 257
56 135
10 91
72 242
49 246
293 297
164 292
197 229
151 251
69 283
36 130
106 231
91 152
40 297
35 284
68 171
100 137
37 129
79 150
78 190
96 288
118 214
134 158
224 283
76 283
56 109
113 210
66 282
4 83
194 279
179 206
267 268
56 245
175 214
214 233
121 131
98 257
33 182
221 296
63 102
167 230
128 144
82 246
165 265
81 103
42 126
6 166
66 253
59 61
123 196
206 299
51 78
28 148
71 85
136 258
155 169
247 299
193 295
235 277
27 195
16 167
46 172
168 229
49 121
79 225
218 233
46 134
201 297
167 242
2 164
202 238
132 299
202 245
102 110
33 93
25 216
106 282
153 182
82 108
148 261
13 240
25 45
141 193
63 181
94 108
177 208
28 64
45 143
56 222
38 115
164 275
34 263
41 294
80 242
252 282
68 289
146 214
101 213
50 110
53 186
115 240
36 117
11 186
290 294
162 284
78 99
79 251
111 171
90 165
95 257
71 178
50 274
19 181
264 288
18 128
171 229
65 270
211 285
98 199
43 117
210 228
136 234
21 152
217 288
75 278
112 202
174 240
37 116
