300 431
149 299
83 202
120 256
158 251
227 291
122 210
100 183
67 173
93 133
142 253
13 263
20 150
82 139
29 267
101 243
127 156
64 86
257 296
15 150
210 294
85 207
74 155
161 189
93 264
184 263
3 162
12 145
12 149
17 279
108 289
58 147
216 230
82 200
14 276
113 262
26 155
1 87
129 271
130 255
33 149
177 235
151 250
66 174
106 281
86 152
32 102
162 185
6 243
110 187
94 273
80 186
60 182
59 223
95 169
261 263
117 296
232 272
222 223
3 180
53 274
117 192
145 219
59 260
167 180
147 249
168 278
268 274
89 233
172 258
12 132
168 187
127 203
102 230
196 203
112 246
202 290
51 278
138 261
4 236
97 203
31 289
60 81
86 187
73 146
89 165
79 251
50 239
8 118
208 279
19 53
87 277
101 121
115 210
215 262
31 272
162 296
2 65
181 217
127 262
92 238
86 290
57 207
8 298
93 284
163 172
265 266
16 54
45 256
59 287
96 121
1 2
71 286
13 181
111 152
94 119
43 68
129 212
101 148
176 210
106 173
47 194
68 108
138 244
70 233
99 192
138 241
200 295
30 291
70 115
195 224
25 294
21 196
45 274
17 288
54 145
133 298
38 128
120 132
63 249
94 206
117 130
156 213
112 265
7 186
191 214
136 268
35 252
103 153
14 216
46 196
9 113
50 208
32 92
6 201
51 198
37 129
102 262
51 116
209 237
189 252
97 150
123 131
128 198
157 169
44 146
81 203
279 289
236 285
263 279
80 126
122 215
20 243
107 233
219 278
93 287
220 262
134 250
84 179
4 266
61 286
128 173
7 53
50 300
237 299
39 184
186 233
86 197
100 196
277 286
188 243
78 254
175 254
26 232
129 164
188 215
2 123
84 174
76 266
115 245
4 102
132 282
118 270
60 193
31 249
132 155
65 280
16 185
52 196
123 141
52 248
70 256
56 144
109 184
3 93
62 197
46 94
238 257
62 81
196 237
276 278
114 117
47 93
161 246
26 68
146 174
108 115
132 135
1 116
73 165
83 285
218 243
52 281
197 259
192 242
4 133
150 290
257 295
32 265
133 205
185 295
121 211
15 266
106 210
31 293
168 203
153 243
172 271
2 95
46 234
62 300
75 207
174 255
85 100
227 300
71 253
71 244
198 296
79 159
150 222
122 271
199 300
106 184
80 221
49 184
103 236
266 281
129 242
61 247
9 280
177 258
18 135
84 195
197 254
123 203
48 266
41 159
103 261
33 57
116 243
23 292
160 273
62 261
230 239
95 227
42 113
165 284
60 106
237 268
232 298
155 275
152 169
184 262
117 297
111 298
30 41
239 252
112 273
13 91
62 200
146 162
231 265
106 238
19 70
108 230
260 281
123 188
138 234
65 112
1 124
208 228
132 189
80 220
183 284
60 163
88 117
41 240
61 265
81 210
48 239
24 164
130 231
136 161
240 281
198 207
15 17
36 195
6 137
51 262
21 80
17 214
275 281
48 86
39 295
16 182
17 81
120 171
55 208
13 236
250 296
125 173
15 228
51 115
144 277
235 280
47 155
140 255
225 278
58 112
134 145
180 224
26 95
6 163
40 138
31 105
232 248
51 279
43 203
45 104
92 164
34 220
166 179
278 291
133 185
115 138
1 102
76 296
192 258
126 208
93 266
168 284
113 124
5 116
145 162
92 239
7 140
214 295
153 173
182 269
41 231
43 290
33 79
16 240
153 253
50 217
96 200
113 270
2 13
7 167
192 239
87 166
81 154
7 63
84 220
64 296
226 273
56 187
42 211
31 210
53 209
28 159
179 199
164 248
51 201
262 289
255 267
3 254
121 165
283 293
23 286
185 244
114 185
172 189
35 203
7 300
5 36
24 282
184 291
5 258
198 212
63 262
210 284
255 280
40 250
52 68
3 189
33 174
210 267
195 211
52 112
26 62
19 22
