300 5839
203 205
121 150
63 71
27 134
80 289
110 261
219 236
6 193
197 239
9 290
18 197
44 106
164 242
215 228
2 44
24 66
93 230
17 171
39 170
47 111
170 246
11 204
194 260
36 130
147 179
79 268
163 165
10 193
50 150
63 187
38 273
11 131
42 298
27 284
49 100
27 235
175 234
273 295
234 248
232 250
46 298
87 272
32 294
229 289
159 197
34 264
203 290
156 239
53 115
19 86
60 127
54 153
20 179
103 297
57 263
68 195
84 134
105 256
105 276
175 287
136 290
91 253
24 224
45 153
141 249
15 257
16 283
4 47
12 214
42 285
231 271
85 285
70 223
100 126
18 47
20 102
104 196
35 170
232 255
268 285
147 249
80 273
58 95
53 119
117 249
168 204
180 251
195 259
68 234
132 274
31 41
27 231
91 122
125 148
164 192
47 275
35 208
90 279
80 199
107 213
128 252
43 97
249 268
42 120
101 121
239 246
148 251
96 147
135 291
260 285
79 196
31 117
22 205
25 292
17 195
186 188
128 292
50 181
195 196
158 213
206 223
20 246
57 241
69 79
44 110
123 231
59 125
120 239
30 218
138 283
108 288
29 179
139 285
11 52
119 144
45 169
248 295
116 178
135 277
143 148
106 299
93 199
126 183
30 240
10 89
9 132
16 270
105 263
51 119
187 257
102 126
8 269
38 233
96 165
26 209
69 221
17 108
184 241
5 96
261 264
62 197
92 162
204 269
42 111
82 226
77 181
127 200
25 85
101 108
99 159
25 208
39 150
208 227
156 269
215 297
40 300
91 289
43 252
111 249
248 264
93 168
132 135
68 225
61 69
118 151
40 288
48 197
54 227
5 85
58 142
108 130
56 117
31 60
5 45
10 277
82 217
112 233
58 252
117 247
6 293
45 145
71 113
35 238
7 139
13 194
247 277
14 78
62 191
85 130
71 244
5 240
151 256
47 285
31 164
129 196
32 239
266 288
71 74
159 231
98 166
236 267
119 181
132 217
159 201
47 291
73 276
105 190
259 274
92 205
174 270
120 162
190 204
18 50
6 179
186 272
234 270
137 267
136 250
271 293
116 263
226 238
57 123
32 96
140 199
181 244
172 244
133 270
10 68
14 137
176 213
223 267
132 270
20 23
146 172
18 150
8 239
83 266
166 275
8 64
42 182
42 93
93 263
277 278
186 246
137 223
60 144
86 255
89 107
44 191
69 97
98 243
233 268
71 90
78 84
113 210
250 277
165 186
32 233
31 35
116 139
140 157
40 87
150 189
113 132
123 299
82 250
78 142
35 83
80 118
7 227
8 96
16 217
48 289
91 190
83 208
153 293
161 180
50 266
50 204
145 247
150 241
47 288
68 185
87 179
66 97
2 55
20 38
18 280
106 162
36 218
60 94
199 221
26 254
199 216
144 271
174 196
47 204
37 269
93 213
118 196
126 241
134 295
84 260
81 129
45 285
150 198
25 68
220 224
191 229
57 148
121 227
2 238
32 39
42 225
17 248
67 97
124 169
140 235
77 278
59 141
34 40
24 29
181 188
61 117
97 202
175 298
133 221
145 267
209 290
72 287
108 126
198 202
5 151
110 180
32 105
103 257
233 296
36 137
252 258
47 154
13 61
126 172
27 159
96 215
182 216
53 128
14 254
68 164
157 197
177 292
30 225
109 282
3 43
67 222
166 256
56 94
188 247
100 109
103 220
237 271
176 293
46 247
163 260
20 168
133 181
109 123
9 153
90 214
127 255
10 101
89 212
21 121
158 161
104 115
32 288
212 298
89 221
12 66
109 171
107 119
14 81
24 275
270 276
232 252
110 175
217 269
57 274
129 131
28 259
89 117
199 213
92 268
30 276
125 295
120 222
284 294
274 288
6 222
73 121
173 300
22 139
286 292
9 145
35 160
60 65
81 209
174 240
28 120
104 167
143 280
114 213
224 277
41 271
37 274
60 80
14 30
167 185
63 125
46 239
85 110
251 263
95 274
14 269
88 247
146 291
158 185
203 215
219 299
156 273
124 155
214 288
180 271
79 102
235 300
62 228
92 195
164 187
20 66
60 200
99 152
97 140
197 297
129 222
4 132
50 277
25 170
61 99
16 22
6 43
60 158
90 184
51 133
39 44
253 280
169 188
101 241
241 290
87 275
70 162
1 269
83 262
26 130
84 157
130 250
43 70
148 223
196 253
79 132
173 179
157 245
80 94
142 153
283 290
62 116
117 183
158 272
50 119
96 300
93 194
79 292
146 167
153 181
129 228
195 283
133 283
172 257
170 243
60 270
123 239
15 240
46 68
122 175
5 136
238 277
48 160
70 148
78 298
16 211
201 285
143 190
77 178
47 50
118 287
127 168
24 187
11 93
33 99
8 19
82 289
78 216
136 163
126 223
156 256
151 299
106 254
20 191
81 256
57 115
32 71
114 144
4 242
42 148
161 240
26 184
41 87
41 116
70 96
138 207
55 232
124 176
107 258
13 297
34 139
34 179
218 277
9 110
19 252
20 52
44 182
74 138
119 293
36 110
17 191
14 116
210 243
97 208
244 281
68 176
137 233
166 264
156 190
132 234
43 211
3 42
5 168
91 112
61 84
155 259
107 188
123 227
6 239
36 167
60 166
5 156
29 74
249 270
171 239
26 246
151 218
109 240
148 199
196 275
229 281
145 159
9 76
9 168
72 238
201 222
74 201
13 99
21 300
59 76
77 207
205 282
31 116
176 266
67 276
122 299
80 170
42 183
167 186
132 219
73 194
80 259
149 163
184 275
87 153
103 156
55 128
136 233
57 242
40 47
47 267
112 115
117 213
68 97
47 58
97 271
170 197
100 217
109 188
52 120
75 81
208 251
226 233
142 243
82 230
6 251
162 182
143 212
87 107
21 194
112 198
62 267
16 265
92 177
111 199
141 261
152 199
17 202
73 101
142 284
82 161
165 298
52 105
175 232
1 28
131 142
80 126
216 281
183 257
76 247
14 175
6 117
119 230
265 277
10 26
159 235
100 137
68 299
34 247
29 249
81 102
93 250
46 76
12 172
165 182
30 194
78 80
254 292
194 220
170 203
88 89
42 271
33 276
18 28
36 108
215 239
1 287
178 284
50 232
69 256
36 186
102 151
81 291
114 300
91 150
43 53
107 124
138 178
146 165
43 227
56 266
6 42
74 173
31 131
6 241
70 251
48 297
8 225
200 232
145 265
119 252
133 281
85 280
130 188
125 272
11 43
1 272
85 282
63 244
92 128
20 188
116 238
148 265
18 238
59 165
224 268
108 221
168 229
23 264
145 195
35 140
46 188
72 88
31 175
54 155
130 275
1 101
131 287
8 29
57 264
113 220
6 105
86 158
74 233
225 271
85 296
47 90
120 143
88 246
37 157
222 281
88 232
33 239
92 284
32 50
33 236
19 249
164 267
114 226
39 60
32 144
88 194
184 260
1 97
54 74
242 249
167 221
104 179
26 181
33 299
17 60
37 259
86 167
69 169
13 45
26 102
39 119
240 270
143 147
80 130
19 167
72 236
2 53
76 289
81 224
191 223
54 203
183 298
46 238
3 12
78 94
111 147
87 256
42 108
51 252
254 287
202 228
89 185
127 226
99 269
198 207
70 151
117 295
25 296
39 73
232 263
239 285
158 259
53 235
129 163
83 277
2 100
80 194
20 263
132 227
38 150
15 59
175 271
34 121
109 186
204 246
3 15
256 282
112 209
157 169
128 189
132 273
152 290
181 297
123 160
97 193
266 291
13 166
179 212
44 116
10 209
240 268
129 150
95 228
174 210
17 183
82 128
20 114
13 226
259 281
164 288
68 200
67 215
120 288
4 234
35 276
4 15
66 94
46 275
94 198
179 268
44 215
32 136
13 150
115 294
152 158
1 89
98 266
64 71
201 259
109 156
219 235
94 142
7 58
225 260
129 206
107 293
19 43
229 271
90 130
47 273
232 276
29 105
1 121
39 58
78 231
96 109
28 127
45 142
113 204
20 56
140 263
13 96
98 198
80 84
46 240
252 288
160 192
65 205
28 93
43 84
53 273
46 206
101 270
119 265
108 269
153 260
157 170
221 276
97 278
74 292
146 283
14 182
6 267
96 159
168 252
203 214
59 181
149 299
150 240
195 267
12 20
68 94
19 238
99 243
100 128
186 239
5 282
177 178
180 286
27 161
6 158
56 189
35 289
81 241
117 119
168 263
25 74
37 94
84 189
60 196
54 152
79 222
34 220
20 81
52 257
103 126
117 145
29 213
100 141
82 188
28 51
79 187
161 274
56 216
109 253
13 44
226 251
6 146
15 104
11 240
151 268
6 212
5 235
69 206
76 267
13 118
62 88
86 241
45 129
10 229
223 238
34 107
165 275
65 240
130 159
79 141
41 106
193 239
163 201
179 214
209 265
66 254
166 201
230 277
96 218
4 247
106 206
18 263
246 275
192 282
181 237
1 285
227 295
178 253
238 243
50 73
8 234
232 261
236 266
78 154
90 282
161 279
61 287
31 195
115 269
153 259
149 286
60 242
112 122
140 242
20 129
112 155
12 40
185 286
76 290
18 43
21 146
44 262
139 176
30 84
74 214
206 257
102 159
164 282
16 60
133 267
114 279
91 270
165 248
140 160
61 135
236 244
26 45
88 113
148 221
51 184
66 134
23 164
19 209
8 142
176 207
70 211
25 256
64 127
51 103
195 295
65 236
26 240
13 264
8 14
188 230
26 53
84 129
172 209
50 272
22 242
5 202
212 244
111 244
69 187
47 119
66 279
46 224
149 185
42 133
55 202
28 296
257 290
9 119
32 198
121 197
11 299
69 300
12 77
260 294
13 247
18 262
83 131
84 232
123 236
67 147
173 209
109 195
25 153
12 199
210 220
97 174
44 68
197 227
41 156
124 173
109 290
31 91
37 271
20 251
256 293
86 263
164 279
207 283
183 282
181 229
71 218
108 204
12 153
71 131
152 198
134 142
126 238
22 152
180 266
35 72
133 141
151 234
34 203
68 112
57 147
66 226
52 260
23 223
8 217
6 21
155 173
139 189
50 81
73 210
21 298
180 196
130 204
133 144
29 186
23 122
44 264
78 234
220 279
5 164
36 50
106 173
194 284
96 132
39 138
232 245
1 246
153 179
78 193
215 227
24 39
18 224
44 287
109 160
57 167
164 281
205 294
17 291
103 280
67 198
111 200
166 299
19 89
158 293
45 173
212 258
236 239
71 108
68 289
99 241
156 255
252 267
22 189
125 244
183 245
102 216
46 284
8 260
206 227
85 148
115 238
48 216
39 262
120 164
98 293
129 156
114 154
59 136
13 211
166 179
8 34
67 273
110 111
111 191
175 300
79 157
88 220
2 98
26 215
147 229
70 145
24 143
77 132
125 224
10 194
167 203
21 165
6 232
69 248
53 215
14 285
117 191
223 243
217 270
57 97
14 89
16 96
52 187
105 205
17 72
44 129
70 76
93 153
72 110
159 267
21 141
210 250
14 65
191 227
63 157
137 152
24 250
27 293
273 293
67 169
75 231
147 280
218 240
30 167
130 214
24 213
16 30
51 215
152 213
49 117
134 207
36 40
94 232
149 206
12 120
7 75
126 222
74 96
66 147
48 174
159 247
87 234
47 240
34 230
138 267
187 270
110 293
135 194
34 239
50 152
36 246
31 237
41 43
155 258
176 284
210 258
127 258
17 63
13 237
73 226
81 199
32 57
31 178
245 276
32 290
141 252
217 296
75 147
67 286
127 175
193 285
4 45
136 241
70 91
172 198
252 268
149 173
62 244
87 254
68 230
131 233
8 252
211 243
44 272
122 246
9 62
103 244
54 259
122 285
43 45
203 239
31 244
83 270
4 213
81 220
72 100
29 222
87 271
69 275
140 173
20 44
107 140
122 123
169 280
156 265
116 275
18 89
139 193
58 140
13 168
15 275
56 161
86 148
233 300
143 290
21 125
20 229
75 158
148 236
232 283
47 264
250 271
129 283
106 118
5 296
8 206
37 70
91 214
104 174
145 261
238 284
1 189
220 250
3 215
132 143
13 143
66 181
182 196
78 163
56 83
13 295
110 168
174 281
17 298
196 200
148 264
251 285
82 158
172 282
34 130
39 107
234 256
10 85
201 267
125 293
215 252
89 294
190 217
35 294
95 233
161 163
90 113
47 103
24 69
170 242
136 289
135 171
16 233
19 65
12 34
166 187
9 138
125 186
17 158
254 274
61 125
15 258
67 89
47 144
216 292
124 279
79 100
103 235
15 300
18 112
29 120
267 298
122 223
139 182
13 184
84 295
29 49
22 94
155 273
254 298
144 217
181 272
78 297
150 246
46 288
3 26
109 141
45 176
132 239
95 190
101 137
174 296
34 185
230 262
42 187
9 178
12 284
89 120
8 111
99 140
207 252
21 52
142 178
21 221
31 215
29 219
11 252
29 124
88 290
194 233
154 262
4 44
142 235
43 75
110 200
226 273
176 249
275 281
23 25
94 287
35 205
43 184
38 156
273 278
280 297
1 293
58 245
27 274
55 206
48 215
145 276
43 163
59 283
150 169
39 75
60 222
88 98
196 215
135 258
15 92
144 147
175 273
9 208
172 248
78 222
131 209
88 206
196 266
222 297
188 249
19 218
4 183
65 170
23 107
202 206
75 252
36 153
29 269
94 230
143 170
75 97
50 82
81 100
71 250
174 272
176 243
1 80
92 226
211 218
74 156
240 288
38 219
15 166
98 238
1 113
141 190
24 63
13 129
54 146
30 33
246 265
40 172
21 288
181 250
76 229
188 245
151 222
197 299
131 208
24 85
236 268
106 240
217 242
30 204
137 250
40 89
139 216
51 280
92 97
142 184
141 197
83 89
204 212
21 196
203 238
12 220
29 253
10 205
98 226
64 111
70 166
210 281
55 188
219 292
174 290
29 153
120 226
22 44
16 213
60 163
1 16
234 249
1 173
124 235
61 231
183 256
160 180
37 260
136 192
80 274
56 177
37 131
57 96
176 240
129 248
203 293
118 241
77 265
246 276
73 196
51 295
226 278
163 241
26 161
129 260
94 138
101 263
146 195
24 81
18 136
33 181
223 240
26 216
183 212
35 267
35 212
55 87
86 108
141 274
220 294
65 181
16 241
87 242
190 205
116 280
155 262
78 230
30 256
98 129
147 150
24 150
86 103
31 261
43 217
120 141
63 292
6 23
128 138
91 147
164 296
43 136
108 208
159 278
141 212
78 86
6 141
133 192
157 187
111 229
238 251
109 254
51 200
27 151
103 116
165 191
140 185
260 277
56 229
62 217
128 170
51 209
107 291
57 101
235 241
187 200
28 212
17 75
144 212
227 239
135 191
25 84
118 298
99 197
212 256
153 276
57 292
23 63
70 192
62 161
32 206
60 280
39 222
3 258
2 74
75 289
119 195
85 92
46 142
77 217
30 81
256 294
75 154
100 211
207 208
189 212
128 129
56 292
11 143
219 246
198 283
165 174
63 238
17 249
85 253
35 103
30 252
233 253
119 271
38 160
100 230
26 166
60 277
69 74
126 198
16 143
91 96
159 187
154 233
6 288
110 210
111 279
14 106
155 167
35 245
17 148
173 255
64 255
243 290
213 280
76 122
167 256
54 284
7 212
87 235
185 294
23 45
147 263
23 31
181 196
72 113
4 172
172 242
50 221
73 207
40 102
130 199
97 206
227 229
179 290
187 276
12 252
191 239
59 164
98 248
48 168
126 248
49 294
17 232
28 260
88 264
50 247
151 205
12 251
86 111
220 284
17 226
21 131
41 56
285 296
67 179
63 197
37 288
145 291
35 248
185 300
108 168
19 105
5 78
31 235
147 151
195 221
122 235
16 149
265 289
61 123
6 199
25 229
1 36
13 163
63 200
145 225
29 178
133 216
7 35
54 124
83 236
28 265
22 104
169 194
36 197
4 186
202 217
29 167
57 290
140 295
50 72
140 278
121 176
175 290
37 101
126 288
130 254
210 218
265 291
129 174
78 196
30 263
10 156
129 285
70 73
97 289
163 279
163 183
168 192
185 194
77 135
14 163
37 225
104 123
89 249
172 210
92 294
189 290
84 255
94 273
22 28
40 107
19 247
8 20
91 111
47 215
36 228
21 239
66 80
47 249
141 263
170 254
58 268
87 278
26 153
239 252
6 15
48 86
64 258
195 288
216 268
60 140
79 211
125 247
11 64
164 210
49 290
22 282
201 251
192 297
162 293
202 270
53 100
36 91
166 204
30 274
109 283
40 282
23 199
37 49
25 276
61 85
42 110
134 261
202 297
55 280
208 291
39 50
54 108
30 213
25 32
90 112
31 275
192 256
26 38
84 158
65 150
62 259
88 154
144 242
164 200
61 62
162 165
126 247
121 287
59 71
132 220
74 172
24 158
132 271
112 216
33 56
52 73
248 261
168 232
61 64
122 251
94 225
165 270
164 231
16 150
88 259
214 239
164 292
19 53
28 96
22 66
205 238
26 90
36 66
239 242
213 238
230 282
211 221
80 85
150 212
52 135
71 178
12 160
197 249
33 280
236 240
135 295
33 105
90 143
246 280
244 278
177 260
56 203
98 143
52 175
95 165
16 222
57 291
109 174
62 175
71 267
66 68
91 119
88 248
94 269
98 206
239 296
63 203
18 29
84 221
62 185
97 186
108 122
176 211
13 54
182 225
68 127
141 175
61 142
22 86
6 299
15 153
192 208
27 288
88 146
172 263
20 207
208 255
47 61
85 279
181 291
172 265
42 77
101 281
48 172
131 281
81 297
70 143
73 261
92 136
148 188
118 210
14 258
16 295
103 127
9 245
61 205
6 41
184 186
59 248
120 138
58 284
109 170
86 113
91 181
109 215
21 108
107 152
34 275
223 285
19 176
69 137
108 256
89 226
71 191
18 75
38 139
238 247
187 190
61 167
130 298
35 51
65 69
151 164
132 156
138 175
29 291
161 262
18 142
236 300
38 200
12 173
172 181
148 218
15 223
72 275
88 284
1 106
39 173
40 77
24 100
27 81
207 240
48 217
15 211
129 258
103 266
24 196
209 231
76 255
191 267
89 186
95 181
11 28
289 296
221 232
71 73
281 283
79 190
12 150
12 119
117 264
18 243
114 235
200 208
167 233
25 102
211 300
154 266
6 55
67 104
2 214
114 156
79 98
28 216
112 153
62 265
58 88
23 41
29 48
168 248
194 200
145 222
93 122
26 257
13 83
6 131
244 286
29 251
148 204
72 244
194 211
234 242
39 55
168 198
34 218
239 283
166 297
294 295
146 227
55 252
171 198
251 252
166 271
111 252
221 250
158 212
181 246
1 152
56 163
188 239
45 161
175 178
259 296
45 117
24 59
45 227
175 189
203 225
181 255
96 127
104 173
39 271
236 242
9 93
243 297
158 223
6 63
37 73
244 299
25 227
245 298
164 167
120 194
185 252
33 246
78 115
104 273
42 63
164 171
159 230
183 250
204 271
22 51
78 278
12 83
162 184
32 54
61 216
65 220
156 254
73 94
6 164
168 169
19 88
27 189
160 184
148 247
254 273
60 61
234 266
122 298
159 207
245 280
107 109
135 232
42 96
128 214
65 174
168 220
30 71
146 251
96 290
39 149
203 232
28 100
150 284
81 279
94 97
179 196
57 173
188 280
148 187
8 243
57 75
77 141
63 263
32 156
98 203
227 257
104 181
101 200
113 244
76 200
14 234
167 279
129 149
169 257
58 77
32 166
132 179
52 101
147 152
46 80
182 263
159 268
188 258
10 90
42 262
233 273
150 275
228 255
172 261
57 296
89 298
90 155
32 204
274 299
38 147
27 54
101 132
168 242
64 67
36 98
168 194
264 267
138 142
196 249
63 236
54 112
182 246
130 231
39 120
33 167
4 161
85 216
262 288
104 165
12 104
137 265
135 211
16 152
8 190
138 269
131 186
247 279
250 260
71 185
144 247
82 268
37 184
80 156
23 152
31 96
138 244
196 262
90 116
33 125
89 260
231 275
221 264
232 268
14 271
39 295
25 129
168 227
206 233
38 86
230 275
43 144
107 256
80 116
126 182
19 287
242 260
38 288
40 175
69 227
20 60
19 180
137 288
11 30
204 221
92 201
226 295
16 292
69 153
105 133
19 171
214 266
34 163
155 162
60 293
18 64
154 156
60 278
136 256
82 120
45 245
42 43
205 249
147 219
3 257
160 163
45 126
76 230
272 277
100 180
31 61
174 189
69 165
78 181
163 292
19 54
16 53
57 284
24 57
136 155
181 292
162 279
113 148
31 299
9 162
35 144
54 136
30 210
40 120
152 185
240 248
7 41
268 273
76 165
122 146
29 187
176 285
55 287
280 286
70 104
106 280
184 248
43 139
107 147
41 88
144 192
49 59
37 138
81 227
1 38
12 165
102 298
17 243
95 271
105 275
34 132
90 154
39 160
137 282
103 172
22 259
93 277
116 293
259 273
110 121
157 260
137 191
193 274
116 133
90 104
141 297
29 276
73 208
119 250
96 154
157 288
164 201
52 63
236 290
122 141
23 162
9 226
90 165
66 282
84 288
72 99
134 234
54 226
8 140
2 159
211 274
24 263
40 199
109 229
108 134
152 192
25 69
110 190
142 163
95 278
13 25
144 248
97 131
86 261
7 217
157 223
149 288
27 144
202 237
31 253
77 244
161 184
153 166
25 28
178 212
21 214
141 169
78 256
144 146
198 215
37 272
7 153
9 192
229 261
23 280
93 221
74 290
141 165
152 287
8 178
116 295
84 148
171 243
90 260
60 67
82 135
173 247
274 296
38 73
35 175
55 129
190 280
77 170
185 254
262 263
159 171
238 252
43 275
18 283
60 96
193 240
201 232
55 279
36 172
164 183
15 18
21 250
74 99
253 271
38 41
235 255
39 237
28 153
119 288
114 232
9 78
49 194
110 246
124 193
56 198
35 258
107 210
42 127
276 296
206 272
51 172
117 241
118 193
14 183
213 282
116 284
76 123
158 261
139 231
39 143
78 160
222 293
196 265
72 159
97 233
121 132
141 189
6 92
192 239
177 220
241 296
1 41
84 207
165 177
248 254
140 243
60 192
137 193
51 261
176 219
2 97
13 43
32 270
57 238
55 125
200 292
56 223
158 210
16 106
14 82
35 298
124 231
55 210
30 248
55 115
69 250
220 290
50 213
2 183
74 239
60 224
29 191
10 13
143 163
44 226
14 114
127 217
10 151
92 109
104 122
90 138
3 47
56 87
34 87
26 49
126 221
43 281
182 236
144 181
111 166
30 231
131 216
84 114
161 225
154 252
145 157
1 147
18 271
153 235
125 266
175 238
26 43
134 271
113 152
29 215
13 245
105 173
44 151
8 285
85 112
6 214
60 102
93 184
75 242
115 182
94 250
174 277
2 280
166 245
28 151
31 177
200 299
238 265
27 163
46 129
151 198
112 235
116 189
242 275
158 229
58 282
47 131
95 184
128 247
13 227
12 174
37 279
58 293
43 158
86 177
251 295
36 82
65 146
34 167
66 175
22 228
19 297
38 231
45 56
95 161
10 29
22 237
220 295
78 176
23 89
156 220
19 205
146 213
21 69
92 137
185 277
22 254
62 260
186 284
57 213
173 293
29 139
22 71
174 188
199 300
229 255
9 18
36 185
141 294
121 157
21 38
73 289
13 277
115 136
123 152
48 94
8 182
20 277
181 185
45 151
166 186
192 202
123 174
230 246
116 129
78 190
161 178
22 207
206 278
132 266
134 215
19 141
253 276
169 232
149 190
208 210
209 260
180 227
56 75
51 71
99 252
149 205
47 253
265 280
44 94
149 217
103 281
224 297
111 218
196 296
43 291
80 104
80 271
38 173
50 129
230 232
25 273
68 82
35 249
37 91
126 267
34 70
106 284
9 68
83 169
45 78
94 267
66 211
4 266
19 229
3 242
96 293
50 121
77 94
10 288
105 171
98 164
280 298
12 276
154 179
4 136
65 186
207 216
98 170
209 247
126 139
182 199
241 254
4 93
113 261
12 15
7 112
36 57
23 225
53 75
273 294
67 115
4 69
58 225
211 215
111 198
146 245
110 157
118 224
75 150
215 262
15 247
58 175
129 135
37 133
109 275
17 141
8 172
77 212
35 109
149 247
28 178
92 129
169 197
208 238
195 225
52 185
13 100
141 168
148 150
60 257
54 196
91 274
19 267
116 234
251 291
167 258
16 154
56 262
108 133
185 243
14 249
115 247
89 268
130 255
35 287
41 142
98 287
56 91
226 285
20 265
9 122
101 261
47 293
136 183
82 118
62 87
57 120
166 218
15 283
129 266
180 184
23 214
110 198
12 159
158 284
3 195
173 180
106 270
10 253
245 248
21 179
128 295
67 84
211 246
260 268
29 135
145 256
206 216
38 90
114 150
152 274
266 279
134 269
53 292
15 129
49 257
91 255
115 193
96 157
122 216
60 193
125 270
9 133
285 289
194 240
94 175
75 183
155 237
182 245
176 257
19 290
79 189
96 183
102 249
35 53
202 243
250 297
85 140
210 259
65 274
207 214
135 208
15 229
34 106
67 192
172 266
164 280
4 140
22 248
61 138
14 122
268 288
158 268
217 255
28 194
73 168
132 207
276 298
128 291
24 45
203 299
129 168
244 272
219 290
188 196
102 132
11 60
48 72
24 286
14 219
121 198
237 258
76 112
139 247
1 254
9 77
54 232
128 139
98 125
52 189
75 191
190 236
24 75
57 209
187 231
148 158
127 149
6 173
3 281
91 246
113 136
157 291
122 205
232 279
26 36
55 132
120 240
218 292
100 231
13 286
62 83
73 198
46 100
22 151
11 150
189 235
20 203
10 225
73 113
41 91
39 183
116 147
11 36
145 293
245 250
155 269
3 283
76 260
194 241
126 294
277 292
22 231
12 99
201 276
261 270
92 208
102 188
27 110
258 278
93 149
62 208
63 251
151 291
11 258
165 251
99 121
6 139
113 259
127 221
27 67
134 265
203 230
99 136
266 276
73 187
258 297
22 192
57 175
135 206
131 223
173 249
39 258
93 95
52 202
9 188
53 203
206 245
187 267
12 55
234 294
61 74
16 51
13 65
61 143
231 249
40 49
188 282
9 183
185 275
41 127
73 201
177 278
214 269
113 297
82 117
183 296
87 158
48 220
15 274
9 283
56 234
233 292
26 113
76 137
131 295
84 209
285 295
88 191
66 84
94 113
11 41
148 233
4 13
117 238
3 207
171 187
289 298
189 209
116 281
132 172
160 278
225 276
128 240
27 164
55 92
143 152
152 261
28 273
33 238
136 151
238 245
55 83
17 267
149 278
2 127
133 171
152 181
216 295
137 237
124 197
123 283
94 182
239 289
119 244
169 288
32 292
95 256
159 179
34 145
45 293
65 126
136 210
76 242
76 249
53 74
81 237
87 221
67 191
125 152
51 127
195 242
229 299
129 221
77 183
169 224
42 69
80 248
235 242
128 212
18 215
120 230
37 265
99 287
167 230
13 221
162 257
16 243
49 226
239 243
263 286
202 300
225 247
172 188
188 235
88 150
10 116
112 117
220 230
213 231
115 158
258 274
95 251
18 259
161 217
29 165
4 232
117 179
23 179
40 60
101 148
28 125
60 216
16 219
63 150
84 140
155 178
12 249
167 176
39 292
119 131
161 295
166 272
34 216
20 40
248 265
54 174
51 174
10 270
18 254
152 200
181 211
57 206
194 270
72 256
76 284
182 299
6 40
132 191
89 295
31 285
9 12
122 295
99 227
59 139
140 143
4 228
179 201
105 293
84 139
175 281
95 298
109 134
180 243
128 155
166 251
32 123
39 218
51 211
33 274
37 254
42 268
154 155
23 70
25 240
2 154
11 86
70 149
9 184
73 259
86 211
158 189
140 236
59 298
70 97
118 133
188 205
63 90
113 228
59 281
96 201
15 151
14 138
173 219
113 137
46 91
43 242
37 56
187 260
5 267
111 221
91 295
109 136
170 187
49 99
161 268
237 247
84 174
21 144
61 239
33 179
66 123
215 294
91 104
48 265
74 266
148 279
93 232
207 287
131 218
195 269
148 255
249 265
156 205
77 246
134 201
6 100
87 120
133 148
7 242
162 205
19 131
127 277
42 155
50 283
79 265
27 133
14 192
37 195
107 248
27 237
124 237
156 288
146 246
35 226
211 216
227 282
118 135
98 204
147 176
225 232
113 276
182 285
84 253
20 123
30 182
18 61
59 132
90 118
165 258
172 229
45 192
268 280
63 101
43 79
179 294
43 157
110 196
55 204
10 221
139 219
93 222
281 297
248 296
2 261
17 28
152 292
4 52
158 207
122 230
43 127
94 253
52 172
111 155
49 276
270 298
165 239
30 65
37 227
90 208
166 212
66 86
51 68
123 252
35 210
62 181
159 232
33 221
137 164
54 96
103 118
137 295
146 261
235 256
284 296
38 107
10 114
71 211
42 46
27 256
235 298
276 290
187 215
57 268
249 274
156 280
230 244
157 232
133 230
249 291
217 244
27 56
82 222
117 229
231 232
79 82
25 51
33 155
19 72
93 174
107 144
10 197
27 248
26 141
24 50
190 218
84 181
179 283
58 290
131 221
170 241
65 149
35 131
9 89
60 170
79 238
169 262
55 187
175 215
15 188
101 139
69 277
74 160
76 100
102 131
233 234
124 285
125 151
130 300
123 203
55 289
91 258
60 253
16 237
74 242
144 155
158 243
101 284
31 295
138 290
137 270
42 163
38 218
70 92
26 57
86 118
129 164
39 278
53 157
73 107
95 293
5 285
173 201
218 246
119 246
154 213
88 198
255 273
158 296
144 179
25 247
150 259
51 267
107 223
50 296
97 204
80 106
26 138
134 210
236 241
93 297
209 212
273 284
93 286
40 126
66 187
52 255
39 207
18 34
128 197
278 283
128 250
34 56
107 133
1 249
191 276
271 282
38 198
25 188
161 219
5 41
180 228
102 191
27 120
92 248
95 235
154 272
33 52
65 176
84 108
12 296
20 252
36 224
51 197
220 252
63 111
50 262
119 242
216 277
216 265
187 222
222 252
72 135
188 211
91 206
123 220
128 220
65 106
126 230
102 200
35 126
182 290
211 251
85 297
196 239
80 279
103 291
189 255
22 35
79 297
95 179
149 298
243 265
152 241
79 120
56 70
14 236
24 88
22 56
9 154
103 273
98 225
139 185
95 201
60 255
112 230
106 189
148 151
238 257
72 140
209 230
229 278
21 31
177 232
7 102
171 269
86 213
168 287
235 262
189 246
113 246
239 255
78 180
28 188
19 110
129 271
119 186
269 300
118 227
149 169
2 168
6 47
156 172
179 194
37 297
245 268
47 80
100 275
27 112
38 104
11 107
37 69
13 170
24 237
173 204
39 284
6 176
2 142
199 201
181 275
185 202
85 235
28 146
56 245
276 293
146 267
297 300
44 288
29 190
141 176
18 216
15 38
139 262
24 223
142 182
285 286
78 294
91 202
125 155
110 211
29 64
176 204
188 286
38 78
28 157
188 296
191 199
90 166
266 269
149 189
56 207
62 165
65 198
18 36
56 184
168 199
50 156
71 77
151 174
154 180
108 215
36 55
37 281
163 178
56 215
19 163
65 103
16 290
185 273
12 152
217 239
7 243
210 285
23 148
135 267
48 54
4 263
8 238
6 54
189 239
77 191
26 139
266 296
38 274
23 39
175 226
21 122
33 124
24 200
39 228
194 263
56 134
40 100
72 284
71 214
164 196
41 249
12 81
102 286
100 287
20 180
21 147
98 230
195 281
184 279
69 183
57 288
42 247
98 109
122 233
28 183
111 177
198 235
20 250
5 223
92 104
92 244
116 216
89 244
29 71
11 153
118 202
10 19
31 229
157 171
59 244
134 172
83 147
184 243
78 100
165 277
45 261
169 294
45 266
91 261
64 204
212 223
11 294
208 223
104 184
33 224
113 146
45 202
8 99
24 245
137 247
121 270
161 191
179 267
46 64
100 257
59 216
19 73
130 172
164 237
47 232
187 287
128 179
88 172
53 274
153 299
140 224
44 138
33 86
124 226
230 234
193 264
159 243
3 178
40 273
7 95
203 252
33 128
7 36
25 291
151 200
216 299
134 198
36 96
209 264
78 118
21 88
72 289
107 151
109 175
60 260
91 185
33 38
190 256
84 104
50 158
171 214
29 141
238 248
125 237
122 277
146 276
88 234
83 205
42 258
43 143
16 267
52 272
41 243
41 203
128 282
121 146
144 286
205 264
32 168
156 183
157 195
104 274
113 119
144 209
92 180
88 293
25 55
1 114
61 93
47 300
214 282
150 252
123 272
39 234
59 172
18 145
130 173
24 157
62 166
56 133
23 276
57 80
42 83
21 205
74 202
6 256
17 274
14 75
158 247
9 136
219 227
16 180
79 146
119 210
199 214
161 288
157 255
61 179
19 186
2 112
195 234
4 7
212 265
162 201
142 152
148 278
94 277
17 112
32 77
53 249
99 210
199 231
101 238
21 132
18 192
128 164
22 60
58 296
211 252
101 229
61 86
20 223
87 286
2 23
181 288
178 244
91 126
274 289
100 113
212 280
31 103
251 274
21 283
197 236
241 257
84 251
150 300
105 268
35 136
259 282
179 261
15 251
49 196
27 113
135 286
213 284
188 228
142 200
59 173
49 55
69 178
11 228
131 285
60 269
101 194
37 113
61 250
63 76
13 71
166 248
57 124
109 131
133 211
78 96
63 140
186 235
95 101
116 167
157 241
44 140
108 171
81 259
29 151
5 46
76 185
24 188
137 292
24 124
82 264
148 189
82 290
104 256
126 214
81 174
36 58
100 203
29 145
259 298
88 119
80 261
11 207
134 279
241 262
28 277
16 174
43 263
53 177
230 295
191 262
106 274
80 119
137 221
118 181
59 103
111 270
138 166
99 122
148 222
89 103
143 166
48 200
33 138
46 250
22 214
263 268
218 252
9 263
5 51
35 219
172 272
223 244
211 288
193 265
47 243
26 82
59 84
39 226
88 209
23 64
102 138
228 230
146 260
148 254
278 296
183 235
157 239
11 15
221 243
37 126
9 160
35 46
158 266
114 132
134 180
2 226
179 259
24 170
34 257
25 108
19 82
51 231
66 193
61 229
101 245
78 201
7 28
219 287
102 257
22 287
192 196
112 185
144 196
79 92
109 112
41 270
93 203
49 85
9 267
197 229
202 264
41 247
79 144
124 292
124 273
201 280
107 121
212 224
146 278
11 271
19 128
201 294
18 72
73 249
68 98
81 282
150 285
25 202
63 272
10 125
59 213
157 253
1 26
201 265
29 115
161 243
158 218
140 153
173 192
99 213
110 250
104 260
145 292
63 159
55 96
135 246
116 199
244 245
5 145
85 243
157 216
10 152
269 293
80 236
32 99
121 267
33 273
12 63
33 42
1 252
53 288
153 216
26 92
115 156
70 120
20 289
121 162
24 135
223 250
60 85
167 270
143 264
73 119
34 47
158 178
223 230
76 221
68 238
69 296
68 191
52 61
112 288
17 210
168 225
297 299
170 235
247 251
125 131
25 151
83 157
77 238
63 206
278 287
250 252
176 183
206 221
65 184
149 258
154 216
148 161
214 235
42 209
120 161
17 201
128 192
125 246
73 223
109 117
36 134
173 190
123 153
168 213
96 217
67 144
271 288
60 265
108 298
125 254
173 195
216 246
174 257
132 280
30 123
235 293
110 192
28 243
83 245
248 284
35 184
7 103
75 207
224 270
243 247
62 155
48 165
43 269
16 256
29 36
13 88
36 67
191 228
140 279
55 77
15 138
143 158
31 62
75 275
197 244
88 230
80 93
37 43
50 117
188 195
100 194
6 248
89 112
127 167
167 215
135 192
132 164
121 155
29 271
53 191
50 170
45 196
257 261
43 113
45 132
217 285
120 163
90 195
50 102
3 280
253 266
206 246
57 180
83 269
168 236
49 278
40 249
4 268
118 299
119 276
4 185
86 219
77 269
4 142
201 247
123 136
87 196
11 287
25 60
233 237
101 165
14 142
29 32
187 226
154 267
95 227
103 202
45 64
123 137
45 140
19 90
5 43
242 264
269 280
62 205
45 135
105 287
111 186
12 227
23 128
107 168
212 251
87 195
149 295
4 49
259 266
255 297
163 208
55 222
117 155
29 238
112 190
20 173
6 31
103 185
27 33
198 254
37 280
3 223
224 280
116 240
31 95
98 295
25 81
57 299
183 284
25 236
195 235
85 183
27 97
15 203
53 57
7 106
17 265
158 166
59 66
214 286
135 148
89 285
97 239
210 291
127 271
58 82
148 159
146 208
147 244
214 264
18 300
111 248
206 241
68 288
18 290
105 144
11 112
88 210
131 205
146 270
62 102
90 134
197 277
19 40
23 69
117 272
133 223
37 286
149 239
58 281
191 289
2 50
7 175
93 251
106 114
42 44
167 263
98 251
5 192
110 237
72 146
66 133
140 155
191 240
283 297
111 246
70 172
78 245
34 105
180 235
145 266
238 286
102 299
121 122
32 199
169 211
106 156
82 234
74 227
45 118
212 287
141 161
114 209
61 282
24 148
3 33
95 291
136 288
6 18
51 240
209 243
62 284
131 271
52 139
49 249
197 219
23 267
146 277
154 171
144 297
80 257
19 250
217 273
234 290
21 89
234 241
134 165
103 262
109 247
44 157
46 120
18 242
209 222
135 280
49 299
64 236
57 254
149 221
66 235
223 271
18 241
140 182
154 287
121 293
63 204
20 78
174 246
25 147
21 80
43 149
28 291
31 224
63 147
21 292
28 76
126 279
50 234
58 75
143 294
3 254
77 247
58 181
70 232
219 255
167 206
7 147
123 250
176 289
11 218
141 230
190 288
134 171
105 157
235 271
6 228
237 263
148 166
166 242
159 265
134 224
40 202
103 158
164 298
90 244
165 179
176 225
80 230
182 239
65 280
46 183
3 117
21 272
1 63
103 164
116 174
55 227
199 254
246 273
145 148
136 249
8 78
127 272
87 185
252 265
1 222
27 84
9 217
29 73
131 278
5 243
181 210
79 274
46 181
136 171
120 242
134 177
26 59
10 98
14 293
20 106
19 100
264 295
63 297
170 201
95 192
203 224
22 87
171 291
82 113
36 42
26 179
104 266
87 168
188 218
167 182
16 69
14 145
31 165
110 208
79 200
177 193
8 94
238 296
171 222
61 272
42 177
9 158
165 300
80 105
34 90
123 276
11 19
48 184
44 168
211 284
60 230
107 251
149 200
253 293
100 294
138 222
242 276
27 184
62 239
136 248
26 239
181 189
168 271
219 293
20 165
59 267
105 129
21 284
88 178
2 148
39 274
59 147
39 54
42 212
229 265
128 249
104 265
190 267
175 230
124 182
44 88
71 111
197 263
25 131
50 263
32 146
39 96
72 295
94 239
211 242
51 146
102 111
134 200
190 212
32 269
19 195
75 152
245 292
227 275
235 276
72 120
107 262
48 195
122 294
111 130
85 157
184 185
170 236
109 261
10 244
103 162
243 287
104 295
136 200
209 210
20 275
296 300
37 116
13 216
268 279
22 182
57 297
46 150
95 210
34 210
17 89
2 230
18 205
1 137
270 293
54 132
33 265
165 223
113 292
91 199
164 276
149 151
86 135
54 231
102 184
7 23
44 204
97 201
188 241
11 105
177 218
138 210
119 157
231 266
10 132
62 95
8 55
206 271
54 211
83 95
2 147
59 135
57 110
161 227
63 80
2 32
258 268
96 176
172 270
116 256
92 167
88 267
85 206
106 110
85 138
100 173
70 99
77 111
52 292
106 197
38 105
63 77
50 281
138 145
247 276
71 102
62 91
129 210
3 154
183 248
135 165
10 164
27 126
176 295
202 215
144 232
27 276
65 247
13 117
91 282
67 86
107 207
48 116
61 67
115 253
172 234
68 183
184 227
263 264
175 187
74 90
2 195
50 289
87 244
32 92
82 204
104 105
128 233
32 221
132 223
109 179
269 284
6 97
210 221
77 258
200 230
106 209
80 250
12 135
53 241
163 226
128 276
175 247
115 251
233 248
99 193
44 47
77 80
123 195
6 13
22 108
215 230
192 273
127 291
114 227
74 151
111 230
193 198
186 289
82 293
292 299
113 156
13 207
182 185
186 198
13 52
33 227
35 236
87 297
129 265
133 142
88 237
100 196
189 233
38 202
18 20
74 88
29 91
5 229
48 177
178 290
38 275
26 156
160 205
98 245
109 115
114 207
24 70
7 219
214 280
47 133
49 189
113 279
170 257
86 229
104 128
128 275
29 233
50 142
52 205
155 236
111 267
205 207
91 113
142 226
197 223
19 270
124 229
65 231
90 121
124 258
6 35
230 243
233 243
150 213
98 146
258 267
150 220
46 226
32 124
8 60
157 254
9 277
100 165
165 265
16 141
8 184
172 276
18 202
4 113
201 292
101 233
278 279
2 31
244 284
231 268
106 236
55 207
89 217
61 124
250 255
124 202
150 181
260 274
31 123
214 238
16 220
91 218
37 53
36 255
20 257
138 183
135 183
14 180
285 294
34 236
22 107
9 57
20 118
95 290
178 236
134 240
130 285
27 208
1 163
86 258
78 175
28 186
76 196
26 211
97 258
39 277
55 146
243 253
134 169
34 75
154 174
79 147
171 219
150 223
12 157
53 216
49 104
27 272
81 116
73 139
8 210
146 266
268 274
181 204
1 58
65 228
193 195
21 149
24 58
197 211
222 280
15 116
1 233
39 243
2 173
41 101
69 249
113 269
177 253
160 236
32 45
163 175
121 129
79 275
3 69
75 293
123 268
201 283
164 205
74 149
117 298
174 295
65 191
11 91
39 227
33 68
47 153
78 137
47 77
119 191
92 236
51 208
13 186
202 204
212 290
184 214
5 152
215 231
166 269
206 219
49 91
214 267
62 231
247 273
109 281
93 132
75 222
2 69
32 230
60 229
52 238
179 236
106 203
88 199
166 175
135 177
63 227
102 140
43 120
110 247
201 240
18 46
233 255
23 288
57 286
275 287
64 89
51 159
43 178
26 160
63 69
218 260
101 176
73 254
30 216
198 214
81 195
34 112
9 14
25 109
41 185
126 156
117 234
117 189
55 171
218 258
58 113
55 258
61 81
154 273
26 163
239 240
266 274
187 240
87 265
232 300
88 130
29 277
62 143
40 188
221 254
215 293
53 92
62 216
25 180
167 205
198 222
231 277
209 238
4 235
95 120
115 289
183 247
89 153
32 242
43 209
125 201
179 218
65 68
141 259
142 228
31 127
138 249
232 257
9 224
243 258
78 226
61 220
230 236
108 192
23 246
244 264
15 106
96 177
63 255
228 267
291 294
128 193
143 245
213 287
100 239
82 286
180 221
35 59
94 249
23 72
177 181
92 172
184 289
43 259
53 181
4 151
99 181
208 270
113 205
61 228
193 219
145 253
57 300
174 181
207 248
30 94
14 147
96 282
171 216
145 223
100 290
184 256
100 247
107 142
32 265
104 202
185 222
112 226
85 229
194 214
54 245
90 181
224 225
126 160
24 44
116 120
257 281
115 300
109 118
98 121
24 68
176 180
30 130
200 287
118 246
67 186
169 245
50 57
79 191
4 17
12 18
146 194
92 250
232 259
66 280
210 240
44 298
55 212
15 299
88 202
102 103
3 107
130 257
255 299
27 263
50 135
49 201
206 258
146 161
152 246
73 246
85 146
45 217
158 165
35 297
81 175
90 156
115 198
50 216
191 254
6 257
9 45
222 244
33 254
46 151
6 169
106 290
161 261
129 187
233 264
54 225
207 278
50 88
76 219
68 222
49 170
3 300
135 264
178 190
26 142
179 253
28 220
70 130
90 183
114 253
207 235
16 273
71 287
25 230
204 207
58 205
200 285
31 186
16 188
101 186
166 230
150 268
41 139
17 44
121 182
60 88
162 206
54 181
14 218
57 81
8 75
225 241
78 291
217 295
2 36
180 279
78 208
37 268
28 226
73 109
251 261
110 113
184 246
20 296
165 180
104 247
94 103
37 240
25 232
35 76
132 300
139 163
24 53
98 193
129 175
175 212
28 40
39 88
128 200
31 197
118 200
73 99
176 185
65 171
15 268
152 165
133 238
116 201
98 119
222 256
71 124
261 285
11 101
105 254
54 271
27 37
66 136
41 293
273 296
137 226
155 170
13 169
139 194
189 267
236 258
113 274
34 45
49 101
64 86
209 240
162 295
100 153
95 262
145 263
81 114
1 47
59 63
11 32
15 175
150 190
94 141
258 280
42 54
58 253
123 234
194 279
202 214
179 269
35 121
65 288
168 171
64 279
27 226
216 217
29 68
69 299
21 156
71 266
84 219
29 264
180 249
199 204
52 253
53 90
11 180
107 211
169 261
84 281
6 243
75 286
159 170
115 127
21 249
54 213
112 150
28 232
16 131
12 124
17 83
111 232
3 173
39 230
161 292
4 73
150 224
159 167
26 269
175 186
1 102
102 211
15 109
7 86
30 215
22 269
14 220
89 190
69 146
194 259
149 193
3 8
167 300
80 251
169 199
173 299
17 136
286 295
19 268
72 217
36 252
179 249
240 277
220 275
190 264
163 263
158 163
205 259
72 142
70 140
140 172
268 297
110 136
69 212
69 258
36 125
157 258
296 298
54 195
61 163
89 96
33 92
153 208
208 242
158 246
58 133
23 62
73 111
103 269
96 190
30 196
4 121
74 258
190 279
158 164
13 39
50 186
125 264
217 284
207 227
15 187
58 178
244 273
82 84
118 290
52 93
101 226
105 161
272 280
95 164
89 257
158 196
69 196
159 280
219 244
97 177
39 116
76 80
293 299
168 269
13 180
73 91
245 295
39 174
54 69
98 139
49 272
1 79
1 172
248 273
130 206
88 180
231 265
39 256
55 269
28 104
49 143
20 286
149 203
274 295
194 257
185 225
102 193
129 176
26 191
242 274
272 295
173 279
93 280
60 295
88 295
113 196
121 148
10 18
13 236
210 275
74 245
22 291
202 274
3 232
226 240
114 135
175 184
239 287
123 156
48 70
91 296
121 213
191 275
215 220
174 242
68 73
64 80
10 230
81 141
41 180
55 183
53 172
31 252
38 255
18 111
21 24
218 290
251 289
41 132
181 222
7 196
102 152
12 149
128 185
80 205
41 212
21 215
15 98
49 225
86 200
179 231
154 177
70 103
191 284
78 90
137 286
110 123
10 170
29 192
166 229
89 156
32 66
32 72
81 120
82 294
142 225
51 171
23 243
26 91
13 189
124 218
13 125
112 118
40 299
221 251
97 267
148 152
17 134
55 84
211 234
41 103
7 55
83 152
8 280
161 224
112 214
46 159
47 101
16 147
21 93
37 257
190 260
81 164
13 30
10 226
39 188
140 225
38 236
81 106
92 143
99 216
133 207
74 211
4 197
5 127
52 67
77 175
143 151
148 293
125 153
199 246
2 6
76 81
90 125
125 251
1 184
85 176
66 220
125 174
91 293
176 184
47 282
95 253
14 288
107 215
189 224
16 136
159 224
14 55
87 258
129 233
27 270
126 137
157 224
148 261
84 177
110 127
152 162
12 217
216 219
20 142
219 282
139 204
117 139
28 202
46 54
113 283
182 293
16 298
93 173
25 34
12 79
186 277
14 273
111 118
189 249
57 207
24 32
281 286
36 43
143 246
14 289
57 152
78 293
11 90
56 105
34 261
88 109
141 180
26 34
39 290
198 229
144 231
9 80
255 294
58 183
69 298
67 284
61 252
30 91
230 296
273 286
102 178
61 243
162 177
51 229
179 242
123 198
7 90
225 244
18 209
155 289
60 183
106 172
41 206
25 71
33 139
181 187
20 208
69 168
93 135
183 204
143 200
230 270
74 113
167 201
40 226
91 195
82 199
129 172
125 286
243 295
41 192
200 242
26 238
110 260
71 229
184 234
86 120
184 257
23 129
102 109
193 197
37 136
50 67
102 239
218 286
74 180
95 137
199 299
97 219
90 191
134 229
44 48
23 234
42 167
66 249
27 139
32 227
67 168
74 166
12 43
101 269
182 276
141 268
46 143
58 136
47 299
118 150
35 252
85 109
70 245
119 182
130 215
201 293
152 297
197 200
38 99
3 297
74 148
38 81
167 173
216 220
19 52
7 268
209 281
4 256
59 237
66 298
256 269
255 274
77 291
228 275
220 288
14 168
169 281
6 86
239 248
55 90
65 243
128 274
218 280
79 86
260 286
30 267
180 247
114 224
21 173
4 109
87 268
94 168
80 138
113 160
151 278
193 277
55 274
200 237
30 92
227 273
90 287
8 9
193 276
2 113
182 265
161 263
134 166
73 214
236 289
19 85
71 235
58 194
157 219
151 223
153 197
106 256
204 235
108 227
28 254
5 87
147 167
127 140
119 176
58 135
142 223
83 291
20 80
120 281
88 123
1 25
129 214
77 197
119 299
189 280
230 231
30 38
70 275
177 249
97 144
136 152
155 291
69 288
289 299
81 230
47 246
200 248
170 225
59 124
103 191
132 299
35 296
222 246
86 206
142 227
28 207
19 44
156 194
146 168
174 238
203 206
42 84
73 160
141 226
80 299
88 195
97 170
92 192
113 120
65 77
116 204
18 234
99 147
65 286
176 274
75 190
54 117
149 184
130 133
140 252
176 226
196 232
36 189
77 281
115 124
70 105
202 246
242 269
132 167
259 293
125 291
79 278
144 188
238 262
49 179
165 259
19 285
61 298
136 224
197 292
140 299
25 101
90 188
16 61
36 84
117 152
112 140
8 92
109 250
129 255
14 46
53 248
77 174
44 222
46 166
12 65
206 284
8 277
122 275
276 285
89 155
101 240
85 262
64 96
103 247
34 252
4 40
3 299
9 111
109 208
119 277
70 212
150 279
67 201
115 196
22 140
146 218
168 253
178 232
171 247
14 173
104 246
176 252
49 268
80 202
154 250
81 111
56 227
99 162
101 181
12 183
139 179
106 228
28 33
73 149
3 151
151 295
9 274
119 128
96 164
156 207
114 175
73 255
46 267
4 273
233 283
200 255
39 56
120 144
74 118
133 184
15 37
190 194
88 148
10 88
54 283
282 287
66 111
120 123
48 298
154 224
64 230
157 287
115 122
136 244
230 291
192 206
10 69
126 226
74 269
29 126
138 223
76 235
165 195
171 207
17 224
12 171
104 158
69 279
36 293
3 27
94 137
98 297
38 72
196 235
74 92
197 278
131 291
161 267
7 239
17 193
38 56
122 219
112 222
47 260
174 262
57 145
1 216
81 157
151 276
50 101
179 222
80 229
247 283
64 253
60 251
139 173
153 294
117 158
71 196
94 128
5 298
27 285
235 277
14 245
18 19
30 281
176 212
129 224
6 254
110 228
36 165
55 241
46 278
77 126
200 219
146 228
18 93
211 260
64 103
108 258
88 289
153 227
123 170
168 175
206 270
34 61
87 255
15 259
56 125
169 259
263 284
10 191
13 298
1 191
60 174
4 189
125 129
149 175
146 203
104 267
60 162
231 289
133 152
125 162
78 82
105 172
134 206
105 184
44 232
2 277
105 141
46 176
147 245
140 245
151 154
281 298
61 109
4 253
123 145
33 287
40 279
24 280
107 208
215 274
206 293
42 236
178 263
34 290
249 292
105 280
237 279
151 212
180 183
151 173
16 272
126 147
66 273
174 236
86 235
74 89
143 254
245 265
69 181
182 189
3 294
168 207
128 131
60 74
120 211
174 234
11 108
19 282
16 214
121 178
9 229
135 212
238 278
119 173
94 294
44 45
35 125
160 271
214 261
164 256
67 136
164 168
38 159
89 177
84 297
49 237
267 296
84 124
199 295
94 163
92 267
29 37
6 89
10 202
113 231
95 132
240 251
18 167
56 257
77 188
103 132
175 280
65 279
84 97
16 284
144 283
171 225
181 282
55 271
190 277
103 155
71 81
46 131
107 247
20 235
231 233
130 168
17 209
144 295
104 244
22 110
245 260
70 297
45 112
245 256
84 238
197 245
94 191
94 286
3 25
178 274
156 197
263 287
41 117
3 11
8 193
5 139
245 264
98 151
40 69
82 180
99 234
129 263
24 134
87 289
98 159
121 192
40 81
76 248
28 169
117 162
74 169
186 230
68 279
48 237
85 111
142 198
57 269
33 78
68 159
217 224
208 241
222 282
5 166
28 55
120 279
145 295
123 132
156 200
177 269
112 182
291 299
214 292
109 135
218 283
143 275
98 235
158 192
