32 435
16 26
16 28
6 10
7 11
12 30
23 28
19 29
15 26
11 23
4 12
1 3
4 13
29 31
9 17
24 25
17 30
1 23
2 21
11 26
4 24
21 24
4 23
1 22
1 25
3 27
9 18
5 10
4 15
10 29
8 31
13 30
15 28
3 22
5 31
8 18
22 31
20 28
9 29
2 14
29 32
13 26
14 20
2 27
1 26
24 30
8 25
4 21
14 23
20 24
9 28
5 18
13 25
26 27
17 27
1 14
2 12
7 19
8 15
2 10
9 23
5 8
23 24
9 20
5 24
13 20
26 32
7 17
13 31
6 25
12 22
3 29
2 4
22 24
21 22
14 25
6 14
4 14
5 25
3 24
3 12
7 31
5 30
3 7
2 30
18 21
21 28
12 19
13 28
7 30
14 22
9 12
3 21
27 32
23 31
2 32
14 28
22 25
18 25
11 29
7 13
7 12
5 26
3 15
2 25
8 16
20 27
14 32
8 10
19 24
7 8
16 30
18 31
2 23
19 23
9 25
2 24
12 15
3 5
15 17
24 32
2 6
10 30
7 28
3 26
20 29
10 18
19 21
4 30
9 24
11 22
13 15
10 20
12 25
5 22
19 28
6 21
25 31
9 32
6 11
1 24
7 24
1 17
2 31
1 8
2 9
8 22
1 31
17 21
12 32
4 22
17 18
20 25
21 23
7 10
5 11
5 29
4 32
4 7
11 25
26 30
7 29
4 9
10 28
8 24
20 23
14 31
24 31
16 22
6 31
21 30
14 21
14 19
19 27
4 26
4 18
10 17
26 29
16 24
13 24
12 23
13 32
20 21
11 20
9 21
23 32
28 30
10 14
18 24
8 32
9 19
2 28
12 21
18 26
1 15
4 31
11 12
9 16
4 28
17 20
11 18
19 26
10 31
1 5
8 9
7 15
1 16
3 9
1 6
13 16
6 30
8 30
6 32
13 27
27 29
12 27
16 21
3 20
6 12
20 32
4 5
14 18
5 12
7 20
25 29
22 23
15 30
20 26
15 20
25 30
27 31
6 26
1 21
8 28
9 14
6 20
15 22
5 23
9 13
6 7
5 28
3 14
19 25
21 31
3 23
10 13
13 19
10 32
15 23
19 22
14 24
3 13
10 19
27 28
8 12
5 6
17 29
2 8
31 32
7 26
15 31
9 10
3 8
11 14
16 31
17 25
1 32
7 27
12 31
2 5
17 22
12 29
29 30
5 17
4 16
17 19
9 30
7 22
2 18
15 32
14 26
22 32
25 27
9 22
7 18
12 13
6 15
1 10
2 19
6 13
26 28
13 22
20 30
1 20
5 14
15 25
17 24
10 15
8 20
3 18
13 17
7 23
8 21
11 27
1 27
5 19
1 18
3 4
6 19
11 32
19 20
28 32
23 25
7 9
15 21
4 27
1 11
6 28
12 17
3 30
11 15
2 11
7 25
24 26
4 6
7 21
2 3
11 13
4 11
3 32
4 8
20 31
22 26
21 26
16 19
8 13
30 31
11 19
15 19
17 26
18 20
13 23
13 18
1 12
1 13
16 23
10 23
11 24
2 16
24 29
15 18
3 6
3 28
28 31
16 32
6 23
18 23
17 23
19 32
6 9
17 28
5 20
5 27
10 26
8 19
14 15
15 24
2 20
12 26
14 30
5 32
9 27
16 18
2 22
12 28
10 11
30 32
5 21
4 17
18 28
25 28
9 26
11 30
25 32
6 27
19 30
2 26
1 2
16 17
18 19
13 14
11 17
22 28
16 29
1 29
18 32
8 23
10 27
21 27
18 27
24 27
6 17
8 17
3 31
4 29
14 29
12 18
1 7
1 4
2 15
23 27
25 26
15 29
1 19
9 31
18 29
22 30
12 24
3 10
14 16
21 29
21 32
8 26
14 17
18 30
9 11
15 27
18 22
8 27
3 17
8 29
11 28
17 32
10 25
10 16
16 20
