208 10344
131 191
36 70
76 187
35 96
148 174
99 206
47 178
57 90
38 156
187 191
13 131
70 173
158 169
5 151
30 164
124 132
125 200
89 202
21 167
109 171
175 182
42 170
176 203
174 193
9 67
40 108
108 158
59 153
33 119
11 40
21 127
99 125
103 170
20 104
23 164
37 155
5 32
118 129
95 149
3 120
61 71
26 125
61 158
31 92
109 197
61 102
37 117
198 205
18 45
61 151
21 178
1 190
49 200
111 172
1 59
80 183
53 207
23 145
22 184
43 195
141 173
167 179
58 123
126 203
85 158
124 186
195 197
95 188
81 91
88 166
142 191
7 81
77 120
27 67
32 165
62 182
139 157
26 198
25 88
43 111
45 180
85 88
4 156
54 64
62 100
149 177
17 161
19 155
44 181
58 71
43 154
26 36
68 79
15 17
119 136
67 144
119 153
84 201
7 36
96 104
56 117
33 50
128 184
61 108
4 65
29 51
20 77
90 139
150 186
2 137
10 11
70 77
95 98
69 189
44 108
93 121
44 57
21 196
86 173
30 136
15 177
35 51
102 128
174 189
59 136
108 121
33 186
71 207
70 141
76 154
11 67
170 199
6 140
56 156
96 112
60 116
96 135
179 184
62 118
25 108
30 206
79 169
21 54
77 152
94 184
96 119
151 197
70 113
82 98
17 106
34 202
117 119
74 187
50 177
35 198
66 96
143 183
3 117
189 197
23 97
15 182
49 118
21 172
16 70
74 79
132 186
33 34
94 148
5 27
104 113
58 185
54 184
42 143
86 160
42 115
68 194
48 102
72 136
91 152
120 155
147 150
5 67
31 110
80 189
84 98
60 72
7 112
44 171
6 124
116 201
91 99
69 143
15 164
2 174
149 201
10 168
92 143
79 193
8 130
113 147
57 80
22 40
56 160
99 202
40 143
17 34
61 85
82 156
69 179
29 149
85 185
159 175
47 197
196 197
73 107
128 165
14 48
142 203
43 102
4 37
143 178
126 196
105 145
88 171
6 78
54 174
61 171
63 142
99 147
94 204
27 40
40 128
70 188
18 105
96 190
172 184
21 162
46 75
76 170
139 146
46 109
81 140
71 74
51 86
89 96
181 183
9 57
26 34
136 164
88 92
77 100
121 172
41 173
42 203
39 191
133 161
163 184
80 196
103 199
61 199
33 78
150 175
60 122
18 198
7 198
145 175
70 180
94 203
5 168
7 19
127 143
15 66
85 138
107 158
141 145
47 53
47 79
168 191
63 192
64 179
58 171
13 103
97 202
129 190
55 91
19 82
40 162
106 156
5 76
48 195
142 194
12 82
143 192
19 99
19 175
98 159
93 157
179 194
68 74
45 96
118 175
14 138
14 126
3 116
30 173
101 182
31 192
64 127
15 82
20 59
8 38
36 173
78 83
17 66
124 180
111 191
132 155
162 172
176 196
128 144
6 82
44 187
82 201
5 128
126 162
59 116
91 104
89 130
118 159
64 146
75 142
172 208
70 136
36 125
72 120
43 46
136 141
153 159
69 165
130 188
140 177
116 149
84 135
14 192
8 104
170 181
49 124
133 150
37 145
97 118
87 127
172 187
11 115
31 144
30 66
93 193
32 123
41 133
74 143
29 135
1 114
56 81
19 20
4 152
51 112
127 207
84 95
10 138
56 206
36 51
69 80
126 169
96 113
80 191
104 161
30 155
40 208
180 202
65 70
162 192
174 187
18 51
179 196
171 178
25 93
48 107
31 166
149 159
129 160
36 65
35 188
37 99
178 185
104 147
16 49
13 54
89 160
7 82
80 123
16 129
34 114
112 182
104 156
146 181
34 59
91 205
138 208
10 13
59 78
73 75
63 162
171 174
134 142
69 146
137 194
159 206
68 187
87 121
13 151
10 142
52 186
170 191
27 57
14 137
81 159
35 98
40 146
24 119
22 90
7 84
122 150
10 22
92 191
132 205
46 54
131 163
109 151
74 139
20 164
74 138
77 177
31 194
144 181
19 136
45 62
36 186
18 132
77 83
58 204
79 208
139 199
93 166
20 180
156 164
197 207
39 93
35 149
4 175
118 132
8 17
54 193
112 120
39 109
89 173
10 185
92 185
178 204
144 196
56 159
136 200
24 164
90 127
180 186
23 45
135 177
79 181
69 134
107 142
105 188
32 197
67 178
43 92
94 197
136 202
94 166
15 56
41 155
12 100
136 145
140 200
200 201
100 117
61 165
14 146
171 183
3 62
57 151
19 132
37 86
91 149
48 146
90 107
20 161
43 87
60 180
3 190
23 124
176 179
111 193
75 184
22 121
30 120
107 137
53 170
35 150
28 80
59 124
112 152
51 59
60 95
135 155
121 126
65 205
37 147
80 154
192 203
90 142
10 199
13 76
51 118
3 198
102 193
114 175
69 154
78 161
64 193
74 107
9 151
85 134
125 156
68 162
74 174
166 170
58 64
110 128
34 101
148 170
65 173
24 155
51 60
21 203
15 175
54 67
61 110
22 61
98 125
28 58
176 191
158 196
98 164
69 203
7 30
73 208
56 62
21 174
154 172
185 192
126 146
128 134
58 80
97 206
22 57
66 180
81 201
103 196
17 41
142 181
148 172
24 72
112 130
31 40
45 97
42 168
8 59
2 170
47 199
131 172
134 194
77 98
8 97
106 177
138 169
161 202
36 124
143 187
61 148
103 144
68 204
165 174
68 134
65 159
81 205
33 180
127 199
105 182
56 78
111 208
21 63
13 61
8 200
52 175
9 163
82 86
64 148
6 159
94 189
48 57
34 206
118 153
105 160
6 180
70 91
144 187
115 199
44 137
152 177
36 129
6 150
101 122
1 83
2 157
20 105
170 193
157 169
15 91
80 109
32 154
97 149
65 136
12 70
50 77
126 142
19 35
176 189
85 126
175 201
46 58
15 150
30 98
158 181
57 171
68 158
193 199
90 183
2 178
21 171
28 107
11 80
73 80
26 147
161 186
129 177
70 147
17 145
134 143
60 117
59 161
182 190
68 88
99 186
34 132
36 37
12 52
22 148
104 132
67 107
185 208
100 160
40 151
94 168
123 169
155 175
62 136
48 178
54 61
4 129
29 66
68 87
84 119
18 37
130 155
1 150
59 175
55 120
166 183
53 69
137 181
41 77
109 170
38 136
12 26
62 122
117 141
76 79
93 146
139 154
82 159
59 149
86 105
84 153
57 157
32 189
183 187
8 129
147 173
127 131
6 145
43 204
29 45
37 120
25 71
107 203
174 208
55 95
36 164
88 90
139 203
20 30
57 131
90 208
57 174
83 190
37 49
49 147
175 198
62 164
109 128
33 141
16 77
33 135
62 159
46 151
4 124
53 208
45 98
130 132
23 140
122 152
88 181
44 174
114 132
43 48
11 204
126 168
25 189
14 196
134 181
38 132
5 167
94 126
65 156
20 34
78 106
79 170
124 159
108 154
66 118
112 206
24 41
43 131
40 131
122 130
80 134
40 197
10 115
158 203
155 180
143 196
46 110
42 176
94 127
100 153
92 189
48 194
17 56
26 152
143 162
1 24
22 43
42 137
42 73
167 192
25 54
2 94
36 133
35 114
12 161
138 199
167 178
10 128
18 153
102 167
94 194
24 114
16 19
65 89
91 112
80 176
4 24
33 205
133 173
25 185
41 96
176 185
82 153
118 201
103 171
42 71
86 201
7 104
6 114
174 207
100 118
49 56
65 152
38 152
118 150
128 196
66 100
164 182
106 175
176 183
128 142
186 206
154 193
42 179
110 139
114 133
23 96
107 189
86 136
69 199
27 28
83 180
84 105
71 110
73 110
62 81
36 140
83 175
4 6
7 97
25 208
29 145
133 135
91 175
3 112
85 167
59 206
11 13
167 168
34 153
56 72
172 197
37 205
100 136
97 113
18 30
95 147
16 26
5 170
43 208
26 51
85 137
34 36
14 170
62 113
105 140
12 147
5 165
13 32
94 185
10 144
80 170
114 156
19 122
38 133
30 38
126 181
73 157
75 181
54 165
87 107
5 88
98 190
97 156
84 114
39 162
95 101
79 126
19 50
75 170
63 187
125 136
15 23
158 197
109 195
137 165
113 132
50 55
168 170
43 184
50 72
11 162
14 22
162 191
40 80
9 146
144 189
26 205
109 110
15 29
197 208
134 144
48 154
112 173
14 181
98 173
37 106
95 177
91 164
167 169
27 32
115 197
64 158
110 126
27 207
47 184
48 163
117 147
32 61
145 186
78 100
21 73
123 165
35 155
3 98
71 204
160 198
25 139
13 73
191 204
1 188
88 144
82 114
31 137
88 207
50 91
98 188
63 75
53 194
69 123
75 134
80 115
98 129
72 106
84 141
30 177
10 154
107 128
25 69
49 96
74 189
80 181
140 150
170 171
3 33
168 194
121 187
90 167
191 193
12 114
47 166
179 187
175 188
6 86
169 185
23 177
54 76
53 204
99 200
29 182
115 184
40 137
81 96
35 164
116 145
61 93
27 167
167 203
123 196
120 202
43 107
113 135
17 175
5 44
145 152
112 125
181 208
70 159
27 143
143 151
11 193
92 166
63 203
147 186
4 30
41 119
60 202
49 82
79 187
153 190
9 162
23 206
101 206
108 193
47 194
1 104
138 165
24 56
20 116
33 97
87 146
72 91
197 204
2 110
108 168
71 171
36 190
5 42
108 138
44 134
55 101
27 74
169 179
76 199
66 86
51 117
98 117
14 127
79 168
43 68
116 119
6 113
26 155
65 150
19 206
48 204
115 157
23 95
70 155
43 187
73 191
70 81
80 151
56 104
61 74
131 166
61 191
172 179
46 178
123 127
143 144
62 116
10 178
162 193
29 41
144 176
94 128
25 199
12 19
52 59
1 122
36 41
101 153
43 127
30 49
141 156
168 176
119 164
168 203
44 102
56 173
2 143
151 168
71 157
39 195
27 199
65 147
13 43
94 143
48 110
41 101
8 106
145 156
118 160
36 98
84 130
17 19
27 79
15 96
112 132
61 67
55 135
26 140
91 173
24 82
25 64
16 136
82 133
122 147
100 164
47 191
171 184
193 207
107 163
58 134
48 208
15 26
93 178
117 200
32 47
15 117
3 105
3 200
55 159
163 178
56 122
76 143
31 170
68 157
15 186
1 117
106 129
104 129
31 171
14 148
98 205
14 151
92 170
168 172
50 98
51 186
166 174
63 107
36 78
15 34
98 175
178 196
91 180
147 202
65 160
4 26
17 129
124 173
49 70
62 120
101 188
38 113
108 194
60 83
1 136
25 43
15 145
69 138
151 163
8 182
102 151
61 69
125 129
43 110
81 161
37 119
14 110
43 178
66 72
103 208
74 144
32 192
69 137
106 202
27 31
75 169
113 173
45 124
73 192
19 160
98 198
68 183
194 208
68 185
121 197
133 152
85 103
6 125
158 179
21 68
98 182
7 91
9 63
130 141
51 125
89 188
104 198
126 192
32 42
96 101
109 167
32 174
163 169
15 180
63 185
89 180
126 143
89 182
46 90
20 152
168 185
165 166
158 189
62 96
27 158
115 165
4 117
88 108
137 148
52 116
139 169
148 197
46 94
160 177
126 128
127 172
86 202
4 113
130 147
51 66
3 16
118 206
47 74
40 58
180 188
162 185
25 67
113 164
45 161
68 92
2 184
35 202
34 65
123 176
60 141
139 197
4 161
31 75
99 188
57 203
82 140
123 199
113 198
24 105
108 110
171 193
11 110
19 105
26 38
88 103
71 195
38 98
94 169
155 173
78 120
92 148
61 169
69 194
139 142
163 194
165 191
32 75
1 86
41 161
61 115
20 83
36 52
9 169
171 179
35 130
84 86
41 84
48 126
79 94
128 203
121 137
140 153
74 75
102 168
38 140
91 101
55 105
25 204
94 115
62 98
29 133
59 86
58 154
39 57
3 136
137 171
31 142
192 204
97 164
111 189
5 154
123 157
91 114
128 169
99 145
82 145
33 104
157 165
30 156
10 109
141 177
36 159
30 96
179 203
121 176
85 192
43 151
70 120
151 193
41 200
71 185
98 206
128 207
70 100
136 156
168 174
58 208
39 151
75 151
127 137
67 137
120 180
34 124
151 174
86 100
79 194
130 140
13 208
163 199
119 182
46 71
46 103
3 29
196 203
92 196
38 101
26 129
79 174
38 50
13 134
156 182
84 160
9 109
102 207
65 72
72 78
141 161
40 195
70 98
196 199
147 159
79 154
64 181
68 179
60 145
39 199
9 64
140 149
159 182
122 145
4 89
33 45
11 75
43 57
99 177
88 151
105 106
87 139
143 208
26 35
34 150
112 190
163 179
54 94
116 161
93 165
107 131
111 146
82 116
121 128
22 71
26 96
17 190
78 82
83 101
54 207
86 175
182 201
91 119
60 86
47 80
66 83
31 42
109 178
55 66
71 92
163 183
118 140
195 208
25 165
40 76
140 155
96 206
132 161
177 202
97 175
42 172
63 170
38 177
48 85
54 191
155 206
58 63
190 200
122 198
76 174
50 65
75 109
187 197
58 203
72 156
33 130
112 159
101 112
165 197
44 126
1 205
47 162
76 204
21 44
95 132
170 197
36 150
52 114
24 50
34 104
152 202
73 138
41 97
67 146
8 89
10 195
24 159
109 174
62 66
115 134
65 82
55 198
34 55
82 147
8 91
27 168
188 198
19 114
113 145
78 173
16 135
25 111
158 171
157 204
96 182
31 176
16 104
54 172
77 99
34 106
78 97
76 171
101 150
106 198
140 173
43 196
121 131
114 118
101 175
86 188
99 205
43 176
84 198
37 62
179 181
31 203
20 177
128 195
81 182
135 180
89 133
86 156
16 140
41 159
96 149
86 104
8 140
67 154
80 204
108 128
45 55
83 182
146 193
9 199
12 136
93 194
16 155
35 89
151 194
75 138
25 73
31 178
23 200
84 106
95 136
8 66
50 114
13 128
54 208
89 200
30 161
189 207
56 177
122 177
38 159
2 187
20 38
57 162
83 118
52 112
35 125
157 181
39 171
81 124
58 163
173 188
131 171
158 191
98 150
46 143
138 168
54 189
44 92
104 202
22 169
78 188
55 77
35 140
124 160
11 87
90 193
82 160
45 56
77 118
3 8
54 178
151 166
83 113
29 95
70 106
169 203
83 132
85 109
12 50
112 177
131 162
46 76
40 94
98 155
82 177
22 154
45 147
67 172
44 76
16 95
7 26
9 94
92 192
116 129
21 71
111 139
67 108
146 189
64 90
97 125
30 175
36 113
10 127
11 131
150 164
6 70
73 172
108 166
68 128
90 179
166 192
85 189
67 68
55 60
27 137
55 206
171 208
23 198
110 172
9 92
139 170
138 172
184 207
120 124
127 128
104 130
101 155
28 169
25 109
4 201
83 84
27 71
3 206
62 186
2 207
76 189
3 129
5 102
127 142
29 113
106 149
66 190
75 197
163 193
17 177
11 165
51 182
65 201
5 196
9 58
4 49
69 157
68 195
63 148
17 33
132 141
60 78
30 41
56 86
164 175
7 65
95 113
116 117
53 93
139 176
54 73
71 88
30 117
48 90
80 131
147 155
27 103
113 155
117 177
120 206
73 166
8 114
64 208
60 77
115 142
45 112
75 108
8 155
83 149
66 114
128 138
18 112
98 105
44 79
110 163
44 93
36 100
16 132
150 188
47 192
47 203
54 74
129 140
7 60
1 118
4 145
9 131
52 113
123 183
19 177
119 152
166 194
79 128
5 107
196 208
144 203
81 152
49 89
50 150
2 11
110 146
9 134
104 120
107 168
34 180
28 64
23 155
49 125
50 106
123 197
115 154
48 123
10 151
81 104
105 125
107 199
97 116
74 93
77 206
36 55
50 101
58 169
93 102
110 178
107 208
36 50
39 174
85 93
90 121
32 185
13 193
54 126
78 180
22 195
80 127
11 187
7 124
58 172
96 198
110 167
36 202
181 195
63 193
32 44
145 190
106 118
67 131
47 174
59 186
43 85
26 77
38 119
21 193
92 138
91 161
48 151
66 147
12 98
38 118
50 201
98 116
73 79
71 115
13 88
109 134
153 180
24 141
35 136
73 162
19 159
14 184
161 206
173 206
90 204
44 69
16 33
42 53
70 116
119 147
128 185
58 115
32 43
116 152
35 135
9 178
92 208
44 107
41 112
154 191
101 149
22 115
46 68
46 131
146 163
63 157
41 106
38 81
92 187
18 34
47 58
16 160
138 207
49 161
151 183
65 190
123 126
50 205
17 130
47 73
80 195
79 138
85 207
131 138
21 176
160 190
37 78
83 98
70 152
8 150
175 190
8 60
132 147
1 38
14 92
21 165
77 101
13 184
15 65
92 142
42 44
3 26
24 66
108 176
194 197
47 48
131 203
71 139
71 93
86 106
62 106
113 141
50 132
140 156
61 163
9 22
88 154
25 207
44 163
17 52
69 73
2 138
54 179
172 203
69 103
67 79
40 47
24 97
2 75
31 174
136 153
74 184
113 130
22 79
31 87
90 162
42 68
11 68
177 200
49 97
23 50
20 95
31 204
77 86
141 149
13 115
141 150
142 204
47 154
7 122
122 129
12 141
72 159
18 200
52 130
66 124
6 132
80 146
49 95
26 100
119 186
128 166
18 164
109 192
56 116
88 128
66 104
90 203
71 144
64 192
90 168
68 107
4 205
135 140
68 176
81 153
58 207
136 198
15 51
7 99
129 133
4 182
45 132
169 193
108 187
52 147
20 119
9 10
36 62
57 158
77 130
172 192
144 148
40 103
6 8
35 70
67 148
5 108
43 138
94 170
31 187
19 202
20 96
33 150
84 202
81 129
11 168
19 149
78 160
16 118
13 111
112 118
90 163
71 128
15 129
93 103
2 199
201 205
123 192
80 197
13 157
121 183
53 110
94 171
3 49
23 133
14 39
146 148
62 130
16 72
29 84
99 160
37 98
159 160
43 163
26 33
32 179
85 183
92 151
172 178
47 126
77 140
80 108
76 85
83 188
184 194
110 123
21 79
126 148
6 112
39 181
39 61
31 54
47 71
60 84
59 188
33 124
90 195
31 111
84 120
76 137
11 191
121 170
21 123
50 160
46 189
80 174
79 146
40 178
1 12
76 185
192 197
98 114
183 199
21 184
19 147
75 178
61 194
55 182
52 106
45 133
38 114
103 139
94 123
66 133
123 163
125 135
21 75
68 208
101 114
9 166
140 160
52 133
81 99
38 60
15 52
78 114
53 126
5 10
21 88
83 99
86 145
121 144
21 57
37 180
16 141
9 13
24 91
145 201
120 129
182 205
32 108
23 130
107 204
173 198
126 163
73 111
122 124
134 189
117 133
112 164
57 103
4 16
112 116
79 189
44 67
100 135
133 182
45 59
8 77
168 169
55 129
128 154
42 107
97 136
75 203
146 185
28 142
52 84
43 207
10 44
112 150
116 177
27 203
48 191
34 82
138 178
127 196
8 23
13 181
58 87
125 141
56 98
58 90
74 158
70 150
45 84
64 128
53 167
38 78
62 206
79 143
7 206
5 139
46 107
1 16
28 90
23 100
185 189
13 48
104 150
57 92
32 139
183 185
21 115
138 187
12 23
61 208
165 181
70 119
37 129
18 96
31 126
35 119
80 166
8 24
57 128
116 180
179 183
11 195
80 107
111 128
40 194
144 199
52 205
59 81
76 115
58 195
33 122
102 197
129 159
10 92
63 143
150 177
8 84
29 117
71 148
4 135
67 157
185 196
63 68
113 201
157 189
3 186
105 156
16 83
120 150
81 190
67 185
21 194
39 187
4 150
51 56
115 189
103 121
22 67
61 138
111 166
90 109
57 179
33 82
37 100
10 192
28 69
53 64
49 180
66 136
60 91
119 206
17 164
27 46
51 173
77 81
30 119
8 145
138 157
51 91
41 205
82 104
28 197
6 101
119 135
148 196
37 51
101 145
133 206
56 100
63 195
26 120
35 141
154 185
79 165
122 173
71 158
18 35
70 190
94 111
31 189
11 54
65 177
39 46
54 143
1 8
19 188
102 176
42 128
1 164
154 168
41 86
94 172
18 113
13 80
129 130
28 146
38 149
139 207
28 165
83 91
51 72
199 203
58 176
103 192
123 170
159 202
50 82
142 196
30 114
49 129
58 107
69 196
101 120
73 163
25 187
4 125
33 164
54 108
89 159
128 194
97 106
6 95
93 127
61 167
172 176
37 52
69 171
90 134
83 159
132 140
36 149
3 84
187 193
25 40
99 175
61 88
49 77
57 93
4 50
25 170
7 77
2 197
28 176
64 131
2 40
110 111
53 192
74 134
108 143
1 33
75 196
71 194
45 86
48 128
17 120
91 130
93 183
80 178
65 86
84 182
68 189
59 105
1 3
102 127
122 140
187 208
76 103
49 173
115 137
71 169
24 81
119 173
114 182
112 180
5 203
20 60
27 87
46 187
57 110
92 181
78 175
12 202
21 107
80 172
39 158
116 153
144 178
24 147
69 168
191 203
123 189
61 87
64 187
61 203
67 187
52 62
19 152
100 149
4 96
40 90
101 116
38 206
106 130
55 136
25 32
148 194
149 180
115 170
185 195
195 196
29 202
16 23
66 101
69 184
13 94
193 194
114 201
35 95
151 191
66 81
80 139
75 207
81 83
41 153
36 147
160 175
44 172
59 141
32 158
165 187
138 191
29 114
106 152
37 56
1 82
71 179
166 178
76 94
187 196
181 191
82 119
27 54
34 62
33 188
79 134
126 179
49 153
96 200
77 82
130 136
60 177
54 131
43 197
115 194
164 188
54 199
42 85
80 165
56 147
24 200
56 200
28 207
169 192
39 73
105 117
47 185
94 162
129 147
27 64
27 189
68 102
177 186
110 143
38 70
27 80
91 198
71 80
158 194
17 96
139 163
115 195
31 46
109 111
8 173
33 100
48 197
138 204
85 163
111 157
53 73
71 102
43 171
25 197
27 127
51 201
41 150
147 156
44 131
17 36
27 61
84 133
17 104
33 99
96 124
149 206
74 179
2 108
18 101
121 139
92 162
43 143
148 189
64 73
24 55
71 187
113 129
52 156
1 129
90 115
162 183
66 175
94 199
157 178
63 158
104 145
194 204
75 126
13 189
33 77
69 74
83 135
46 157
136 180
132 201
69 107
5 75
102 115
102 169
45 78
6 100
146 192
8 160
126 172
77 97
42 48
3 153
62 77
72 125
35 182
31 181
1 132
101 156
22 53
85 166
144 184
53 162
113 120
146 197
127 191
116 118
58 61
54 162
13 142
3 101
16 130
47 196
127 154
105 119
198 201
142 183
171 187
3 34
72 202
102 148
173 180
85 107
47 151
90 191
30 124
132 173
47 63
20 129
60 129
2 134
58 181
48 88
28 40
43 90
194 195
59 190
137 154
123 203
15 49
123 151
51 202
44 195
99 119
85 154
14 64
12 164
36 116
94 176
145 155
129 132
183 189
6 72
12 86
112 186
145 173
38 83
78 99
5 79
98 122
64 103
176 184
107 121
24 37
144 165
73 179
121 127
185 199
15 188
141 182
69 111
4 18
25 57
5 103
48 148
22 39
84 118
24 182
15 45
41 198
101 159
107 157
56 164
79 110
35 118
136 161
62 198
79 207
171 172
55 65
74 80
63 174
13 87
118 200
38 186
73 93
146 154
110 157
69 126
152 200
45 70
161 175
75 189
11 61
5 71
187 199
93 181
13 167
9 28
1 78
157 191
7 41
39 207
110 203
31 58
36 101
22 64
145 149
65 117
30 104
189 208
4 177
41 160
60 114
125 155
71 181
8 120
25 48
1 51
184 208
46 53
10 169
5 54
97 182
102 184
11 176
40 126
110 115
22 42
136 152
154 194
91 132
55 164
6 122
94 196
39 169
96 160
103 195
50 141
101 141
4 91
68 148
48 144
66 116
94 208
3 147
7 120
100 124
9 47
19 72
73 154
26 97
38 77
150 200
32 183
63 128
181 197
104 140
77 161
95 182
63 208
108 178
7 49
110 165
41 45
129 153
68 69
141 152
20 99
106 136
16 89
26 160
152 156
47 193
45 106
8 96
57 87
25 102
112 117
110 148
157 196
59 96
33 62
79 185
9 68
76 144
2 128
57 134
154 163
80 128
86 140
129 145
101 136
59 200
38 52
57 68
153 161
5 143
1 200
80 194
33 161
120 173
116 135
45 95
3 97
17 135
113 153
117 136
4 12
1 202
127 146
134 158
56 202
44 80
54 187
21 48
81 150
69 139
176 197
119 161
67 195
36 112
2 169
142 192
26 91
55 78
177 205
35 49
54 170
45 50
100 122
46 197
25 79
148 207
29 112
70 182
117 118
62 201
89 201
53 57
138 183
107 148
7 34
24 186
34 95
118 136
59 60
137 176
16 38
139 151
58 146
104 152
117 159
88 163
72 161
26 122
160 202
11 208
40 187
36 136
44 73
202 206
87 94
10 176
3 60
57 168
155 200
106 125
16 150
5 193
18 205
133 164
23 83
77 119
23 35
6 18
131 197
61 128
12 175
96 180
35 161
159 205
91 125
118 177
9 196
98 100
61 197
68 192
44 74
113 190
45 82
128 172
13 195
17 200
192 195
72 130
26 200
56 132
53 166
122 206
100 161
61 193
52 206
51 145
10 25
37 72
66 155
107 181
134 196
6 65
132 164
130 133
36 152
63 172
84 147
20 41
24 106
50 164
72 180
161 188
117 135
19 98
52 89
82 186
70 104
49 152
43 170
45 177
150 198
52 118
12 188
81 105
104 206
103 187
146 178
103 148
157 192
48 109
184 193
28 103
21 94
8 36
9 138
5 85
95 133
173 182
22 178
16 114
46 172
29 36
35 83
77 182
102 157
27 93
94 191
138 176
3 201
111 192
19 56
192 196
12 112
141 201
54 103
104 200
87 189
67 189
38 129
66 135
38 72
38 205
19 118
80 148
100 104
109 157
115 146
10 111
41 70
12 117
14 163
40 63
98 106
6 141
66 206
20 149
145 159
72 89
96 164
109 169
124 141
101 106
98 99
171 203
126 176
3 4
71 79
47 163
33 83
114 140
9 110
15 81
4 19
16 17
139 196
5 183
34 49
21 139
69 92
45 206
7 16
7 153
6 160
142 169
171 176
86 98
25 123
12 83
106 112
1 62
71 109
9 170
178 208
153 201
54 158
87 162
70 101
89 120
83 130
1 91
1 182
50 84
146 157
74 172
135 136
16 112
139 204
45 99
24 161
100 200
56 105
129 206
35 112
114 206
1 145
6 190
67 171
34 156
85 127
69 75
11 42
99 114
94 103
22 127
107 195
19 45
204 207
135 205
15 97
25 181
61 168
34 136
108 134
170 203
71 103
162 203
84 188
53 58
111 176
56 77
45 83
70 164
126 189
53 184
72 99
47 115
86 91
24 100
5 74
33 200
24 113
85 148
50 113
81 120
118 122
22 68
64 87
22 138
71 131
78 113
118 173
157 174
87 165
42 102
42 126
43 47
80 187
119 155
99 155
4 97
51 161
29 60
8 190
68 121
81 175
11 74
83 200
38 112
82 96
181 189
1 18
3 19
27 138
121 143
57 67
126 207
59 117
66 106
17 201
38 56
179 195
126 166
95 96
66 164
75 94
78 129
87 176
34 84
19 70
27 192
45 160
137 199
72 97
76 102
123 178
154 203
52 72
146 195
9 203
53 193
51 55
96 106
14 85
148 193
31 123
14 90
57 148
146 187
152 201
44 178
176 208
41 62
110 179
105 202
28 108
112 175
10 193
83 156
165 171
44 189
48 183
52 96
49 62
124 201
2 13
51 140
24 45
2 44
108 157
35 180
159 201
23 141
136 190
112 201
137 143
62 97
60 124
1 55
113 149
19 150
112 129
181 185
67 102
31 163
22 88
95 135
74 115
183 184
6 182
204 208
114 153
158 199
102 178
99 133
23 101
60 182
157 176
64 163
10 110
8 135
71 178
6 36
60 149
80 207
32 208
164 186
106 116
50 155
95 156
143 199
145 200
91 100
114 125
36 104
146 162
128 168
174 183
152 173
123 181
103 168
37 173
136 201
117 149
70 122
69 197
36 135
4 132
3 104
108 146
18 117
77 159
109 187
117 129
35 81
26 177
73 148
125 205
18 136
73 187
64 203
180 198
90 166
36 205
29 116
146 184
83 86
185 204
25 58
122 190
125 177
9 73
23 129
18 99
50 202
46 142
93 108
39 94
19 62
94 179
78 147
83 150
137 195
42 194
6 55
13 166
62 91
168 184
55 147
109 165
124 129
10 43
155 186
58 137
28 85
87 151
108 195
96 132
33 98
23 135
68 94
49 130
18 114
70 140
114 205
35 132
75 127
24 99
15 100
81 136
1 52
51 78
125 206
80 179
25 80
6 23
8 29
83 173
95 124
132 135
113 177
103 165
4 141
21 25
43 194
2 103
64 151
50 135
13 139
17 37
80 158
41 105
120 186
53 139
52 173
98 177
9 76
29 99
52 104
100 101
115 127
106 117
50 133
40 102
17 125
61 142
162 194
59 198
27 73
57 199
11 27
24 202
23 70
31 172
162 208
73 146
154 204
46 207
40 75
89 153
135 173
17 133
18 70
43 123
105 180
86 114
54 138
22 54
145 202
17 20
42 195
34 72
135 147
199 207
16 182
2 168
82 84
39 179
146 207
73 92
73 128
47 76
57 183
20 117
91 129
78 190
7 164
177 198
14 87
21 85
53 144
12 132
63 123
72 201
70 133
121 195
166 199
35 99
70 149
83 122
121 148
105 129
46 181
134 208
62 147
43 144
9 107
40 54
4 70
39 137
8 78
22 208
93 111
144 172
33 38
30 84
165 185
80 110
22 185
93 151
39 102
44 54
25 192
96 175
35 160
78 155
38 135
28 121
63 110
74 85
4 149
6 177
182 186
45 149
15 135
56 106
45 188
130 152
39 146
41 82
16 34
53 63
1 161
51 180
20 81
35 190
122 202
10 73
61 170
137 187
53 142
19 59
36 72
72 96
136 147
21 102
101 140
57 63
54 102
121 204
48 167
153 156
171 185
88 123
64 207
106 153
100 186
73 204
166 185
109 208
137 196
103 167
77 156
55 180
110 174
132 156
100 180
84 136
5 87
60 156
24 77
162 178
19 141
91 136
44 123
89 129
167 184
128 162
17 84
26 62
32 207
92 121
131 208
90 158
70 114
1 41
119 175
24 125
137 178
20 153
29 190
131 154
32 127
78 81
137 191
50 125
35 206
68 163
97 155
29 201
96 99
66 149
46 203
9 79
92 144
56 205
117 145
199 208
36 82
58 109
65 186
38 122
138 163
189 192
31 93
73 87
20 65
116 202
58 75
26 182
55 113
91 135
43 185
23 81
30 118
167 193
79 87
65 141
48 199
120 149
53 146
14 27
17 51
3 135
100 155
139 189
9 126
6 15
8 205
109 137
82 202
30 112
152 206
57 172
87 123
5 191
146 166
121 134
47 187
89 132
183 196
73 142
121 123
47 93
71 166
12 60
46 87
45 51
105 173
55 133
58 127
16 119
24 59
24 129
3 161
39 42
76 169
192 207
46 121
81 84
28 44
116 198
52 129
8 70
3 159
18 50
23 149
49 112
126 137
18 152
40 168
27 76
50 147
66 105
17 70
49 186
111 203
9 40
42 187
34 81
33 70
84 161
19 112
122 159
70 83
18 89
184 187
107 174
178 179
39 172
17 150
76 142
12 95
54 123
100 147
84 180
87 196
66 89
93 197
24 89
1 125
17 38
90 165
81 177
38 95
12 35
90 196
10 121
45 118
117 202
170 204
32 79
27 185
32 146
5 157
63 165
53 103
131 174
90 123
126 131
91 98
60 147
165 195
41 55
178 191
129 141
150 161
6 119
78 135
28 168
2 43
98 156
32 138
143 181
98 135
42 80
162 207
45 116
52 100
119 190
172 174
81 155
20 62
161 200
57 75
14 203
46 69
111 204
117 198
32 204
55 114
13 148
16 35
59 122
20 135
59 120
128 199
64 88
21 158
50 120
75 193
40 69
78 91
19 100
55 117
34 152
121 154
40 73
102 170
15 55
54 71
85 171
135 141
44 61
30 36
9 71
73 126
128 131
88 194
99 201
23 118
29 49
60 206
39 80
102 162
12 105
185 191
2 46
66 202
152 186
183 197
1 98
67 69
58 126
17 45
80 169
12 119
81 100
57 146
78 164
34 125
1 156
33 49
46 185
101 113
129 135
97 159
54 137
184 204
33 147
155 160
29 91
9 108
81 200
150 190
5 64
111 178
20 141
128 179
28 79
23 136
36 122
165 196
26 133
13 154
102 174
99 182
33 140
124 135
32 74
13 192
146 194
33 51
151 172
11 126
35 82
28 138
131 194
21 128
17 77
134 138
38 188
14 189
87 192
177 188
65 83
55 86
55 200
2 204
93 171
36 180
45 60
31 57
140 147
16 120
62 188
34 201
20 100
51 95
63 64
114 149
54 92
28 189
20 86
43 162
184 203
121 163
136 160
72 140
125 130
27 111
7 119
110 171
27 126
123 143
13 44
7 177
80 163
6 49
70 78
67 170
10 143
95 140
66 77
6 164
105 201
19 66
97 201
7 150
51 164
25 203
119 132
99 104
70 95
58 157
32 115
131 139
23 89
85 199
4 159
141 200
96 150
31 183
92 171
9 44
34 45
127 184
20 188
8 41
20 150
81 98
58 93
10 126
24 205
29 118
14 166
137 157
66 160
72 135
119 125
46 170
16 186
61 109
86 112
104 153
74 131
127 167
76 197
77 190
51 122
85 193
23 122
144 169
51 77
125 188
50 175
19 140
40 92
39 154
66 99
34 182
13 171
37 149
60 135
103 123
58 191
14 71
11 207
40 144
41 190
73 123
117 140
189 196
86 141
47 54
111 184
52 202
187 207
35 52
4 147
73 178
4 164
62 180
24 135
90 102
58 85
121 158
112 135
83 117
37 177
79 172
68 108
48 138
27 204
79 90
23 33
63 207
115 144
77 180
34 105
45 164
44 168
3 50
33 91
31 193
34 56
27 176
173 177
39 131
117 156
147 152
20 50
116 130
10 21
35 124
109 158
63 204
75 167
86 159
2 176
15 206
138 167
19 180
16 62
53 196
63 199
82 120
132 153
40 68
143 207
158 204
45 114
107 196
110 158
56 161
170 196
43 199
40 179
45 201
52 78
60 200
23 153
90 187
27 208
27 85
4 104
115 171
30 72
26 175
46 64
14 68
10 68
31 47
8 12
108 131
129 150
79 167
39 127
65 188
175 206
25 169
32 131
11 76
31 134
8 51
126 134
95 155
28 196
63 87
6 38
34 173
130 160
163 204
29 96
3 77
30 186
56 175
59 70
54 80
65 96
90 170
139 194
53 172
143 184
32 76
162 169
117 180
195 207
5 144
64 143
42 110
12 116
78 105
39 108
3 149
107 169
41 147
188 205
21 185
45 89
33 145
45 136
28 187
157 163
103 183
55 100
8 37
44 151
90 138
46 61
67 203
108 179
23 41
35 59
64 92
87 148
88 157
38 86
79 204
11 31
2 185
142 176
51 132
8 188
36 200
6 206
28 43
22 69
153 175
1 29
31 167
21 137
15 118
188 200
134 162
41 188
15 113
85 144
33 84
62 104
86 190
142 163
36 182
11 22
76 176
6 56
50 149
115 163
76 108
100 173
148 183
90 185
79 88
59 201
13 46
11 58
50 182
182 198
142 167
30 198
5 187
147 200
59 97
143 146
53 80
23 56
22 197
89 106
148 157
36 38
86 198
174 184
155 164
54 75
104 190
81 149
90 171
124 177
18 129
133 202
49 155
167 207
119 201
37 186
19 190
6 34
60 118
54 79
78 133
58 166
136 177
39 111
29 180
68 168
166 197
137 139
34 98
41 140
123 193
131 192
47 57
83 140
145 164
107 143
39 54
79 123
12 104
44 185
36 119
48 170
110 195
154 192
24 65
28 75
142 187
117 132
84 113
45 155
131 168
79 184
64 110
77 164
13 90
15 20
78 98
31 165
49 141
146 208
29 147
51 136
86 180
200 202
22 102
99 100
113 202
22 126
55 130
14 63
18 125
29 70
59 101
150 205
31 148
75 128
18 49
3 118
37 153
13 107
89 141
67 197
31 208
106 133
21 187
23 147
20 101
5 199
4 59
21 103
107 165
138 139
38 198
154 183
21 74
60 140
92 165
39 167
182 188
24 70
121 168
137 172
86 125
108 171
121 208
30 180
88 170
64 75
68 207
86 161
11 181
15 159
60 97
133 155
111 194
1 49
84 175
14 93
154 166
57 170
21 195
68 197
104 182
79 93
59 182
151 169
4 20
62 119
13 42
25 121
16 105
73 207
10 107
32 53
75 121
88 195
74 154
7 33
29 140
74 128
98 124
11 69
42 146
23 29
21 42
87 115
138 203
37 81
84 164
43 63
45 65
3 65
36 97
4 133
180 205
70 99
47 148
148 154
50 95
82 135
35 84
52 86
40 64
136 205
45 156
96 98
146 171
97 119
54 169
33 136
35 101
18 100
72 84
97 147
7 160
46 79
189 194
26 180
101 130
160 201
75 79
131 178
75 204
125 164
15 84
11 46
118 141
10 166
27 42
62 145
41 186
159 190
169 199
69 115
170 195
98 201
86 122
112 198
79 191
64 142
167 197
63 191
68 146
102 189
74 146
73 176
46 196
44 191
154 207
121 171
138 197
3 56
92 207
10 64
110 144
31 39
53 185
68 165
28 203
19 84
169 181
35 50
9 171
87 92
145 198
22 80
33 81
139 183
106 119
154 162
102 139
17 156
95 100
128 157
74 183
77 186
76 158
26 99
122 141
60 106
111 134
168 196
34 119
78 202
13 28
28 54
2 57
11 109
21 192
86 164
18 188
7 202
140 205
53 163
64 107
67 103
115 123
145 206
12 34
61 189
65 140
36 160
26 153
31 71
2 80
71 172
59 160
13 27
139 184
142 144
3 96
134 207
72 81
115 179
19 133
93 142
109 194
3 132
55 125
68 144
124 145
33 37
13 169
25 134
109 168
1 84
50 200
46 115
130 159
66 145
88 176
24 206
49 105
146 183
66 186
83 202
165 193
110 187
29 205
54 142
98 132
23 160
129 200
87 207
82 99
78 122
34 135
135 150
97 188
49 101
39 110
124 156
10 170
163 189
76 90
64 115
86 177
7 35
81 101
87 154
41 135
18 159
17 99
63 108
93 158
11 138
3 24
21 179
8 118
39 139
144 195
81 180
14 179
135 190
60 164
29 30
124 202
47 75
22 93
147 201
91 156
10 87
30 153
113 140
167 181
91 118
18 180
16 201
42 108
97 124
102 187
51 96
194 203
19 129
33 206
64 204
1 186
128 151
2 172
43 139
19 30
27 123
56 120
109 148
68 93
164 200
100 150
86 206
145 177
95 97
108 184
66 97
30 82
76 139
82 113
19 198
205 206
30 81
67 126
99 153
110 208
48 181
50 105
97 135
44 148
73 165
22 73
23 150
119 120
33 198
63 71
133 156
85 162
142 143
72 124
148 184
157 171
92 126
4 41
11 28
13 168
164 180
37 190
91 177
32 40
40 53
166 181
102 179
63 139
177 206
54 139
67 85
99 132
26 55
54 154
3 106
5 174
162 184
20 114
87 131
62 156
13 21
133 186
125 152
167 191
51 82
50 99
92 176
190 205
12 190
137 167
8 125
78 95
34 100
135 200
142 199
63 183
18 38
8 147
97 173
85 168
115 166
80 185
58 108
88 183
151 192
25 53
76 110
90 108
77 160
127 183
43 108
47 138
107 166
127 192
48 185
30 190
105 159
4 120
151 195
134 183
96 122
34 175
42 204
19 34
101 200
65 133
169 183
97 152
72 83
40 93
37 133
45 104
52 120
18 19
26 188
86 147
28 88
24 83
36 120
63 88
90 178
15 30
35 201
29 97
88 187
72 132
6 152
2 74
139 193
180 190
38 105
108 183
32 92
60 190
30 106
78 130
9 43
20 136
19 173
69 127
48 158
81 112
72 152
74 90
100 141
113 180
15 140
162 189
80 121
7 114
100 188
104 114
57 144
43 191
92 131
59 173
54 127
29 101
22 204
162 163
22 31
149 150
6 7
27 109
96 100
10 79
17 29
1 206
110 207
2 48
52 201
19 186
143 168
123 187
98 101
40 192
30 35
174 197
48 176
35 156
86 182
17 112
165 207
154 174
50 116
37 152
21 87
20 130
73 143
22 172
41 72
24 198
145 188
87 187
71 137
144 168
33 156
159 173
10 172
41 175
97 150
160 188
25 196
18 59
100 112
200 206
164 173
21 67
18 56
37 175
138 146
165 199
31 76
47 103
172 195
12 62
22 109
78 132
130 182
42 193
65 202
24 98
74 191
136 182
53 203
109 139
147 164
173 190
34 160
81 118
179 207
19 96
71 154
13 92
53 85
22 194
107 139
10 39
6 83
51 65
23 78
2 67
19 205
25 171
34 190
9 204
162 196
25 151
41 132
111 179
66 173
184 185
58 103
103 191
9 42
44 46
104 133
115 128
82 164
107 115
103 127
44 176
113 116
120 182
146 167
108 207
130 205
22 75
124 150
114 141
76 191
52 160
23 59
19 37
90 157
107 111
107 146
35 133
13 68
4 206
87 128
149 190
147 149
121 207
38 91
40 142
25 195
2 189
48 92
59 155
156 159
79 197
156 188
11 21
50 112
54 183
34 118
63 94
14 61
186 198
168 207
20 78
61 144
152 175
176 181
131 204
30 77
67 143
39 71
97 153
43 169
6 129
35 72
155 159
104 112
5 142
67 80
16 50
130 161
17 98
22 196
168 193
65 164
6 37
115 158
15 114
46 137
49 98
67 176
52 140
74 94
20 49
49 140
160 200
28 47
53 168
186 188
28 143
25 128
53 134
29 124
35 60
66 205
51 149
102 194
33 173
92 146
40 134
196 204
61 146
75 80
2 31
56 82
134 204
17 205
43 183
14 139
26 119
69 169
1 135
17 105
16 159
65 99
58 162
54 144
156 160
103 178
2 115
152 188
39 123
19 130
73 85
9 195
89 119
21 204
64 191
61 92
70 206
3 59
111 151
60 98
20 200
71 75
72 101
152 180
166 169
30 201
98 112
108 185
14 123
164 205
73 196
123 166
19 124
149 186
26 65
34 177
23 49
171 189
142 151
34 120
10 207
92 94
79 199
128 139
132 159
37 202
99 150
133 175
66 91
129 161
72 147
172 183
76 88
77 106
85 108
10 85
157 183
106 135
99 149
88 134
54 128
89 124
70 112
7 149
139 192
201 202
3 35
156 161
86 89
5 110
53 108
121 191
48 179
107 110
42 196
47 68
52 99
7 186
16 198
147 161
40 154
127 139
80 208
117 125
79 183
38 120
16 125
99 105
27 194
133 190
63 90
172 191
24 177
1 112
19 51
33 177
99 190
116 141
66 78
153 200
50 86
14 143
8 161
118 164
177 180
45 91
26 132
55 156
194 196
14 158
11 163
95 116
16 177
25 144
99 122
167 172
189 195
78 116
9 144
178 193
69 128
67 88
10 174
130 200
19 65
123 172
74 167
40 44
7 188
50 129
44 203
81 130
166 208
83 145
169 172
101 186
157 168
75 76
93 168
5 185
17 30
174 181
31 103
79 142
47 92
39 193
39 47
2 181
5 14
123 162
137 174
58 128
23 66
69 94
31 102
100 175
14 115
87 169
26 124
46 108
53 199
139 174
21 144
56 91
69 167
19 161
8 124
84 140
99 112
18 98
106 114
64 94
55 124
62 140
109 131
69 162
11 184
57 64
91 159
27 166
21 126
50 60
152 161
74 103
22 131
8 201
32 69
166 171
10 74
2 90
166 172
63 92
179 197
124 190
9 165
69 71
43 121
99 130
24 36
70 89
10 90
32 39
15 86
29 200
55 173
130 150
109 181
12 29
151 171
14 73
29 56
114 180
55 141
89 98
10 42
5 80
27 94
85 94
115 138
146 174
35 122
55 59
66 119
84 122
53 187
41 51
33 86
18 206
154 189
42 61
27 63
24 130
72 155
3 182
40 127
26 112
43 126
107 108
70 153
46 134
83 125
2 25
127 194
160 205
127 162
56 84
38 182
1 175
6 136
82 180
98 153
106 124
40 87
8 18
5 73
50 159
98 130
66 198
133 200
29 164
127 166
104 188
166 195
12 20
87 191
10 63
54 166
142 179
128 197
101 202
15 153
91 122
44 47
18 182
19 78
24 84
15 152
28 137
169 204
128 181
166 189
57 196
75 137
24 132
61 80
153 155
66 156
35 129
29 141
105 124
9 179
75 174
30 150
129 180
7 105
11 88
42 138
203 207
75 163
1 160
143 158
76 195
61 166
160 173
181 207
175 186
107 187
133 145
191 208
22 123
117 173
10 61
96 188
74 163
171 181
3 124
54 93
95 190
89 140
80 111
127 168
97 133
75 183
47 172
104 105
149 173
78 119
8 20
68 138
99 113
148 151
151 154
71 94
53 157
15 119
69 185
58 110
101 198
112 141
41 156
130 202
18 147
49 113
12 149
152 159
46 111
192 208
95 105
78 150
19 55
35 45
150 182
69 158
101 147
58 88
15 104
79 92
105 132
16 81
59 132
97 129
151 196
87 208
103 179
93 128
76 203
170 174
106 201
145 153
115 126
166 167
67 181
127 171
44 139
20 202
11 90
135 149
115 203
124 175
44 87
51 155
117 201
140 145
38 89
50 124
118 190
103 189
55 119
69 148
94 137
87 167
120 133
165 189
163 203
6 198
61 107
48 115
143 170
147 177
66 120
39 178
10 196
54 88
59 177
202 205
67 76
187 192
5 172
68 172
109 166
13 203
80 143
140 152
13 39
29 52
25 90
66 182
2 39
73 137
174 178
5 162
26 83
7 117
8 52
41 125
103 126
85 139
131 179
11 178
33 105
89 97
59 83
121 162
71 196
27 43
21 90
31 207
103 111
50 70
57 61
26 56
124 130
3 91
32 63
52 152
162 204
37 97
110 185
61 90
23 99
42 92
84 156
4 84
15 59
38 96
15 99
174 176
116 186
62 65
97 101
135 153
137 203
147 198
14 194
78 124
135 159
185 193
96 136
7 12
38 62
3 164
157 208
121 185
12 38
68 181
93 162
104 125
70 129
203 204
61 111
12 129
96 153
98 113
11 197
25 179
64 171
76 127
40 88
59 150
73 144
37 182
98 133
84 205
108 167
42 165
82 206
13 137
12 140
61 126
11 94
11 103
10 158
35 175
28 154
88 109
101 201
197 203
52 56
14 157
30 135
43 75
130 173
14 67
2 76
90 148
115 183
17 49
9 176
97 117
44 146
166 196
2 92
62 82
169 197
43 137
16 205
170 172
111 207
16 122
15 33
40 57
12 118
154 187
25 158
135 145
26 141
2 121
9 139
83 198
158 174
45 152
29 104
33 113
44 207
70 82
81 164
89 118
158 207
16 29
84 206
14 199
19 106
32 93
84 186
68 71
28 134
72 112
14 154
190 206
47 87
47 67
21 93
77 175
19 95
7 161
29 186
70 160
32 80
40 115
15 101
183 195
73 121
171 192
94 181
60 133
130 156
23 72
27 196
89 156
182 206
137 179
84 177
64 169
56 152
150 160
30 152
123 154
165 192
63 115
123 168
63 196
2 93
8 26
83 114
176 187
154 170
95 198
19 164
51 177
141 205
96 173
105 149
13 14
145 161
19 26
64 80
1 140
12 91
21 110
62 105
71 142
74 169
16 100
29 120
58 148
5 184
6 51
77 141
49 81
61 131
50 186
110 138
62 153
144 171
82 91
21 169
166 179
5 94
117 190
11 174
166 168
14 76
9 88
26 78
1 81
13 163
62 155
46 92
58 67
22 187
167 204
175 205
167 189
47 123
16 206
42 64
76 207
40 148
62 190
4 34
161 182
7 205
108 142
157 197
85 121
44 88
69 192
12 180
36 141
9 189
114 202
193 208
28 162
140 206
102 166
112 205
50 56
158 167
3 188
26 206
171 195
92 137
12 153
47 127
86 186
151 176
139 185
21 146
155 201
6 104
6 41
31 80
36 60
9 54
21 111
184 195
95 145
16 56
20 52
80 94
80 193
10 184
121 146
30 101
42 174
34 129
41 124
49 159
31 48
169 174
69 187
2 79
6 205
8 55
31 184
28 178
10 181
68 191
90 194
142 162
126 165
60 173
65 101
156 201
30 202
54 134
3 125
110 199
132 180
6 29
45 105
9 53
130 201
16 84
10 131
174 196
48 196
85 181
49 60
133 149
44 208
92 163
39 67
13 40
75 87
165 184
40 139
78 182
101 118
100 132
112 156
33 52
49 206
119 156
20 155
50 117
113 136
106 180
186 201
6 106
15 106
57 185
2 126
9 11
7 51
33 190
41 65
170 176
60 62
42 76
105 120
26 60
38 116
2 32
27 102
87 171
26 117
83 97
1 4
2 123
21 121
91 116
138 181
84 155
2 63
28 127
39 134
17 59
185 187
95 112
34 200
12 33
106 164
35 86
43 94
1 120
99 135
49 78
90 93
68 203
25 191
50 59
46 57
38 51
154 199
105 155
156 205
79 137
195 204
119 188
126 151
67 128
59 119
82 106
118 125
91 140
80 88
114 119
91 147
168 179
51 81
15 130
86 118
7 141
38 104
112 149
88 115
34 149
70 105
71 146
9 102
169 184
69 163
28 109
109 172
113 124
32 184
96 129
95 119
55 82
8 49
39 68
99 161
166 184
97 160
89 150
5 171
41 152
3 86
87 184
25 110
64 189
51 159
102 154
116 159
114 124
144 163
78 96
76 183
34 205
15 38
23 190
49 201
71 191
60 160
51 200
104 117
7 190
6 45
110 134
61 143
18 135
15 98
96 140
55 72
8 133
51 70
86 152
28 53
20 201
55 89
146 169
32 73
47 168
41 91
165 179
162 165
42 181
45 117
112 124
50 136
29 50
10 203
143 191
12 96
38 164
49 52
99 106
62 200
73 103
106 155
43 88
54 185
106 132
78 159
165 178
29 122
5 68
90 189
130 190
47 110
32 167
84 152
79 107
53 143
142 207
7 155
21 61
87 185
4 8
96 159
52 132
55 175
81 206
19 145
28 131
55 186
31 88
13 207
138 170
53 165
72 100
12 113
48 74
68 139
12 18
11 71
33 155
125 145
41 177
4 15
42 183
33 117
93 174
117 120
96 186
129 173
174 185
48 58
1 77
83 119
44 183
123 179
126 174
168 189
53 178
18 120
67 73
111 144
42 184
122 136
65 91
17 182
138 185
10 58
13 143
4 105
181 199
2 195
21 80
105 118
27 139
98 136
7 130
27 184
114 122
33 72
65 119
97 200
43 53
59 112
174 179
11 48
77 105
70 201
7 37
89 198
55 140
64 123
139 178
155 202
42 197
86 155
77 145
139 181
42 154
46 47
35 113
61 64
31 197
31 61
77 149
22 139
20 175
9 142
128 163
54 109
38 130
9 194
40 42
26 84
54 115
20 182
50 119
37 38
102 108
62 114
96 117
139 144
103 197
98 145
100 130
21 191
191 195
35 116
16 96
45 200
167 171
31 196
112 147
64 74
188 206
185 197
10 194
59 205
127 193
29 78
106 206
77 122
129 198
29 175
47 207
76 193
58 165
72 145
35 120
127 187
110 194
56 180
4 186
5 9
85 115
30 65
127 181
137 208
36 114
47 142
8 156
13 172
6 77
160 182
123 158
6 16
128 148
165 168
68 73
190 202
141 202
16 66
87 143
94 107
100 125
15 120
21 69
127 197
109 144
83 153
72 77
110 197
135 156
44 196
154 167
29 105
142 174
68 103
14 185
116 200
13 123
136 155
56 118
3 15
149 182
52 95
56 186
34 164
16 82
28 71
89 117
27 170
1 95
2 166
17 81
183 194
132 133
20 145
16 200
14 178
15 147
12 160
26 113
200 205
147 175
127 170
37 198
28 67
145 180
42 167
3 6
90 207
37 159
142 165
103 138
23 205
72 141
33 202
81 141
84 89
74 127
41 120
53 67
14 167
40 181
4 66
86 150
111 174
151 179
169 176
15 37
173 202
25 85
127 185
186 200
113 133
111 195
143 172
148 167
56 145
18 23
51 152
7 70
27 121
50 198
106 186
121 151
37 84
10 94
104 122
119 129
48 71
158 185
12 36
89 112
98 180
102 143
138 154
37 122
124 164
170 192
136 150
78 140
79 151
155 205
41 100
60 132
27 131
53 181
70 175
4 180
137 142
127 169
84 99
71 73
5 21
124 206
89 186
72 206
37 41
100 201
31 131
1 97
140 182
76 131
89 155
93 143
120 159
73 168
9 75
32 94
63 76
16 161
46 126
57 127
84 100
151 204
69 93
140 198
7 62
3 99
95 141
2 144
8 117
10 123
46 163
113 161
91 105
42 142
127 163
18 104
103 166
111 115
10 102
38 190
4 188
44 144
10 67
60 96
36 105
10 57
92 178
63 176
71 168
115 131
74 87
35 78
111 199
47 179
116 125
8 56
164 198
95 173
134 165
137 185
26 106
117 155
141 188
47 169
89 164
55 150
111 143
56 133
88 146
121 196
26 190
123 137
43 172
26 201
4 200
49 150
11 185
37 125
19 200
89 101
120 152
8 186
70 186
9 168
138 162
36 89
118 182
157 170
50 122
65 116
149 198
103 176
1 15
32 57
162 171
44 162
76 192
62 152
24 124
102 204
84 91
73 88
58 73
92 128
2 154
66 150
13 75
126 139
14 42
5 192
109 163
12 150
58 168
35 200
22 170
102 131
114 190
1 96
6 84
20 133
66 98
74 176
110 169
19 119
52 190
92 169
88 111
77 155
20 118
72 177
113 160
11 142
102 185
76 172
19 153
42 162
33 118
37 164
14 191
56 101
27 142
26 173
122 164
93 184
48 76
31 85
5 194
136 149
187 194
60 201
103 137
30 205
114 173
46 154
125 147
88 165
131 137
161 198
109 138
57 79
175 177
52 66
42 63
91 141
4 51
31 53
27 195
49 145
111 123
74 92
21 208
113 205
16 152
75 148
20 89
109 189
29 65
8 101
20 186
46 85
7 83
31 69
133 140
23 173
120 200
64 162
15 62
94 167
162 170
46 195
138 158
60 175
16 175
31 64
119 177
59 62
12 78
119 145
42 46
123 134
101 119
8 119
107 167
18 119
60 105
3 36
25 42
49 51
47 85
43 71
57 137
14 176
5 47
154 157
18 173
116 133
96 125
54 146
43 67
81 160
136 140
30 56
110 176
103 158
77 125
22 63
15 136
49 99
67 179
2 73
52 124
98 149
11 196
62 86
25 157
38 202
8 141
52 188
6 35
146 165
82 132
170 183
171 196
62 124
34 99
52 91
13 102
94 121
11 158
86 205
63 74
70 135
50 97
30 147
103 128
25 162
91 124
24 86
25 87
26 49
97 177
111 162
41 116
71 121
44 115
173 205
64 178
57 176
57 189
92 174
46 63
6 20
55 201
40 71
126 187
10 47
36 83
150 159
24 112
116 160
7 72
50 62
1 99
180 200
74 121
27 68
55 62
62 129
41 118
62 112
109 185
112 119
101 205
84 125
45 175
77 95
140 180
4 100
132 177
101 190
67 109
151 185
54 69
71 192
51 156
95 202
139 187
26 45
8 62
86 101
32 187
62 89
117 186
78 149
68 193
30 129
3 12
95 206
18 62
3 70
179 204
10 54
47 143
105 190
16 164
10 162
48 75
40 204
12 206
59 118
33 35
68 110
5 39
7 116
102 138
33 95
143 174
65 180
1 6
7 133
90 151
11 172
44 142
82 130
155 177
43 203
53 148
21 143
30 160
144 146
12 77
114 136
183 204
6 60
25 143
57 195
103 109
11 203
41 98
150 156
103 154
76 123
17 114
110 183
12 106
124 188
13 53
41 136
22 48
68 109
58 151
107 192
148 187
119 150
31 32
154 196
25 127
176 194
81 106
37 141
105 200
64 183
35 38
39 142
139 143
165 183
12 30
49 120
50 188
187 204
29 153
6 153
30 122
160 164
26 29
30 140
35 36
70 84
25 154
43 79
105 113
34 186
80 103
15 83
41 141
16 37
42 144
46 183
30 78
7 98
158 208
131 176
100 116
169 189
95 125
142 157
108 111
63 127
71 189
53 71
38 180
2 27
144 174
36 86
17 116
5 53
135 160
49 91
48 184
67 208
85 123
148 176
13 22
37 200
167 187
142 158
65 98
123 131
23 112
148 163
44 166
170 187
28 63
15 50
46 179
159 180
55 153
79 148
2 148
62 202
75 88
12 152
33 65
5 40
75 158
52 161
24 149
6 175
153 177
94 187
88 143
92 204
25 167
26 72
37 104
17 141
1 180
39 192
172 185
12 37
121 167
70 145
108 144
55 116
25 107
23 119
24 190
68 171
16 55
25 46
58 94
46 208
104 124
198 200
21 108
2 171
72 116
177 182
138 142
27 53
46 193
14 171
102 123
85 128
32 172
54 68
5 43
49 72
83 152
112 140
148 181
54 157
69 90
96 177
20 84
117 175
10 88
16 133
121 203
25 166
100 113
128 174
47 139
147 188
18 201
157 193
3 83
58 193
25 168
164 202
110 131
170 185
165 167
144 208
17 89
94 154
4 83
72 186
79 203
24 33
51 160
9 103
62 149
66 130
17 91
158 187
6 98
167 194
3 114
63 144
96 161
161 173
103 146
120 201
100 182
120 160
41 114
153 173
33 60
144 207
134 195
23 114
92 103
17 118
73 151
48 94
80 142
20 45
147 182
125 201
65 175
5 22
80 85
126 208
165 176
17 83
118 205
25 137
30 125
32 85
2 71
88 184
139 191
95 201
159 164
148 162
56 141
129 149
47 137
27 107
46 127
33 201
110 151
140 188
157 172
76 181
77 153
75 162
10 167
21 58
95 122
184 189
123 195
135 202
27 169
151 170
32 176
48 162
114 160
184 191
64 121
166 207
65 145
18 124
105 114
13 183
59 133
61 178
134 168
117 122
88 139
64 93
26 118
106 147
11 64
3 177
56 89
49 122
197 199
95 161
3 160
108 204
73 115
84 116
28 204
8 159
71 87
61 139
106 173
102 181
51 84
74 208
19 116
106 182
78 201
27 69
68 126
15 156
39 176
53 191
127 144
6 33
83 100
129 164
19 91
176 178
59 82
63 151
13 71
93 139
26 37
173 200
151 203
30 100
33 175
39 74
92 123
65 130
1 177
111 131
44 199
11 102
122 175
73 170
143 195
56 70
126 171
97 98
42 69
83 186
134 178
36 188
115 207
17 24
70 156
15 116
126 138
20 91
34 133
81 97
58 69
25 163
28 61
44 169
105 135
111 171
29 173
167 174
100 177
18 72
83 89
17 202
149 153
127 157
18 160
95 200
12 66
7 78
3 205
59 135
41 50
69 142
43 168
176 193
67 158
131 183
151 181
50 51
29 161
78 145
20 72
75 166
105 198
132 160
167 208
189 203
49 84
22 183
91 160
152 182
157 179
43 93
1 141
104 173
20 113
133 205
134 166
73 131
50 140
3 145
138 148
99 140
108 137
46 199
117 182
3 55
37 188
89 114
66 129
23 34
30 51
70 118
157 187
114 186
44 192
148 203
53 90
7 23
37 83
115 176
5 146
134 187
66 140
47 102
105 130
85 110
100 133
24 117
72 117
129 186
12 17
49 177
109 146
6 89
51 101
6 59
52 122
113 159
73 184
51 120
20 98
35 65
131 184
55 118
16 18
67 111
90 181
59 156
37 206
121 138
38 200
51 52
110 127
88 174
139 171
20 56
3 140
178 181
31 162
27 134
54 110
47 183
63 85
37 101
191 196
66 153
31 169
135 198
8 100
153 202
134 203
26 136
19 29
162 167
45 125
29 198
66 132
158 192
141 160
18 161
80 167
38 99
6 62
39 121
76 111
67 94
5 127
21 151
9 39
82 117
187 189
144 185
4 160
77 129
43 76
30 91
33 41
6 133
12 72
3 37
162 197
91 182
22 191
142 171
18 140
84 129
21 131
104 177
13 179
32 107
52 153
1 113
23 106
13 63
86 116
126 194
7 96
87 126
179 185
32 102
69 79
82 89
50 206
73 169
32 87
57 169
2 69
19 101
109 191
75 194
30 59
125 140
98 140
48 192
63 121
35 55
37 50
56 149
38 117
5 25
54 57
72 98
33 55
161 177
18 177
91 186
59 113
59 98
90 110
76 163
49 164
188 201
56 112
116 147
6 201
123 191
51 124
100 205
16 20
112 145
113 119
61 204
47 176
87 108
47 170
46 146
63 126
153 186
63 163
66 113
73 185
36 81
17 147
11 139
2 21
53 92
88 162
11 148
112 161
56 135
104 119
59 202
7 66
93 123
99 173
40 163
38 45
163 195
168 181
2 109
36 66
79 157
32 151
61 185
11 166
133 188
48 134
189 199
103 151
16 99
13 69
16 45
91 201
3 82
49 116
58 158
143 154
135 152
43 103
34 38
28 158
2 142
24 101
156 177
177 190
37 116
17 155
190 198
38 59
168 178
82 124
100 190
21 46
53 94
18 106
135 188
58 79
7 201
93 131
2 183
57 197
6 12
34 140
72 175
14 142
94 110
40 123
28 199
74 196
90 172
60 125
146 179
14 28
45 49
87 174
116 164
21 28
52 141
120 140
6 161
128 171
60 99
93 195
30 113
49 66
18 141
12 55
131 170
28 111
52 155
43 148
122 125
4 81
195 199
57 115
31 79
5 207
55 202
32 54
31 63
49 106
158 168
26 59
1 201
103 110
102 110
63 197
131 165
28 144
100 140
66 95
143 185
3 38
14 193
109 154
74 168
27 128
17 26
160 186
123 148
134 174
14 102
82 182
63 73
141 180
73 183
98 186
83 136
106 161
80 92
64 108
4 130
4 78
11 146
90 137
108 172
56 188
13 174
46 194
134 191
50 130
131 181
54 204
82 100
21 154
32 162
115 172
46 144
41 104
78 89
69 181
145 147
17 173
91 153
12 124
165 203
22 165
146 170
162 181
68 199
1 23
89 125
56 198
117 124
4 35
77 200
95 152
113 117
133 136
77 84
92 167
92 108
35 153
146 176
5 115
44 127
87 178
154 184
72 200
64 194
7 118
12 45
31 109
148 168
25 193
14 46
67 163
64 157
21 189
49 117
166 203
17 122
142 170
61 196
31 67
9 69
33 149
144 154
47 195
26 70
193 196
18 83
106 145
136 186
52 119
12 200
15 78
156 202
142 168
67 127
139 168
117 161
75 157
115 196
40 158
184 192
61 176
58 170
41 113
74 109
93 169
48 69
32 142
113 152
2 88
78 153
39 144
15 202
17 119
6 99
58 174
45 52
2 179
57 142
102 142
5 195
74 108
59 106
84 159
58 92
36 117
4 45
107 184
81 122
86 96
35 41
99 120
184 197
12 133
45 81
31 139
14 53
36 177
110 181
31 68
20 198
73 76
93 179
82 141
11 108
36 84
89 91
13 176
53 189
157 194
116 136
64 76
53 74
24 52
3 180
150 155
7 50
88 131
179 189
133 153
191 197
40 176
163 176
30 34
40 189
13 187
13 31
16 190
40 79
4 38
108 163
8 175
110 168
94 144
74 151
75 165
44 165
16 117
14 57
31 185
110 170
113 182
86 120
34 155
35 205
110 137
183 203
19 36
45 173
24 160
93 203
63 167
113 175
128 167
20 159
1 130
139 158
150 202
3 141
26 145
63 134
58 139
34 51
117 153
148 208
27 193
8 180
75 154
114 120
65 161
29 59
120 136
98 120
2 192
148 191
94 109
12 84
74 162
32 157
1 34
122 135
14 21
35 97
28 208
58 184
29 136
80 203
132 202
131 144
42 134
22 163
194 207
91 113
125 190
11 53
47 131
81 156
7 200
26 156
116 206
30 116
144 157
105 152
5 90
104 106
155 156
31 158
103 193
72 188
60 65
102 172
14 31
18 36
112 133
33 66
9 174
124 155
48 73
23 55
49 160
129 152
74 148
88 121
54 58
148 169
62 161
32 126
25 183
121 166
133 201
178 194
93 172
116 155
45 198
189 193
4 198
66 117
147 205
51 141
67 92
53 121
91 190
1 35
2 85
71 162
99 159
54 151
146 191
182 200
68 131
125 175
102 165
28 167
116 205
19 113
26 82
15 198
26 150
52 55
47 134
47 111
118 119
23 105
8 19
79 111
67 174
184 199
37 156
46 168
72 190
72 164
29 188
20 97
57 138
1 147
75 131
103 172
87 194
21 157
88 94
120 122
61 127
134 192
31 157
60 153
127 208
109 162
166 187
18 91
12 155
21 47
104 175
180 201
67 123
31 195
119 140
57 108
136 159
138 189
4 52
18 190
112 188
108 139
27 44
99 198
54 85
4 86
66 122
75 85
77 205
156 175
28 193
68 166
1 36
193 195
27 115
122 133
62 175
121 189
28 157
34 112
27 88
59 129
117 160
50 96
141 206
68 80
97 130
53 138
39 107
41 182
140 202
143 194
93 192
131 142
38 141
37 201
13 165
34 78
2 203
29 81
149 205
95 150
40 74
27 165
144 193
5 58
34 60
31 191
55 205
86 124
90 169
20 106
90 131
150 180
113 118
16 97
9 207
171 207
71 167
44 197
104 201
54 121
141 175
16 147
149 152
143 179
88 107
30 62
23 180
75 123
21 170
79 85
26 41
4 36
124 153
42 185
64 67
162 179
14 144
69 85
128 187
7 180
104 155
147 153
105 133
74 195
83 129
107 162
13 121
88 138
124 198
64 176
123 167
57 111
92 179
2 9
23 201
55 190
49 136
56 124
122 200
124 147
17 180
30 149
50 81
120 145
157 167
32 144
75 171
176 204
11 92
7 17
52 82
3 156
48 187
147 206
61 181
57 121
55 161
90 103
5 208
103 134
15 122
54 148
23 132
92 194
34 97
48 171
28 93
77 91
28 192
178 187
20 120
12 205
171 199
3 89
51 150
185 203
55 56
55 84
83 112
134 197
118 133
83 155
125 173
146 172
103 131
150 201
96 147
38 84
11 111
3 150
39 126
38 147
89 99
38 41
44 128
28 31
5 13
96 114
77 78
111 167
1 70
31 154
38 201
133 198
95 164
62 160
65 114
31 168
9 27
154 195
126 204
9 46
131 146
37 113
41 122
60 89
125 159
48 63
65 132
169 191
128 183
40 111
161 164
73 127
27 157
34 83
39 183
86 135
46 88
93 199
71 126
3 23
38 125
85 87
93 196
85 90
136 173
125 150
138 179
26 130
64 172
15 16
67 75
11 151
32 90
6 202
111 163
69 108
19 49
77 136
88 208
59 147
44 94
6 52
12 156
11 189
18 84
87 204
65 81
172 194
16 113
3 78
32 194
43 181
97 190
8 50
42 121
9 183
69 183
74 165
92 127
82 83
45 202
17 149
85 157
35 100
144 151
81 132
95 180
95 120
41 56
130 175
27 187
7 24
163 170
104 118
128 143
36 145
60 198
138 196
69 191
82 150
53 109
116 140
43 179
53 107
42 58
1 173
38 160
61 73
73 90
128 191
96 156
7 156
8 98
14 47
3 72
32 196
58 138
65 112
90 197
31 108
75 92
50 161
8 202
10 137
193 204
23 182
81 173
68 174
32 134
143 171
115 191
52 65
14 187
16 59
131 158
49 135
183 208
51 100
178 192
151 165
79 166
51 190
48 189
103 181
88 127
60 113
72 118
123 142
112 113
62 150
124 182
28 184
7 182
165 170
43 158
64 138
27 191
84 96
16 149
170 178
89 95
62 70
97 100
59 114
137 204
75 172
85 172
81 188
7 152
39 92
9 111
12 122
53 123
81 89
81 114
20 51
37 112
6 173
16 78
36 56
109 203
125 182
25 44
96 120
34 188
134 139
93 163
30 89
156 200
39 148
51 62
32 137
56 66
23 36
65 97
104 135
14 131
90 192
73 102
55 106
31 73
146 204
108 123
193 203
68 196
36 206
38 175
17 160
68 170
157 199
24 188
10 163
19 117
115 192
7 89
3 119
47 109
68 137
74 171
71 107
82 190
48 207
142 148
153 160
22 134
60 70
13 126
68 90
42 67
129 175
96 152
55 97
16 91
42 163
25 63
55 98
151 167
39 79
57 139
84 104
10 27
43 166
143 166
122 161
24 35
56 95
123 128
11 170
80 93
1 30
92 197
23 116
35 177
7 135
28 115
59 152
29 62
181 204
180 206
135 201
89 104
114 150
48 193
163 207
116 120
31 143
46 73
25 131
15 149
38 161
107 126
58 74
35 152
52 77
79 115
141 155
34 159
138 143
111 196
112 114
57 76
2 208
55 99
30 130
92 157
57 107
50 152
194 199
47 69
53 183
102 208
6 17
154 176
127 134
87 163
87 183
52 149
63 154
89 177
69 109
56 99
90 184
71 108
118 130
158 165
105 177
13 127
30 97
144 170
137 169
51 147
5 158
127 178
40 121
77 201
37 96
67 166
102 103
22 168
83 164
12 65
85 179
168 204
163 208
23 51
42 189
61 76
32 128
13 74
53 197
93 187
54 195
2 163
67 115
61 174
92 93
20 122
3 51
46 184
57 123
142 178
32 195
53 102
23 156
95 129
78 152
32 170
151 187
119 198
53 61
9 154
55 152
134 146
186 202
76 196
100 152
42 169
39 194
158 172
187 203
17 62
80 87
79 109
4 106
103 157
26 105
82 200
22 94
113 125
123 185
91 150
33 152
73 167
167 176
62 141
23 120
65 155
58 189
42 54
129 201
36 153
12 182
54 168
46 176
78 141
57 71
108 196
78 112
141 159
181 203
108 170
116 182
142 154
34 116
89 175
84 173
16 36
99 124
35 117
45 140
89 206
28 166
70 125
32 148
67 169
107 207
74 194
68 184
101 125
20 147
154 171
24 152
23 30
114 147
41 117
151 157
11 85
80 90
95 159
154 181
172 196
154 208
38 97
49 133
137 138
163 192
98 119
16 173
74 204
82 95
78 186
46 80
144 167
5 204
24 118
83 116
88 196
76 107
22 176
2 58
16 156
5 137
18 24
85 169
43 165
84 97
42 178
45 141
60 82
112 153
14 169
51 205
67 90
134 169
169 170
116 150
89 205
167 183
7 140
7 52
4 153
85 197
63 168
2 107
137 197
88 172
30 83
64 102
9 80
69 208
58 178
61 183
68 154
158 166
32 103
62 95
169 196
87 157
46 158
80 102
55 70
37 140
88 197
67 191
28 76
132 149
97 180
40 196
169 171
159 188
68 85
3 45
93 170
73 158
127 179
83 133
16 86
40 110
12 97
26 104
81 125
59 180
114 116
115 143
139 179
53 195
5 197
92 111
85 142
89 145
107 134
26 52
84 145
80 138
35 105
74 166
79 102
50 190
22 128
8 149
25 148
95 175
30 132
162 187
13 47
32 110
16 106
25 138
96 97
34 50
43 44
124 136
74 178
31 74
58 187
113 188
88 169
126 184
94 138
88 102
20 70
43 73
65 149
134 193
127 189
45 120
131 189
41 99
106 122
6 105
38 124
128 170
120 190
91 133
116 190
127 203
93 109
37 91
79 179
12 59
9 61
102 107
66 70
65 120
55 83
16 41
118 188
37 77
45 77
42 191
53 128
120 198
93 107
27 197
82 161
27 151
134 184
64 144
10 46
29 150
78 104
85 194
157 185
81 119
26 89
86 133
68 75
75 187
102 183
41 59
41 60
61 121
27 90
60 161
74 111
54 194
12 198
141 153
78 205
103 204
17 159
61 187
95 106
88 193
132 145
172 204
108 115
52 60
72 182
7 132
157 162
41 201
83 95
172 199
36 198
7 15
30 188
21 181
67 139
63 178
29 37
149 156
130 153
111 187
33 125
61 134
158 195
7 147
118 124
59 95
103 162
56 125
55 188
93 110
92 139
20 160
42 57
24 60
19 120
56 65
84 124
25 142
37 70
1 159
22 203
86 113
56 182
72 150
94 178
48 103
56 97
4 23
140 141
189 191
190 201
102 163
119 205
116 175
3 81
58 196
36 49
73 199
87 168
89 152
22 192
82 129
5 93
31 94
115 162
10 204
11 43
52 159
16 51
69 166
91 200
61 154
178 189
179 199
10 40
73 108
27 108
30 99
62 177
51 130
129 136
26 186
26 149
108 199
128 192
137 184
43 192
127 151
98 118
17 82
7 113
5 148
94 131
130 177
55 104
123 204
21 109
28 194
80 137
47 208
48 61
93 94
47 128
63 69
49 198
67 196
148 179
173 175
52 97
156 180
53 158
6 30
57 94
11 93
58 102
39 115
4 112
3 202
101 105
88 126
19 86
71 127
148 204
113 122
56 96
74 123
19 83
109 204
174 194
99 152
163 168
160 206
4 114
178 184
21 168
15 155
3 52
75 176
7 159
42 123
56 155
101 124
34 198
151 199
70 117
59 140
70 161
12 16
8 206
24 29
82 112
59 99
87 170
93 148
27 181
4 155
53 54
81 198
53 79
44 110
122 160
58 192
13 162
124 125
36 95
58 68
151 158
18 150
87 134
23 65
20 33
98 152
14 111
158 183
79 103
111 165
24 153
22 28
38 150
69 172
6 24
49 55
73 139
51 133
26 81
105 147
143 204
131 193
149 155
11 123
142 184
59 100
141 147
22 158
36 130
11 57
19 156
24 34
174 192
6 200
76 128
41 52
113 186
43 128
24 180
65 84
16 145
148 199
131 185
8 95
73 94
35 56
11 121
32 181
57 178
9 192
115 169
23 86
24 140
114 152
105 164
3 113
12 99
88 148
97 205
1 152
78 125
67 151
184 196
29 72
153 206
114 145
53 87
71 197
100 119
102 195
21 148
87 142
114 159
54 197
107 171
127 138
26 116
5 126
68 76
56 114
24 49
179 208
174 195
89 147
113 156
122 153
75 103
17 140
63 103
96 201
41 149
102 134
76 184
33 132
26 101
27 174
36 59
5 134
11 169
125 132
105 136
130 186
138 195
71 174
47 61
111 137
3 30
82 105
7 20
28 195
161 190
91 145
29 34
132 136
25 74
66 201
169 195
115 187
183 207
102 144
118 202
17 65
25 194
96 105
4 55
101 161
72 119
139 165
131 207
142 208
16 153
35 173
57 102
128 137
142 195
125 202
46 123
39 203
94 195
101 129
3 122
48 111
80 199
97 198
59 66
64 199
20 190
76 93
53 127
44 154
39 76
53 174
30 159
22 193
79 121
75 192
37 114
170 207
109 127
105 153
134 137
44 103
34 113
9 208
23 37
39 128
30 33
100 129
50 52
31 43
34 70
95 153
14 54
7 129
183 191
48 172
89 190
71 151
28 42
34 86
83 201
75 191
60 119
67 193
103 143
23 91
4 95
19 89
83 106
73 193
15 173
102 171
10 208
53 75
39 75
57 154
74 170
47 165
21 92
101 104
92 195
24 38
18 20
58 194
77 113
28 102
21 31
18 118
51 153
97 105
27 110
134 163
100 120
97 120
1 153
22 107
64 126
119 141
79 131
10 80
84 200
43 80
46 167
7 86
22 171
171 194
5 57
15 18
140 159
20 125
11 179
42 171
167 196
42 192
89 113
76 151
87 195
70 198
107 193
122 186
6 149
122 155
114 188
51 175
105 112
9 115
1 60
87 138
61 162
137 146
23 125
10 139
115 139
50 153
69 151
39 157
113 114
48 137
137 183
1 89
2 22
120 156
92 109
105 150
23 202
75 144
86 132
15 41
47 146
125 149
83 147
13 170
1 65
46 191
25 47
8 198
94 151
26 164
134 176
20 140
44 193
73 74
67 207
12 89
12 51
83 160
15 190
15 160
23 38
54 196
6 91
2 68
22 74
14 134
57 165
67 74
126 178
21 183
118 149
9 181
99 117
48 68
26 159
11 199
88 199
47 64
67 138
56 119
51 119
59 104
115 193
49 86
161 201
26 86
47 171
15 72
39 103
29 86
54 192
101 117
31 107
86 97
71 165
12 81
74 185
123 208
20 36
60 159
22 207
57 207
107 194
158 178
39 163
150 152
33 133
100 105
88 168
27 178
10 48
46 204
111 168
7 29
25 184
2 14
13 144
203 208
165 194
21 43
63 194
120 177
44 179
121 194
82 97
186 205
4 77
87 166
144 191
22 181
45 101
78 136
41 202
102 109
60 120
18 65
50 173
26 98
15 124
88 179
55 149
85 174
86 117
162 174
71 138
63 79
60 186
142 146
33 106
64 174
27 179
103 185
75 146
118 186
60 130
96 145
74 197
25 172
170 184
51 89
7 56
38 153
81 117
96 205
92 203
63 109
29 100
35 106
192 193
52 150
121 165
145 150
9 127
22 25
82 155
64 166
64 134
67 194
128 193
23 188
20 112
63 181
22 142
21 27
8 15
162 195
6 188
126 157
53 179
20 66
37 161
40 85
22 27
70 97
129 205
99 141
22 111
139 172
87 197
178 195
43 146
79 139
158 193
107 144
143 189
136 188
171 191
18 133
42 158
33 116
47 94
20 206
135 175
76 166
20 23
107 172
111 148
42 139
17 113
4 98
82 198
13 138
58 179
38 155
109 183
119 180
76 162
119 122
5 181
14 168
72 114
131 134
118 152
107 179
52 70
57 85
146 196
49 132
6 130
8 116
14 208
89 122
128 178
102 126
118 147
2 193
40 199
17 153
110 193
17 188
30 182
36 106
78 86
15 36
63 184
12 159
128 208
53 137
69 207
18 175
63 169
97 186
169 208
189 204
34 147
78 156
140 201
94 207
27 163
88 178
78 206
19 38
68 123
156 186
32 168
123 138
46 74
95 186
22 87
120 135
57 194
163 166
3 17
56 153
97 104
126 127
91 117
152 205
169 194
90 111
21 142
57 166
143 203
8 113
57 208
11 63
163 167
207 208
28 92
61 157
99 116
6 155
126 197
45 135
101 180
96 118
29 160
95 117
4 56
18 26
31 128
115 148
163 187
84 101
4 7
156 206
166 191
89 105
114 198
37 132
24 120
159 177
45 130
53 171
137 189
44 53
39 204
62 84
13 85
43 193
2 42
110 184
41 130
8 105
76 194
24 133
155 161
42 199
27 171
126 158
103 174
146 151
40 191
29 77
33 96
158 184
82 136
1 119
116 122
65 200
85 204
8 65
58 131
29 206
40 207
127 176
4 82
149 175
152 190
85 176
126 183
157 184
64 197
119 159
11 134
100 106
3 41
155 198
109 123
65 95
87 109
131 199
109 193
45 72
108 126
46 67
23 159
163 181
159 200
176 192
131 167
57 187
143 148
21 199
79 176
148 166
71 193
13 67
22 58
33 182
41 129
97 99
92 172
71 123
48 54
10 191
21 166
93 191
42 127
100 159
29 55
38 65
12 101
43 69
57 69
142 197
61 103
1 45
192 194
57 73
28 57
140 186
50 78
3 173
80 157
191 192
123 207
104 141
32 199
49 65
4 17
6 116
40 61
131 169
107 178
146 203
125 133
51 198
102 158
20 132
89 136
47 90
23 152
108 151
88 137
106 140
79 80
53 169
162 176
123 139
74 137
19 182
99 118
166 204
59 91
5 111
67 142
176 207
66 152
79 171
50 180
109 179
91 96
37 60
11 137
65 153
5 69
76 168
75 90
101 164
19 81
173 186
179 192
66 188
20 37
79 162
90 176
1 149
40 185
20 55
67 204
77 173
10 134
163 172
39 166
30 86
65 105
35 91
174 191
74 126
34 145
30 50
69 195
165 169
96 133
55 122
85 208
27 48
75 115
53 115
109 126
51 104
22 179
132 200
52 83
43 157
22 166
46 93
82 188
50 156
81 202
38 106
56 60
50 100
12 130
42 90
1 72
144 204
34 35
13 146
126 154
40 48
78 117
30 45
17 100
133 160
75 168
152 164
18 78
102 111
120 164
122 201
102 137
72 122
62 72
131 148
49 156
24 173
138 151
134 157
80 171
20 35
17 117
63 67
62 83
121 178
57 193
27 144
28 185
122 149
100 202
20 29
8 86
26 95
15 70
53 88
5 179
8 81
77 96
6 135
41 89
73 197
16 124
5 176
93 176
98 202
38 145
37 130
115 151
6 66
15 105
111 138
46 192
173 201
66 177
74 199
29 177
15 112
96 130
27 39
44 121
22 143
39 168
4 99
98 161
1 56
39 208
9 193
45 66
113 206
90 143
38 49
25 176
128 176
83 120
47 144
158 170
63 189
7 45
39 53
17 152
80 126
171 204
60 150
66 200
44 138
42 87
61 123
60 66
19 33
86 99
44 167
134 170
81 95
36 99
49 100
2 127
64 167
23 175
12 125
32 64
135 164
108 165
92 102
29 106
11 128
161 205
5 121
71 208
75 143
38 82
36 175
65 78
74 192
133 141
79 196
18 29
159 198
62 132
13 178
81 135
87 181
31 121
78 84
52 81
107 154
164 206
49 202
29 38
5 61
82 152
44 109
100 145
19 104
13 194
102 191
76 109
64 184
30 200
102 146
101 135
85 191
15 201
123 194
5 31
84 117
37 135
23 117
39 48
144 194
18 41
69 121
77 188
13 196
126 167
33 153
105 186
2 111
11 143
56 201
32 88
48 121
64 185
124 161
133 180
3 18
137 193
101 133
24 201
100 206
63 179
24 95
45 205
147 160
54 90
48 64
40 170
30 52
36 132
59 65
1 133
13 158
59 164
75 111
106 141
92 134
21 138
33 59
15 200
77 133
84 190
72 86
43 115
91 155
37 136
69 193
122 156
25 68
55 96
50 145
98 160
108 203
67 199
67 110
86 95
34 37
179 191
35 186
72 113
27 58
4 29
124 149
52 145
66 159
165 204
121 184
119 124
83 205
65 129
124 133
164 201
43 109
8 35
2 158
18 95
157 166
2 165
107 170
140 190
40 167
114 129
143 163
29 125
1 66
87 158
45 159
126 185
28 148
18 116
74 142
33 112
196 207
43 174
29 155
73 171
63 80
63 102
143 176
37 45
76 138
15 60
55 145
27 172
40 172
37 124
15 133
146 168
6 117
109 199
28 94
121 169
140 164
133 177
71 163
142 172
139 166
104 149
134 172
121 174
21 64
59 145
138 174
15 89
89 135
131 143
114 161
68 178
22 146
40 165
11 107
40 166
8 112
7 18
28 183
78 101
10 71
87 90
120 147
12 201
107 185
6 120
24 122
39 197
25 61
79 195
8 136
19 41
122 182
33 159
101 173
88 191
31 127
25 94
100 114
40 203
185 194
104 205
45 129
56 140
12 41
167 199
5 48
157 203
16 98
7 55
35 77
24 30
86 200
9 137
110 189
39 90
87 172
65 124
145 160
34 89
163 171
115 204
25 28
5 131
94 192
156 173
48 174
181 196
77 114
14 197
28 48
71 170
10 75
30 60
13 191
118 180
64 109
17 206
22 162
148 178
4 72
7 175
67 71
71 143
58 111
168 171
181 184
108 148
52 177
67 168
36 91
9 21
91 97
163 191
53 76
75 199
47 181
43 142
170 194
11 14
104 159
52 135
142 193
45 186
72 173
192 199
17 50
127 195
58 199
4 60
151 189
48 142
153 164
79 158
178 203
3 66
137 192
62 173
59 89
92 158
50 104
65 66
43 167
136 175
51 113
11 192
71 90
155 190
37 55
143 165
82 118
49 114
181 193
72 105
66 112
45 113
160 161
105 161
28 68
7 95
111 197
151 162
83 141
8 16
4 173
37 65
99 156
44 143
73 203
52 125
125 153
9 191
16 116
108 127
193 197
41 180
191 199
178 197
16 180
57 184
121 192
129 155
141 164
15 19
76 165
48 67
60 205
70 200
15 132
109 184
74 207
48 127
77 89
64 139
163 165
29 98
149 200
17 60
8 30
60 136
42 75
32 68
23 60
39 184
18 97
77 150
25 92
154 165
13 108
43 61
112 155
39 63
17 198
119 200
68 169
109 176
39 138
23 77
110 191
126 195
9 48
118 156
66 125
91 188
57 109
83 104
25 103
48 87
28 181
10 189
34 66
5 46
85 146
5 178
18 60
137 162
11 183
75 139
1 20
50 118
158 163
1 105
157 195
17 86
40 174
25 174
104 180
94 157
95 130
22 167
60 100
170 189
48 143
87 144
66 141
161 180
30 105
1 17
12 120
44 64
81 113
44 170
40 67
76 146
148 158
105 141
20 156
19 125
116 132
51 106
137 166
95 118
77 124
76 178
15 77
163 174
138 192
18 202
34 41
93 185
88 203
18 155
158 162
42 207
54 87
62 78
150 153
17 95
73 134
24 96
38 66
27 183
19 24
61 192
134 148
39 189
50 66
111 169
22 92
60 81
28 73
125 160
51 135
69 178
3 95
5 166
51 116
14 32
112 200
29 129
52 117
8 34
62 125
49 104
106 188
176 199
66 84
150 206
2 194
28 171
139 148
85 102
119 160
129 188
44 194
85 184
172 181
57 126
10 103
29 35
92 115
67 167
50 83
79 178
97 140
32 178
117 152
29 83
15 161
127 148
74 157
52 101
6 118
101 132
10 179
14 195
112 136
120 188
66 82
64 154
36 155
85 195
131 187
9 74
111 142
113 200
2 61
10 165
50 89
25 75
76 121
41 81
65 113
65 182
111 170
27 47
81 116
61 75
119 149
121 157
64 111
129 182
91 106
10 14
134 185
32 203
154 158
168 197
10 171
15 24
22 76
68 151
29 89
97 132
154 197
16 52
144 179
14 174
24 26
29 130
18 81
1 19
54 163
58 144
99 180
93 204
134 151
91 206
126 191
141 190
64 71
71 134
69 110
164 190
41 164
61 79
87 137
73 189
32 163
68 115
135 206
3 133
102 203
40 169
14 103
64 69
43 134
82 173
28 191
62 205
102 121
120 161
16 101
108 189
195 203
8 33
10 76
115 167
51 97
41 83
87 199
37 105
46 128
42 111
79 163
103 163
44 71
127 165
7 173
108 174
11 79
61 137
23 52
163 196
164 177
22 137
62 117
26 135
1 106
48 131
103 142
96 202
146 158
75 102
132 190
30 55
71 76
178 199
153 205
8 99
1 26
65 135
91 202
24 78
34 96
46 174
23 113
54 181
54 111
58 121
45 190
120 205
169 207
42 88
15 205
130 180
31 199
138 144
103 207
17 97
57 74
93 138
129 156
25 115
33 101
77 112
111 183
137 170
68 142
31 44
7 100
52 180
66 161
14 107
144 183
152 153
64 85
23 84
33 89
60 101
114 117
85 196
128 189
45 119
12 177
49 59
92 193
99 101
143 197
126 144
15 125
7 59
137 168
42 93
14 69
83 206
5 169
43 64
35 66
132 206
32 58
9 185
70 86
67 192
17 186
85 151
59 84
105 122
128 146
49 182
14 58
7 101
134 179
60 104
167 170
121 199
115 178
12 15
85 111
9 158
41 145
53 111
4 116
97 112
91 95
16 188
78 198
103 107
61 184
20 82
27 148
54 176
9 157
104 186
12 135
39 64
15 35
127 204
53 68
78 200
55 160
59 72
93 137
88 142
2 47
42 157
29 119
93 208
32 121
45 122
89 149
122 188
52 136
144 162
47 204
152 155
150 173
172 193
140 175
104 136
124 200
125 161
95 160
24 156
65 198
84 149
168 187
128 158
93 144
28 174
67 134
132 188
23 161
35 147
127 158
110 162
107 176
89 100
138 166
61 94
17 23
41 49
21 163
1 198
16 30
95 99
20 124
47 121
28 163
145 205
51 99
105 116
109 143
65 125
21 40
69 102
37 89
11 194
19 201
126 199
42 74
175 200
45 150
59 77
25 178
13 64
130 198
125 180
4 33
61 179
123 146
11 157
64 165
14 79
51 105
46 169
56 150
30 133
133 147
82 149
117 150
126 193
48 93
1 116
124 205
96 155
8 83
118 198
70 132
27 162
39 185
18 77
46 162
82 205
61 63
81 147
74 193
32 193
132 150
65 122
69 204
143 169
6 186
47 157
48 108
61 195
20 173
54 167
104 164
32 48
28 170
4 140
138 193
9 197
26 66
52 198
56 59
108 109
18 55
28 123
48 79
6 97
56 129
62 133
44 111
49 188
70 72
60 155
106 190
103 115
36 201
10 183
76 134
95 114
17 72
117 205
15 141
22 32
134 167
22 108
74 110
65 77
18 66
103 184
26 30
122 205
144 197
149 164
47 189
110 142
69 176
42 208
106 205
14 128
116 156
108 192
29 82
8 177
54 107
90 92
12 49
123 144
45 182
52 200
5 123
109 121
9 32
94 193
33 160
51 188
76 80
17 132
37 95
18 156
84 150
149 188
178 207
11 47
77 117
62 101
137 158
64 68
28 179
37 82
14 75
119 133
20 26
107 197
106 160
76 92
152 198
51 98
95 205
67 184
57 192
4 101
35 37
56 83
48 203
2 131
103 203
111 154
9 148
118 120
148 165
39 170
104 116
157 158
78 118
79 127
2 54
80 162
37 150
149 161
4 118
35 104
98 147
106 150
143 167
47 167
72 133
144 192
120 130
39 87
83 124
39 40
8 153
115 121
77 147
5 92
55 155
102 196
44 75
7 125
30 95
6 96
67 165
36 96
69 131
103 108
59 159
13 58
117 130
4 119
18 33
79 108
9 25
149 160
148 171
141 186
24 104
27 75
71 85
32 171
7 8
44 68
29 132
29 159
12 186
52 164
60 188
97 114
97 122
114 135
65 106
48 169
87 111
72 104
86 129
163 197
85 165
10 69
76 208
106 159
108 191
107 183
2 28
83 96
9 128
13 199
17 136
143 157
89 116
14 109
63 93
44 85
53 131
16 202
24 145
115 185
72 95
55 177
93 167
42 43
38 100
5 63
76 126
10 108
94 108
87 93
181 187
67 121
125 186
64 196
58 167
133 159
120 125
48 80
77 104
13 93
178 183
70 130
42 131
74 203
88 204
41 206
9 85
165 208
40 184
64 195
18 86
57 191
54 203
9 90
67 183
3 152
34 141
26 50
33 56
17 124
18 186
79 192
72 160
63 137
23 24
116 124
91 120
23 62
55 132
45 153
36 118
34 77
112 202
77 198
8 132
87 88
22 103
39 69
52 182
14 88
110 154
93 154
124 140
32 191
8 72
100 156
131 196
87 203
111 181
27 92
12 24
117 188
131 195
92 183
23 26
21 76
39 58
118 145
22 151
9 93
55 81
71 176
180 182
18 145
11 44
109 196
1 7
14 25
26 161
6 81
95 104
59 125
94 134
110 166
32 46
20 205
46 165
105 175
79 144
175 202
114 164
24 175
158 176
14 44
11 39
80 184
32 71
29 33
115 208
155 182
75 195
71 199
147 180
60 112
131 157
10 28
141 198
81 82
44 90
116 173
76 157
6 26
162 168
46 148
33 36
34 161
4 62
62 135
11 127
19 135
43 54
153 198
70 96
135 186
31 115
174 204
32 67
44 48
51 129
57 204
138 194
105 205
94 142
73 194
19 23
30 141
188 202
32 169
3 175
198 206
94 165
179 193
107 127
34 117
69 144
13 79
44 204
21 22
14 74
37 118
9 121
152 160
28 128
49 175
51 83
32 111
24 62
96 116
44 58
90 154
74 102
124 152
37 59
191 207
71 111
32 166
63 131
82 101
11 167
90 126
22 189
89 161
118 161
13 25
2 146
156 190
138 171
130 164
139 167
71 183
9 14
8 164
11 154
81 145
42 103
28 172
22 44
83 177
82 125
163 185
98 141
142 166
52 98
48 168
151 184
100 198
16 60
120 153
107 138
41 78
35 159
137 163
106 120
58 197
46 138
31 138
90 174
5 163
63 166
156 198
115 174
51 206
7 106
4 136
65 118
70 205
166 176
3 155
118 155
9 31
111 121
136 206
101 177
107 191
68 143
122 132
75 110
40 157
42 151
92 107
13 197
30 145
45 145
103 169
168 183
121 193
46 48
31 179
162 166
39 43
153 182
49 83
25 76
9 172
20 24
174 199
76 87
25 146
32 143
72 205
57 143
34 122
10 197
72 198
94 174
2 191
13 110
60 152
81 133
49 205
22 157
94 158
132 182
159 161
63 146
39 44
9 167
86 153
103 194
17 101
3 20
18 82
48 53
99 164
137 207
139 162
16 65
18 130
198 202
154 179
114 177
1 37
113 150
54 63
49 190
10 53
142 185
38 55
101 160
117 206
25 39
151 178
97 161
119 202
92 184
74 181
75 107
36 45
120 175
65 100
22 46
1 100
153 188
144 158
199 204
80 192
145 182
40 107
15 95
29 152
93 115
126 170
99 136
108 181
53 176
72 153
119 130
41 95
154 178
82 122
134 154
181 192
3 130
112 160
45 100
84 132
37 66
23 186
48 139
2 102
3 100
72 129
99 129
24 51
111 126
69 87
36 161
111 185
1 124
148 192
77 202
2 64
31 151
26 202
132 152
130 145
92 168
76 179
36 77
36 156
123 174
53 151
64 170
40 109
137 151
81 86
86 119
10 146
24 116
3 7
18 149
13 57
120 141
73 109
65 104
6 147
134 171
77 132
48 157
175 180
71 203
42 94
118 135
14 40
