202 201
34 184
107 185
36 144
59 140
97 101
93 190
107 200
72 99
104 202
19 31
16 116
28 200
71 81
30 146
12 66
120 160
125 194
42 54
32 73
73 179
46 79
58 79
94 195
138 164
158 167
153 180
129 159
27 56
16 77
29 134
51 63
47 117
6 7
100 141
92 118
29 95
76 147
4 118
5 133
57 110
9 154
24 43
61 101
67 106
79 100
105 158
8 37
16 175
91 107
12 62
24 118
65 101
29 179
70 139
51 200
70 101
11 88
85 147
148 198
44 202
18 127
56 156
5 87
24 156
101 126
125 178
3 23
22 171
24 70
24 183
25 77
51 137
59 80
34 193
82 184
39 77
36 134
165 174
125 147
3 40
135 176
80 98
94 151
57 155
45 202
16 181
62 94
64 120
83 120
12 172
5 103
90 194
24 41
90 154
124 188
27 189
57 67
1 100
90 127
40 158
80 174
10 52
7 157
120 201
16 90
3 80
72 127
107 113
118 132
121 183
143 194
74 102
37 169
84 99
2 9
31 171
24 119
39 86
14 127
29 161
4 186
58 80
159 175
53 101
31 69
59 157
72 170
33 123
11 127
90 123
24 74
146 175
136 145
153 187
5 55
164 172
20 175
16 45
132 185
13 34
75 101
52 98
134 143
162 182
29 163
93 194
26 43
91 108
128 165
136 179
99 150
50 118
176 184
90 153
45 80
133 177
120 183
11 173
11 48
157 192
166 174
47 156
95 109
122 187
49 153
60 147
89 115
31 202
71 124
26 197
38 174
13 35
131 176
5 12
12 13
110 166
68 176
54 112
149 166
21 172
169 178
148 172
26 191
59 182
114 148
38 111
194 199
24 80
29 115
13 174
45 81
13 42
17 70
38 152
78 146
15 90
39 196
127 130
81 168
29 142
29 96
