297 296
226 240
23 94
212 230
5 124
160 179
186 285
57 122
182 196
150 291
31 224
17 22
107 115
98 250
87 114
84 285
100 184
64 275
22 156
49 246
107 258
62 110
14 120
111 274
54 234
71 289
124 205
56 180
231 272
14 178
12 144
71 262
62 96
41 135
87 190
143 197
147 148
183 190
41 70
171 239
30 271
151 158
286 295
217 255
18 131
126 195
43 210
90 281
20 163
78 144
65 295
180 265
97 182
94 112
111 166
259 271
169 277
128 240
26 104
125 199
234 279
73 247
271 282
114 209
15 151
66 246
37 286
40 274
122 169
14 72
146 274
116 221
27 269
33 36
113 117
69 149
258 290
19 100
40 88
116 280
97 204
227 242
117 232
201 212
45 48
58 95
200 288
13 34
48 274
117 216
52 202
61 261
159 290
118 226
180 203
96 146
60 226
25 188
30 142
100 271
1 295
66 191
102 215
218 287
109 163
43 206
43 270
64 154
235 280
40 251
27 130
53 114
93 178
17 75
26 183
85 97
19 244
26 236
6 41
183 223
98 146
139 196
36 44
154 291
51 283
157 169
8 272
37 174
208 215
90 154
144 273
169 177
245 246
256 292
152 296
188 274
68 251
163 215
139 276
74 211
174 278
42 123
257 287
76 125
70 243
229 268
7 12
52 224
146 213
111 297
138 286
90 237
73 287
36 94
229 272
126 229
132 271
81 106
144 153
118 263
152 222
171 233
260 264
3 58
32 119
150 193
61 140
77 221
180 187
38 116
86 96
116 220
162 212
12 119
263 267
54 148
110 292
198 251
146 238
144 163
1 103
170 285
139 219
74 192
87 96
55 167
131 151
4 199
228 268
71 274
59 293
17 21
161 281
124 163
29 143
101 103
150 286
20 51
263 264
21 121
58 286
13 105
34 158
87 180
83 111
50 119
170 284
40 79
190 258
106 217
47 259
238 249
20 52
150 285
13 196
21 295
39 132
84 254
288 295
199 271
82 138
165 242
178 285
41 108
143 169
30 167
107 127
63 271
80 187
20 173
124 214
16 89
168 271
169 253
252 253
201 285
9 12
137 210
36 147
21 145
5 43
1 28
111 172
233 287
148 191
86 233
117 144
175 264
10 110
169 201
142 194
141 287
30 215
106 188
30 87
12 164
249 266
132 242
179 206
111 181
18 192
157 294
46 236
152 179
144 147
35 146
69 234
116 233
111 185
62 133
27 162
188 196
24 136
24 164
87 118
2 173
225 242
134 264
40 92
124 285
9 189
27 99
61 155
91 205
169 241
109 207
130 176
89 163
155 259
11 114
30 42
117 293
67 204
87 135
132 229
129 272
234 248
