295 294
180 295
150 295
79 295
7 295
83 295
207 295
36 295
128 295
265 295
271 295
193 295
291 295
162 295
273 295
146 295
245 295
126 295
95 295
12 295
217 295
55 295
71 295
159 295
250 295
267 295
107 295
130 295
2 295
211 295
285 295
53 295
141 295
66 295
4 295
182 295
198 295
169 295
35 295
29 295
72 295
9 295
90 295
256 295
173 295
176 295
120 295
63 295
187 295
264 295
235 295
239 295
134 295
100 295
123 295
138 295
143 295
189 295
255 295
57 295
236 295
266 295
136 295
56 295
210 295
118 295
194 295
262 295
31 295
175 295
140 295
208 295
21 295
292 295
78 295
252 295
172 295
202 295
227 295
290 295
13 295
145 295
94 295
34 295
179 295
200 295
257 295
147 295
272 295
191 295
24 295
274 295
137 295
81 295
97 295
1 295
93 295
17 295
279 295
82 295
161 295
244 295
37 295
132 295
165 295
229 295
76 295
238 295
234 295
106 295
32 295
114 295
281 295
27 295
68 295
5 295
222 295
38 295
181 295
129 295
3 295
18 295
96 295
144 295
251 295
8 295
190 295
242 295
40 295
84 295
102 295
232 295
209 295
48 295
70 295
278 295
284 295
215 295
268 295
39 295
50 295
289 295
60 295
22 295
205 295
228 295
204 295
139 295
282 295
280 295
119 295
87 295
261 295
164 295
142 295
117 295
105 295
218 295
287 295
61 295
122 295
42 295
183 295
220 295
104 295
44 295
89 295
121 295
185 295
170 295
124 295
214 295
243 295
20 295
45 295
167 295
241 295
246 295
206 295
77 295
293 295
148 295
275 295
62 295
199 295
25 295
33 295
192 295
6 295
224 295
23 295
101 295
260 295
73 295
49 295
69 295
43 295
258 295
103 295
286 295
99 295
108 295
184 295
59 295
92 295
75 295
133 295
16 295
135 295
109 295
160 295
86 295
10 295
163 295
294 295
149 295
203 295
237 295
131 295
111 295
269 295
26 295
158 295
112 295
154 295
151 295
74 295
11 295
197 295
196 295
113 295
277 295
58 295
178 295
270 295
247 295
253 295
115 295
221 295
47 295
288 295
14 295
283 295
155 295
30 295
41 295
230 295
212 295
85 295
157 295
226 295
195 295
152 295
177 295
19 295
201 295
186 295
127 295
15 295
52 295
171 295
223 295
65 295
231 295
259 295
51 295
276 295
125 295
64 295
166 295
263 295
174 295
54 295
188 295
98 295
219 295
91 295
46 295
116 295
254 295
240 295
88 295
28 295
153 295
110 295
67 295
168 295
248 295
80 295
216 295
156 295
225 295
249 295
213 295
233 295
