248 247
138 234
216 235
154 248
53 207
191 214
61 160
70 163
69 237
26 106
80 201
30 224
93 180
94 97
158 201
217 242
184 221
43 157
121 179
20 225
63 196
27 67
28 51
194 219
138 167
98 116
113 173
78 81
14 245
199 212
125 230
47 49
148 162
71 244
79 188
221 226
58 60
135 229
15 94
73 129
76 203
147 238
64 147
8 77
23 130
34 168
146 170
80 136
35 43
42 54
174 240
56 70
46 182
130 141
152 243
22 29
146 153
27 32
155 182
53 124
65 102
174 204
16 240
39 96
24 102
19 41
18 126
20 123
95 186
99 192
45 121
90 213
33 246
119 210
132 169
35 135
183 187
210 247
143 227
23 194
26 140
25 37
168 223
5 239
109 206
110 212
111 175
9 42
178 224
1 235
144 185
36 137
133 218
82 196
24 208
29 48
7 202
216 218
85 208
110 195
69 192
75 107
58 160
5 75
31 243
47 229
79 92
129 200
4 72
124 177
13 128
55 150
57 122
84 108
13 83
145 164
103 125
108 189
52 177
21 183
17 219
90 191
107 165
72 215
34 180
7 62
161 241
6 205
91 93
159 170
8 220
163 227
63 193
59 115
87 172
97 109
159 205
74 113
28 209
105 112
65 118
100 188
6 22
16 40
152 162
140 248
10 112
99 127
86 176
120 173
41 104
48 61
136 197
14 132
51 150
98 144
122 238
131 217
164 202
40 155
115 245
50 92
131 244
1 52
149 242
101 187
74 96
67 105
12 37
117 211
50 66
106 190
114 204
89 213
145 151
73 82
141 181
171 190
91 148
137 207
185 236
2 120
68 81
100 101
172 211
203 234
32 156
38 117
103 228
49 76
197 246
161 222
11 116
87 195
11 54
77 156
89 239
64 226
153 154
85 158
71 133
198 236
62 189
44 128
126 184
56 198
31 44
45 169
25 139
200 222
15 57
88 157
176 233
55 59
17 21
143 165
38 127
179 223
10 199
84 171
78 166
214 241
18 193
9 149
167 233
39 209
111 119
19 60
104 142
206 231
175 186
225 237
33 230
166 178
3 232
95 123
88 220
36 86
2 181
66 134
215 247
3 46
4 134
142 232
151 228
12 83
118 231
68 139
