206 2598
11 91
11 126
56 198
91 182
182 191
80 205
112 144
20 157
45 61
44 146
18 64
67 82
63 74
32 38
64 111
33 89
6 74
60 193
12 101
12 72
83 176
78 184
22 181
150 155
14 104
144 163
27 156
45 57
11 104
89 203
63 71
116 194
144 156
61 178
1 179
130 132
92 134
100 112
93 135
60 190
108 182
142 167
73 85
70 171
94 199
33 187
73 106
21 136
149 187
152 199
59 179
29 205
14 120
39 100
113 133
174 185
62 122
14 62
12 182
25 87
21 152
122 203
41 111
10 24
102 106
99 152
154 166
76 108
64 78
66 129
59 81
94 113
63 148
163 190
7 81
43 116
32 79
122 151
93 114
32 132
26 170
83 138
28 202
127 151
54 94
51 199
103 204
74 90
11 183
40 180
133 180
25 79
99 121
123 152
54 173
28 57
11 144
66 118
30 73
49 201
103 168
174 180
15 182
16 17
127 166
129 155
41 130
89 94
31 144
180 202
104 161
36 147
125 160
113 184
94 137
58 204
18 206
132 163
8 52
67 137
19 193
56 146
8 111
154 181
18 150
55 198
34 162
110 127
131 191
114 149
74 140
146 197
18 139
73 117
105 175
78 87
61 107
108 156
100 137
1 106
15 187
18 79
22 123
146 177
22 97
31 57
45 136
148 163
141 150
85 93
48 170
42 141
81 199
147 195
2 53
108 164
61 186
16 203
141 191
88 102
44 66
117 162
71 87
33 174
135 158
75 187
111 179
27 94
100 108
77 186
120 122
108 180
28 200
9 131
37 38
129 179
74 81
90 141
67 70
112 114
60 64
10 45
41 131
93 158
44 103
153 168
162 168
163 169
39 87
12 194
76 143
3 204
125 167
27 30
5 21
43 88
23 72
41 50
51 94
85 91
146 170
124 138
63 154
136 189
73 143
185 199
24 197
140 153
55 170
87 189
22 85
21 35
3 49
36 167
69 134
11 21
106 116
36 175
88 166
50 141
40 87
24 200
41 180
49 64
51 71
50 171
97 205
102 158
120 150
118 183
68 187
73 111
9 49
59 120
13 147
5 33
75 201
71 124
4 195
87 92
4 199
112 199
110 144
30 183
133 161
42 61
70 76
149 154
59 204
115 116
102 152
145 196
8 29
55 126
99 124
78 136
24 99
152 203
125 146
48 63
158 168
101 110
104 203
52 166
97 192
113 173
30 195
16 145
93 176
97 166
37 113
53 141
86 146
42 159
171 184
59 205
97 157
120 189
105 163
43 61
47 125
47 56
87 177
61 167
105 136
47 192
34 126
58 71
98 105
5 6
47 195
132 201
83 127
2 180
41 87
38 190
66 203
34 76
61 108
58 64
50 195
70 75
57 67
8 20
119 165
97 147
127 201
118 129
61 71
58 99
27 118
41 144
35 109
2 200
63 144
175 190
7 150
86 111
24 70
19 21
130 168
83 172
119 189
2 186
157 194
21 132
6 188
118 153
31 34
107 198
21 45
151 156
94 118
50 128
119 156
60 150
9 144
77 203
110 181
138 173
66 109
57 123
56 74
108 190
28 77
33 105
51 190
79 98
140 151
151 194
10 191
74 76
19 27
101 198
81 182
54 56
51 123
29 57
125 170
12 16
49 130
108 193
160 184
122 138
29 179
20 130
114 154
51 95
37 103
75 206
10 195
36 67
38 86
69 140
61 199
53 136
95 154
56 142
141 164
38 123
4 33
49 78
10 89
101 112
61 125
12 83
7 57
61 153
158 189
76 158
74 128
111 173
10 147
177 185
31 33
20 164
25 112
55 137
19 169
8 136
108 136
8 181
44 62
5 76
3 89
60 114
12 164
26 123
20 171
71 148
42 67
93 154
8 197
11 128
131 156
72 74
78 174
121 161
74 82
47 166
88 162
22 60
97 133
62 137
96 101
97 141
3 61
161 163
8 76
41 167
21 75
50 201
20 142
104 160
150 173
28 63
19 195
4 135
69 89
33 115
47 146
65 162
191 194
18 44
4 20
72 169
152 158
98 179
59 69
14 46
47 148
103 121
117 127
29 104
76 206
181 194
42 106
115 148
114 135
14 17
29 185
22 63
85 199
69 100
2 15
7 191
48 177
1 136
133 206
22 116
114 129
25 187
8 162
37 93
31 128
21 97
7 143
44 134
145 173
68 188
121 206
111 186
110 187
69 71
1 7
37 63
51 82
27 80
45 60
47 155
23 195
73 128
6 193
41 133
26 39
95 130
50 197
130 155
166 202
124 187
115 155
86 141
77 145
157 198
57 179
56 72
151 161
44 72
98 112
39 66
11 38
88 170
44 175
38 74
49 164
51 137
66 153
28 110
19 22
172 202
49 155
38 67
136 170
22 92
91 139
177 188
16 129
19 62
59 149
33 73
12 75
65 205
92 161
2 173
34 54
164 170
13 170
136 173
14 155
15 52
52 181
162 196
86 198
160 206
88 196
92 120
67 93
52 184
71 98
69 154
79 85
47 110
73 95
52 205
39 190
89 168
93 166
100 148
78 191
1 133
167 172
38 178
36 144
21 32
145 169
110 113
84 110
92 184
122 145
108 142
7 126
84 115
91 137
40 72
39 195
101 105
120 203
65 148
52 119
71 147
99 143
51 64
77 112
88 181
127 198
142 156
45 188
165 166
51 62
72 84
42 149
103 206
117 183
4 129
63 156
86 147
9 127
38 40
139 146
88 185
99 133
23 42
139 169
189 192
15 202
86 108
113 182
6 155
57 187
100 204
19 173
115 200
106 197
19 203
111 150
102 134
95 106
82 149
9 67
55 142
61 136
114 147
118 184
3 178
46 113
6 180
33 68
57 198
27 49
34 166
132 205
32 190
10 174
67 83
64 65
37 183
22 137
59 194
31 61
103 149
36 72
64 167
55 203
26 107
73 105
77 138
113 166
29 140
81 118
11 160
35 60
124 198
119 190
66 178
66 134
71 125
50 159
20 156
129 188
30 32
11 52
70 78
19 45
89 183
136 145
2 118
71 199
33 158
97 100
43 46
161 203
24 82
42 189
75 166
36 120
84 140
169 199
48 58
146 193
86 187
62 184
42 79
2 182
87 169
14 153
57 103
16 132
87 187
158 170
188 193
57 98
112 116
105 167
87 113
58 162
40 179
67 108
52 198
182 190
66 190
70 179
40 194
37 195
141 196
63 79
124 186
5 147
42 60
5 130
44 74
1 146
10 90
96 192
2 127
14 185
72 135
54 132
16 47
61 102
3 154
66 139
32 185
3 94
94 117
40 58
10 48
53 74
92 167
22 176
141 203
128 193
13 153
11 167
5 148
37 202
27 143
19 105
11 124
83 177
44 129
33 186
139 142
23 190
57 134
126 160
33 138
145 154
117 147
86 114
72 106
36 55
1 116
119 151
35 134
92 124
147 194
85 195
30 125
28 176
71 82
50 206
73 146
59 106
37 200
42 135
23 176
102 137
100 190
41 145
17 34
7 90
81 90
30 44
107 114
40 66
35 121
97 99
9 72
80 195
99 119
23 48
47 77
13 51
11 169
31 70
117 119
112 133
150 161
77 103
55 168
53 109
171 177
158 159
107 171
10 20
17 203
20 107
149 190
11 130
138 196
19 178
32 95
67 150
45 64
1 178
87 152
156 157
30 81
80 124
11 71
80 89
77 98
61 155
53 194
29 124
30 146
126 152
68 94
52 197
91 136
108 144
23 79
29 97
54 73
124 199
32 71
94 164
135 187
104 107
106 196
93 102
151 163
82 185
59 162
2 107
102 201
37 62
41 85
60 181
3 113
90 102
19 73
7 48
68 152
110 184
165 192
89 107
29 98
44 91
72 171
139 200
36 74
117 123
41 160
112 140
2 79
106 114
32 178
90 110
18 102
25 91
77 195
43 55
45 112
15 45
73 116
84 200
79 97
6 128
7 130
108 155
97 104
20 187
49 173
30 162
61 69
50 136
85 161
21 50
30 66
24 149
21 203
48 129
143 202
90 118
79 171
57 102
55 78
38 170
35 50
132 155
12 156
81 82
29 63
84 126
97 111
2 64
57 120
113 116
67 129
86 113
75 138
66 194
17 176
48 72
99 186
27 85
101 181
134 168
38 162
64 122
98 172
122 157
63 126
193 195
81 191
65 133
26 83
92 146
79 180
41 93
131 202
23 90
2 97
79 132
80 129
37 167
16 140
136 140
116 124
43 93
19 56
76 194
116 187
61 198
57 158
124 145
109 204
116 175
48 162
95 205
9 73
107 127
103 157
49 158
5 96
37 104
95 148
151 169
61 121
29 173
34 105
31 137
19 152
72 151
67 170
106 189
78 167
70 181
152 177
8 9
192 206
109 168
169 180
69 168
118 162
54 122
94 119
138 174
53 105
31 165
35 166
5 46
115 164
73 139
17 102
21 137
26 63
79 124
23 168
2 71
93 119
91 135
160 202
40 112
10 54
120 129
58 170
153 198
21 41
11 16
124 191
26 191
29 58
48 66
64 79
74 201
102 144
3 69
38 95
12 172
40 171
42 185
56 61
38 148
74 87
78 111
48 139
111 135
7 145
9 167
186 195
37 101
58 141
200 202
87 111
166 194
16 151
141 180
84 182
33 196
116 184
48 103
5 198
46 84
159 203
121 134
101 116
13 47
174 190
27 46
149 175
6 46
151 162
68 121
42 158
63 195
28 193
107 130
158 185
21 83
53 142
157 170
51 157
65 188
18 30
110 145
5 114
66 198
3 45
46 171
147 193
5 151
98 150
49 198
153 202
16 200
37 174
113 115
64 67
154 206
14 149
111 204
48 148
40 176
119 135
181 184
10 102
82 91
5 194
54 137
184 195
73 201
160 161
93 109
153 192
148 204
42 148
15 81
97 172
2 77
81 136
21 106
65 146
64 118
79 137
44 109
27 171
51 116
112 159
142 164
79 169
8 123
13 195
70 176
42 168
91 122
65 192
71 126
15 22
27 90
35 164
106 113
41 147
20 25
133 136
139 171
132 182
20 35
19 121
172 204
69 121
75 129
122 149
44 121
61 123
53 77
34 198
45 194
55 102
45 166
139 161
48 91
34 38
60 95
97 187
139 177
6 172
126 133
141 186
86 112
95 179
59 77
38 159
24 186
115 159
80 100
10 138
54 191
132 199
63 90
1 59
12 126
21 150
114 160
31 77
77 113
2 95
122 192
43 162
82 161
42 152
174 179
9 88
28 181
92 150
25 101
91 104
86 133
147 176
5 62
1 89
124 184
58 159
5 60
15 62
119 193
49 60
92 172
30 97
9 28
48 151
129 135
46 80
73 87
15 38
32 91
54 84
80 98
79 144
55 185
120 130
187 201
131 150
31 123
53 102
31 71
56 203
134 180
122 165
104 184
8 79
47 141
112 120
50 86
25 85
59 168
133 153
75 126
104 157
169 175
13 152
78 98
12 104
96 109
30 69
38 61
102 191
92 205
58 114
117 155
123 191
32 108
63 166
86 186
14 30
104 129
53 112
97 146
135 159
120 142
69 126
100 130
22 194
103 141
13 127
68 120
127 197
111 137
86 154
28 204
73 101
17 132
182 200
44 73
66 131
69 122
17 146
23 150
106 155
40 138
168 182
23 145
79 188
86 121
14 162
26 144
96 104
114 156
18 115
3 85
75 119
100 173
26 119
116 128
12 26
129 159
15 140
129 166
95 194
100 189
45 205
39 99
51 149
86 140
67 194
121 179
59 132
99 182
49 187
44 184
158 178
80 114
181 200
93 99
26 203
10 171
109 123
60 199
21 197
56 206
129 196
11 106
95 185
147 159
114 187
22 47
60 68
16 22
21 85
70 115
16 82
27 203
122 134
108 138
118 133
144 160
49 142
131 182
18 143
131 195
2 138
133 158
14 73
163 195
45 189
32 112
104 175
176 183
35 73
76 169
33 42
1 137
44 148
87 155
5 40
95 204
173 206
138 164
89 120
111 113
50 155
52 190
68 69
33 55
90 123
77 198
36 198
13 200
168 178
46 87
128 149
160 200
19 92
55 113
63 85
96 110
128 170
9 184
109 206
32 169
73 132
78 82
90 195
97 202
58 90
5 112
122 193
137 173
5 135
137 163
94 123
26 87
51 206
36 188
182 195
48 59
93 100
64 143
111 181
33 50
99 136
83 198
35 39
29 200
70 107
28 185
22 88
20 90
33 159
49 152
11 85
12 69
29 170
29 177
60 167
106 115
46 173
40 162
16 38
17 136
163 172
50 122
187 206
23 126
3 182
93 101
50 113
125 150
44 133
34 114
1 86
142 177
4 44
165 189
36 73
15 134
66 94
54 149
184 186
15 147
144 175
119 124
22 108
79 178
42 166
79 175
87 202
124 164
168 194
92 157
131 155
34 171
7 166
6 200
17 40
67 199
53 75
75 97
24 169
193 196
18 140
6 16
73 179
63 153
84 89
50 56
79 104
67 69
4 106
56 192
66 165
13 182
128 184
33 39
43 185
146 172
112 182
3 76
146 161
146 199
27 167
136 146
10 96
153 173
11 70
1 26
27 121
154 194
19 41
72 196
51 60
137 181
167 197
20 137
110 154
54 134
69 180
178 189
147 205
149 182
25 152
126 198
20 45
70 103
99 161
47 82
177 198
48 171
74 199
50 134
123 170
169 183
63 86
33 41
11 99
48 186
61 197
126 129
78 120
9 82
42 199
82 160
104 179
14 51
82 128
39 137
54 201
147 200
64 107
13 201
3 135
203 206
26 89
141 152
59 123
14 184
27 157
10 189
24 166
72 100
122 144
104 151
44 115
2 123
55 73
45 131
102 140
118 141
47 157
42 177
90 202
65 171
95 147
37 193
10 75
163 192
85 175
6 85
52 173
59 177
3 165
49 139
16 197
1 192
61 67
8 115
33 202
85 112
100 179
83 130
192 202
9 102
71 141
90 185
88 153
52 83
47 100
10 146
18 28
13 60
75 202
154 187
80 130
50 200
121 186
85 153
106 198
57 151
39 193
23 69
89 175
58 184
61 99
125 143
60 124
41 156
23 109
2 131
22 152
38 89
5 78
61 151
15 48
24 27
20 77
151 199
47 102
94 139
56 157
110 118
77 159
63 81
109 182
1 17
17 192
116 162
63 142
55 206
61 118
122 124
35 82
148 183
40 195
1 67
96 195
96 97
49 75
84 96
82 166
72 141
76 176
69 190
7 101
37 159
24 68
19 119
6 96
12 93
130 186
46 51
5 14
26 64
15 69
101 145
143 189
47 115
41 91
118 173
144 197
121 202
12 146
65 119
2 41
191 196
32 144
116 152
38 78
31 72
15 19
123 135
69 170
37 89
102 169
15 44
43 128
63 176
59 131
9 137
119 176
34 48
41 121
3 124
36 48
135 190
65 169
141 179
155 197
32 114
97 130
60 140
19 170
75 197
11 193
132 141
106 111
62 74
56 139
68 174
7 27
83 90
35 144
101 197
3 129
81 122
186 193
23 52
9 206
132 142
51 188
71 186
10 15
151 196
39 95
108 154
65 137
106 188
66 197
46 154
181 195
18 131
60 87
100 203
54 111
95 173
148 158
175 185
76 189
150 175
68 74
66 161
196 204
64 110
5 127
82 124
4 86
32 200
71 127
170 171
82 153
71 115
182 199
146 157
52 79
14 59
17 151
50 127
76 86
18 24
114 184
115 132
115 154
84 109
82 120
155 193
168 186
108 148
70 185
24 172
80 106
77 187
20 173
43 199
84 136
141 146
152 155
81 163
145 187
30 163
2 66
2 92
107 108
68 197
94 134
60 188
73 126
74 83
41 99
38 87
79 139
25 62
62 186
34 147
126 200
10 41
52 149
26 56
109 154
32 174
50 169
88 114
16 76
23 37
78 99
3 70
106 121
66 156
119 161
46 89
81 83
16 95
122 155
26 95
26 81
33 111
31 189
13 192
73 138
19 35
158 169
170 192
51 113
18 186
164 186
128 156
189 206
108 166
20 39
3 194
7 153
29 132
85 159
75 141
27 166
84 88
45 191
94 174
2 124
18 100
101 150
108 199
67 73
51 63
6 44
117 154
60 166
29 178
111 122
196 206
86 98
49 188
64 185
4 170
81 169
38 121
106 157
46 90
52 78
110 152
102 103
5 34
15 115
87 120
166 185
31 176
50 82
18 97
59 143
55 97
28 47
80 133
44 58
136 165
35 62
77 115
42 88
68 125
12 77
77 119
7 56
4 157
74 136
25 198
85 95
35 155
86 124
12 82
173 180
94 116
3 186
41 120
49 185
31 132
83 86
13 75
4 145
102 195
157 158
55 186
44 45
23 64
21 101
121 190
42 114
134 163
93 187
147 186
42 123
102 193
2 28
101 179
68 156
53 135
115 180
42 122
59 65
75 128
24 77
35 80
87 148
35 195
26 118
2 183
12 154
10 179
42 182
140 166
88 173
185 187
19 111
19 47
102 197
2 165
44 170
33 59
14 33
12 197
172 203
83 137
54 138
175 179
73 191
30 85
118 161
46 77
118 140
19 191
107 134
13 68
6 103
75 148
8 108
24 206
14 169
67 133
74 106
41 100
35 89
27 114
80 159
3 108
118 144
2 34
89 144
101 201
42 171
84 107
52 85
144 199
29 110
86 97
4 123
54 169
74 131
89 193
40 163
9 30
77 182
48 57
143 179
121 188
22 59
63 83
16 66
8 18
18 48
127 189
136 179
23 193
8 204
27 48
55 121
89 177
78 106
94 133
15 105
6 21
23 101
41 60
109 129
39 40
83 104
49 101
87 98
43 187
71 181
74 130
87 164
104 133
55 162
105 164
39 52
3 68
40 148
170 180
107 179
129 136
56 177
40 158
117 193
80 160
17 125
39 188
52 110
18 107
84 191
113 151
5 99
16 92
190 200
99 151
145 206
8 160
105 178
125 136
104 173
30 179
145 164
22 195
35 66
53 198
116 179
26 142
28 43
149 160
42 94
30 141
126 182
15 57
48 65
27 83
41 162
59 84
42 63
73 122
14 140
13 45
65 139
33 44
70 174
161 168
103 115
164 175
156 170
100 139
145 171
45 138
128 195
81 192
15 129
68 70
66 195
86 175
24 137
43 123
48 188
85 184
114 198
63 186
30 42
136 205
2 49
24 58
80 176
141 155
8 169
167 168
15 190
39 125
45 193
3 17
106 154
21 120
74 196
110 135
126 170
128 131
30 127
99 144
16 32
142 158
26 190
62 178
88 187
32 118
62 142
8 44
3 14
92 141
97 105
20 166
60 91
7 157
92 180
85 206
4 174
73 102
86 105
26 147
15 32
1 148
33 74
82 172
68 115
155 194
79 84
15 157
102 181
81 153
2 141
136 178
96 124
40 69
127 160
70 170
78 118
62 205
54 199
60 104
103 113
27 129
72 175
179 186
24 85
92 109
34 95
103 134
46 179
92 149
91 185
15 80
60 160
63 182
118 139
38 199
25 172
47 116
18 54
94 104
89 117
116 148
56 101
33 48
58 163
119 153
12 34
64 132
77 162
89 195
28 128
113 153
132 203
41 81
75 200
127 154
24 42
160 187
78 113
48 157
91 143
92 168
2 202
6 169
164 204
76 126
106 165
7 137
47 124
119 132
109 189
71 102
19 101
99 159
144 166
11 143
181 188
60 78
125 182
17 196
46 55
26 76
23 120
71 135
37 56
129 178
69 79
71 75
41 123
102 204
12 48
10 83
60 170
2 179
44 153
169 204
44 198
66 200
160 195
49 95
3 9
169 196
5 117
165 178
69 181
14 54
9 171
36 61
45 198
11 69
50 139
110 136
172 175
13 16
186 203
3 201
43 74
20 73
157 192
38 198
14 61
4 38
34 59
158 184
60 203
20 177
2 148
4 95
114 175
48 202
63 181
42 192
57 136
66 136
61 101
123 199
29 102
83 149
104 195
4 194
102 126
94 128
1 161
49 133
128 198
60 121
48 145
71 122
26 101
100 102
29 37
25 73
7 70
75 96
27 62
14 15
19 205
69 72
29 90
88 132
53 165
165 200
190 196
16 150
52 182
77 100
128 157
151 155
39 168
3 29
146 186
103 154
55 82
70 165
6 204
21 64
191 198
157 167
85 100
115 141
39 55
115 145
41 108
81 124
4 82
82 137
55 116
69 108
16 109
27 149
89 135
20 37
82 158
26 111
154 184
84 137
17 52
1 39
7 180
93 152
146 200
12 171
7 138
110 175
37 181
172 191
17 28
48 124
5 149
53 181
12 15
2 27
58 132
167 192
4 72
152 154
42 194
176 206
110 161
19 94
7 104
112 184
62 123
118 143
55 199
28 95
62 185
132 188
90 104
52 144
56 132
49 182
13 108
118 191
148 149
11 13
28 81
28 85
24 64
88 161
47 182
61 79
111 112
91 142
93 174
161 190
16 89
156 175
18 132
105 157
111 180
21 147
55 65
198 203
124 180
72 199
120 140
7 74
122 184
23 183
136 154
83 142
54 74
190 201
134 181
86 182
68 149
135 156
55 83
129 150
76 177
52 185
21 186
2 162
120 202
6 47
1 187
62 100
139 167
116 165
108 198
136 174
22 161
53 153
127 200
114 179
59 117
41 63
56 103
106 192
67 136
31 73
15 60
71 94
21 129
37 117
31 194
135 184
113 190
32 51
53 128
134 191
144 170
80 145
48 69
9 63
201 205
103 201
16 112
46 104
4 93
25 40
48 138
112 129
1 123
87 136
76 123
90 96
147 179
35 197
2 60
61 152
71 173
191 193
122 146
173 184
77 131
164 173
152 188
1 195
102 123
103 183
32 92
118 149
133 179
119 195
144 188
40 174
55 114
114 138
8 177
171 205
65 138
62 85
52 127
7 19
32 147
73 163
60 66
9 188
29 59
186 198
127 173
76 187
81 98
38 92
14 126
8 68
114 143
10 164
71 157
89 100
3 149
7 73
7 151
97 191
18 26
41 115
1 50
9 168
51 78
21 135
34 165
49 119
32 100
80 136
128 138
173 181
196 198
89 126
160 180
6 41
113 177
158 204
72 94
153 163
35 149
18 125
18 180
90 106
32 202
14 102
14 129
156 202
121 162
150 205
47 48
130 179
129 143
1 19
62 203
23 135
40 122
94 202
48 154
13 67
21 60
14 176
5 174
101 135
44 89
36 148
77 79
74 186
1 63
53 189
46 182
13 134
20 46
50 81
25 159
1 38
51 203
145 185
50 168
11 110
6 173
157 195
48 128
90 116
12 51
85 158
70 162
86 128
133 171
7 159
41 138
10 74
66 126
26 33
4 141
156 161
12 161
117 182
62 150
37 198
45 130
59 110
36 111
7 29
73 83
56 68
67 99
86 142
53 164
46 72
73 205
53 129
118 124
91 101
58 197
5 131
24 93
106 138
27 45
109 176
46 157
134 148
100 186
77 160
111 206
52 159
72 150
80 110
52 92
39 198
140 177
26 117
120 152
22 191
44 94
43 167
17 165
2 174
102 135
98 147
83 205
149 152
193 202
108 152
51 142
13 57
128 154
9 38
17 160
56 105
3 36
130 156
18 134
69 197
77 110
8 69
192 201
88 168
39 165
124 194
93 170
70 194
56 194
104 130
73 78
41 107
132 152
33 200
35 173
72 92
25 58
8 117
104 111
39 88
157 187
3 50
28 54
1 135
3 146
129 197
1 145
20 150
138 168
114 206
89 154
75 175
186 189
67 131
7 93
28 195
141 166
60 196
46 185
