46 275
37 38
24 39
6 45
2 44
31 45
3 9
19 21
7 16
15 18
34 42
1 27
1 45
21 43
19 39
36 42
13 40
21 31
36 43
9 32
16 32
31 37
1 21
16 17
18 29
17 42
35 39
26 35
15 20
31 46
19 25
1 24
35 38
6 23
9 22
8 21
14 22
7 33
4 43
33 45
8 40
13 30
31 41
10 14
25 39
21 25
5 45
40 41
21 38
16 42
2 34
30 38
19 32
18 31
2 15
8 24
13 46
36 44
13 20
36 40
19 34
21 34
6 37
23 27
15 21
22 26
18 24
6 22
8 36
5 29
23 33
18 45
6 29
14 41
30 33
2 9
31 33
23 31
22 42
11 38
9 19
1 44
3 29
9 36
38 40
12 45
26 33
8 32
6 27
26 42
20 43
12 34
2 13
20 44
19 42
6 41
24 40
37 40
39 43
33 36
13 19
7 15
35 37
23 26
1 35
9 15
12 42
11 34
15 22
8 26
2 8
1 13
27 33
8 46
8 27
25 44
3 40
3 12
5 18
17 40
21 41
32 38
36 38
17 37
10 35
1 28
12 27
5 11
23 34
28 29
7 8
36 37
5 16
40 43
6 33
15 16
19 38
6 32
5 33
7 13
4 35
7 18
28 45
30 44
12 36
5 46
7 43
34 43
19 36
2 39
10 12
37 45
38 42
24 35
23 28
31 36
8 39
3 36
3 4
29 46
6 24
8 29
7 27
22 41
33 37
17 34
2 18
3 14
24 44
4 9
4 45
11 29
2 6
7 46
10 39
27 38
7 37
3 31
40 45
5 43
5 21
20 46
29 44
10 43
22 27
42 43
17 26
40 44
11 31
26 36
10 20
20 33
13 44
25 27
20 22
3 28
3 15
34 37
17 38
27 40
1 2
18 39
22 28
19 37
1 15
37 39
10 33
15 23
23 35
21 27
30 45
2 22
8 25
17 27
5 27
38 45
2 24
26 28
35 44
27 34
15 35
12 17
21 29
2 26
4 30
19 43
16 29
18 46
9 10
21 37
8 31
22 33
6 14
9 45
25 30
1 12
7 44
3 42
24 46
9 28
11 24
10 25
26 37
18 25
12 46
16 21
23 30
6 18
30 40
27 36
43 45
4 44
39 44
15 40
25 46
12 20
4 17
10 16
3 19
5 25
11 39
26 41
7 39
10 22
35 36
22 32
14 39
4 23
8 14
23 39
4 19
42 46
32 37
18 32
5 36
10 17
