1000 3 100
76 57
-38 36
-36 98
20 99
74 84
-71 95
93 60
51 16
-66 52
4 29
14 55
12 13
10 36
85 91
-14 88
25 91
-47 18
97 88
-45 65
-89 23
53 83
63 94
-67 3
44 22
63 100
-60 39
74 33
-9 95
-84 36
-73 21
53 11
10 29
67 45
-36 34
-46 99
-67 86
97 9
-82 98
16 72
61 25
-37 13
19 3
-93 48
-26 13
51 58
-30 52
-97 51
-71 58
65 81
-88 36
49 71
-61 62
-71 22
-44 64
97 2
66 68
62 77
-96 99
85 42
-3 23
93 1
-82 34
55 61
63 10
24 34
-32 65
-73 61
-26 70
32 35
14 93
31 43
-66 33
-71 54
-12 98
-96 63
-67 64
-45 3
-77 45
44 1
68 22
-40 93
19 82
19 85
-55 96
-30 42
48 64
-48 69
55 66
12 59
48 89
-48 30
31 11
56 44
-38 58
-84 83
-56 27
-55 57
62 74
35 73
-97 26
-9 32
-14 8
90 75
56 68
32 71
4 48
-8 5
-47 91
-8 87
48 62
-18 50
80 57
50 64
63 73
-71 69
-84 84
-30 5
-36 22
-44 46
46 54
-95 40
15 71
-66 47
-9 88
-27 67
-89 75
11 72
93 80
28 32
-93 22
33 43
4 61
-73 31
19 96
51 44
51 19
-32 97
-44 69
-44 85
41 25
46 27
76 85
10 24
66 60
-18 32
56 43
78 62
-16 14
76 12
-46 14
-82 81
-97 1
58 97
48 99
-55 100
-48 14
-93 85
11 78
-38 11
65 95
-38 55
71 67
28 86
-84 27
-27 68
16 100
-38 66
62 9
-49 69
-9 73
16 60
-66 43
15 15
-44 36
54 86
-37 15
15 53
-48 1
-46 70
-60 3
-66 100
-73 71
-36 85
-97 6
92 45
55 10
-84 26
67 93
-66 36
51 81
-79 28
-95 94
-16 51
-73 76
-16 55
-36 12
-73 24
-45 30
24 18
63 7
49 27
55 70
90 46
53 3
-37 30
41 51
-82 16
-17 37
-93 31
-49 53
66 44
-51 84
68 97
-67 85
35 25
92 5
41 86
4 16
40 32
-30 46
-29 94
-62 30
-36 11
-50 23
-89 47
93 59
41 24
-38 79
-60 24
67 28
67 88
90 27
-95 27
-7 90
41 19
-79 41
-47 17
-50 75
80 50
-49 76
-9 53
-95 97
16 90
71 78
-60 94
28 22
-48 92
-47 24
14 95
78 87
-46 26
90 61
-37 38
-55 7
-40 14
67 4
-51 58
-89 20
-77 3
-45 80
-55 11
41 15
80 42
-89 60
-17 13
-68 32
61 100
-30 28
33 29
-30 6
63 40
-6 94
56 25
68 65
48 56
92 30
-29 90
6 70
90 35
14 67
12 3
28 41
33 18
62 48
-68 54
-36 44
-97 75
14 11
-70 100
46 62
70 89
55 64
-96 93
-27 81
85 80
-44 13
65 18
44 18
-71 71
-27 52
-12 93
-56 16
3 98
97 99
35 67
-97 41
25 28
-56 43
65 65
-82 3
-50 31
-3 18
-83 66
12 96
65 5
-97 15
31 74
-29 26
19 24
28 33
68 84
-40 85
12 66
-62 53
-70 53
37 58
49 60
4 8
-51 51
99 11
76 26
44 87
-95 4
-44 30
-61 77
-55 53
-96 73
41 3
-9 39
-36 93
12 78
50 4
-8 35
3 87
-17 27
-29 76
56 8
-36 46
-16 95
92 11
-36 81
-18 86
-46 37
-48 82
55 81
31 48
-40 58
-97 38
-77 42
-88 98
90 12
19 43
-70 4
19 9
15 19
51 37
-61 88
67 37
97 34
-97 81
-79 63
-79 20
-84 57
85 27
97 11
-9 42
62 23
-67 95
-14 39
-38 28
-60 52
92 98
-51 91
67 7
-38 7
74 64
24 31
-77 92
-45 37
56 85
-16 7
62 25
-55 43
-14 58
70 40
-30 51
-60 93
37 84
25 14
14 43
-70 74
-68 86
66 16
-16 81
76 77
-47 100
65 6
67 63
-40 98
90 42
16 11
-3 56
-83 54
-60 58
90 66
-14 78
-62 24
92 55
-38 46
-84 65
-49 58
78 73
51 20
-44 24
-62 51
46 65
65 56
19 48
-48 45
48 40
11 46
63 6
-71 53
-62 2
99 26
51 72
-56 56
-84 44
-16 12
97 19
76 41
16 38
-56 21
49 3
-47 93
41 13
-27 24
-16 90
-3 90
20 36
10 12
53 43
37 78
-68 33
-30 62
-3 9
-50 17
-12 94
54 1
-48 62
-37 33
-73 95
15 48
66 21
15 37
-89 41
-70 42
70 95
-30 50
-49 89
-44 35
58 76
11 99
-49 52
-47 81
68 73
62 34
-50 15
-55 51
-37 68
-77 10
-95 75
-79 11
-9 100
61 74
-3 39
-3 20
-67 97
90 77
-61 40
66 47
10 64
-95 33
63 38
33 13
24 37
67 44
33 92
12 38
54 96
-79 93
-16 73
-14 13
-71 47
-26 17
20 38
61 95
-66 62
31 75
14 10
-50 67
-16 5
92 85
-73 7
3 34
-8 52
15 35
61 19
12 1
12 27
46 17
35 93
-56 84
68 12
62 7
10 31
-79 94
-51 15
25 21
66 8
-7 57
15 40
-66 35
-16 78
54 99
76 64
-70 17
51 90
-73 14
-50 61
85 88
-45 27
-32 40
-49 91
71 90
90 78
24 1
55 50
-71 5
33 52
3 6
92 100
25 57
71 17
-93 36
67 1
19 76
-96 52
-17 9
20 80
67 74
-70 25
37 44
-73 90
-51 56
15 45
92 17
-30 3
28 47
-97 49
-70 44
-18 62
16 12
-30 60
-95 10
-73 42
16 37
-77 57
24 73
49 98
-46 55
-38 61
-71 67
-62 16
-70 9
35 44
33 33
50 87
25 65
62 97
93 57
-68 4
74 26
-73 2
-48 83
-38 6
3 68
-88 90
92 47
63 78
-77 40
74 22
-73 10
-50 12
58 100
-49 96
-93 95
14 28
58 77
-60 7
-55 16
-66 31
19 13
12 64
-17 77
56 87
-84 85
16 30
20 23
31 52
32 80
66 32
-29 57
49 19
-46 12
-40 39
76 84
-89 45
68 43
-79 21
-61 64
-84 64
-60 23
99 3
37 64
-16 24
-84 19
63 76
48 7
-61 39
55 80
99 94
-14 11
-66 81
-83 65
55 42
-84 50
61 61
41 16
12 95
-3 21
-96 91
31 46
-48 44
-70 43
-84 28
85 39
6 65
32 27
70 11
-7 70
-89 28
-83 26
37 10
49 57
15 98
-55 97
-6 45
-73 46
-88 55
55 7
4 18
-30 35
-88 86
-88 99
-56 14
-79 79
62 64
-79 37
-55 14
-50 5
-88 12
25 75
48 11
37 16
54 89
-46 22
56 49
-96 17
24 20
54 55
65 55
12 21
20 44
-50 7
-71 12
-7 92
-40 9
44 16
-89 92
31 77
-29 12
-82 23
49 10
50 23
65 32
-66 57
66 78
37 23
93 48
-44 81
-96 25
-73 66
-97 2
-96 60
-27 65
-68 60
25 32
-89 68
-46 36
-32 55
-50 19
4 28
-95 74
-88 46
-16 8
61 27
-93 83
-62 11
97 37
46 52
90 84
46 77
56 82
56 26
20 10
-36 70
-83 56
35 81
-32 89
71 59
-93 8
-77 88
-93 1
-73 23
-7 61
-82 87
3 88
-95 51
-36 88
93 90
35 43
-9 89
-37 84
6 62
-6 74
-40 37
32 89
-44 39
25 96
-68 14
66 65
63 24
48 100
11 56
-51 99
-26 42
78 97
-47 35
71 45
35 65
48 52
-84 77
37 50
-70 32
-96 46
85 3
-56 23
-68 78
80 46
-83 70
-7 74
71 64
74 87
-32 59
-70 60
-3 53
50 95
80 37
68 56
-7 32
-73 30
-97 16
-89 17
48 66
90 18
-6 55
74 83
50 88
-89 90
12 54
32 13
-61 67
-51 76
-3 66
-50 84
35 92
32 47
-29 24
-71 28
93 69
44 46
-83 98
-66 93
62 29
-71 86
-47 1
-46 83
-55 25
-49 66
6 94
-16 45
66 59
28 42
-27 28
65 70
-96 81
20 60
-27 6
46 96
71 24
58 61
28 10
70 87
-97 87
53 21
-84 16
-96 90
67 70
76 24
-84 95
-9 13
48 53
48 10
-93 46
50 40
90 64
14 3
25 19
37 2
10 99
6 67
-97 45
-93 34
-29 5
-56 9
46 16
6 95
-9 69
-12 35
-14 42
25 22
56 17
62 49
-68 22
25 86
4 66
-6 6
90 6
-44 1
80 18
66 52
-79 39
54 32
-56 89
-27 83
-62 54
15 78
16 62
-3 77
-18 72
63 47
-30 13
62 55
-40 33
-50 35
68 57
-71 93
-32 31
-70 7
85 11
-7 69
-84 82
35 10
-17 88
-95 98
-95 32
10 18
68 62
93 30
-51 98
-36 5
-18 22
-7 7
48 13
85 6
10 3
-50 32
-7 82
53 69
-9 11
-49 9
63 20
16 87
16 35
48 98
50 18
-68 21
16 50
-37 44
31 87
-71 62
-50 78
15 81
-82 24
11 53
32 90
56 2
-97 60
46 32
28 12
33 95
-88 88
70 48
33 60
61 66
-56 12
-47 62
49 79
49 29
28 69
6 11
-49 34
-62 4
70 56
20 29
50 99
-62 66
-29 62
-50 43
74 96
-68 96
16 69
-88 15
-95 99
11 58
54 19
-77 86
35 3
44 84
-37 96
99 54
85 32
12 19
19 42
-71 23
-62 18
53 15
51 13
68 10
-3 94
54 26
-46 21
24 90
33 25
31 79
-84 86
-77 15
-46 32
20 1
-97 59
58 84
-30 19
93 49
-37 26
-18 46
-96 68
-47 80
12 71
-38 81
-56 68
46 26
-14 31
3 74
62 27
48 51
-79 30
33 65
-27 33
-70 66
-45 11 91
-66 61 63
-30 19 75
-62 -99
3 -24
11 -90
-27 -20
68 -4
-50 -70
85 -69
-68 -29
25 -37
63 -51
4 -97
-55 -45
-36 -54
61 -83
-67 -39
97 -1
-95 -59
-67 -87
35 -95
33 -74
-95 -14
-60 -65
-45 -15
-70 -72
76 -69
3 -17
67 -93
78 -39
-30 -69
80 -55
68 -36
-79 -66
4 -83
14 -30
68 -35
-97 -79
-45 -55
63 -34
41 -75
-3 -83
-36 -50
37 -98
85 -54
-32 -18
-70 -97
-29 -14
66 -33
-88 -43
32 -62
-93 -97
-93 -17
16 -36
67 -95
66 -30
-60 -66
-93 -82
93 -73
-50 -66
-16 -1
93 -68
3 -8
44 -15
-56 -46
-77 -83
-56 -17
40 -95
11 -53
71 -6
4 -12
33 -93
14 -53
41 -40
-97 -91
15 -70
78 -67
99 -7
28 -19
35 -20
68 -38
-71 -68
62 -77
-62 -42
-8 -39
80 -36
-17 -21
-70 -83
-40 -1
28 -98
-62 -42
-38 -26
66 -96
-14 -75
-67 -21
-89 -64
-95 -5
6 -41
-56 -64
74 -59
54 -86
62 -35
