6507 6506
478 805
478 3621
478 1445
478 6095
478 4909
478 2535
478 5163
478 4389
478 3244
478 1559
478 2505
478 1680
478 5756
478 3915
478 4604
478 2339
478 1192
478 3375
478 2016
478 4254
478 3945
478 2158
478 1063
271 478
478 4385
478 6238
478 1407
478 3378
478 2843
478 6379
478 5138
478 6167
478 5783
478 3924
478 5779
128 478
478 3423
478 2658
478 3033
407 478
478 1007
478 5437
478 5978
478 3238
478 3969
171 478
478 3072
478 2964
478 589
478 1874
478 2780
478 4954
478 2906
478 1485
478 4650
478 4791
478 4392
478 5313
478 1673
478 1357
478 6147
478 1562
478 6109
478 2764
478 2661
478 5919
478 2818
478 2659
478 1504
478 3181
478 3481
478 6361
478 939
478 4959
207 478
478 3156
478 3352
478 2150
44 478
478 4089
478 1625
478 2165
478 3232
478 6020
478 1100
478 2828
478 5270
478 4955
478 6334
478 5295
478 4888
478 5502
478 2056
478 4276
478 889
478 2497
478 3191
208 478
478 3964
478 5736
478 6273
21 478
478 4048
478 4411
478 2478
478 6247
478 2094
478 2296
478 6114
478 1469
478 4129
478 6193
478 584
478 5929
478 640
478 3825
478 2758
478 2273
478 1834
478 5022
478 3553
478 4944
478 1301
478 4041
478 5470
478 1544
478 6269
478 5968
478 2739
478 2537
478 2121
478 1410
478 2284
478 3992
478 2773
478 3475
478 3875
478 3281
478 6388
478 3141
478 3189
478 2834
478 4534
178 478
478 2544
478 5833
478 2795
478 3807
478 3830
478 3766
478 1167
478 6367
478 6102
478 3237
478 2087
478 1528
478 1306
478 5752
75 478
478 2009
478 3620
478 635
478 3117
478 5666
478 2510
478 1674
478 4213
478 6280
478 2552
478 2508
478 3111
478 4557
478 5796
478 3642
478 2174
478 2406
478 4484
478 4448
478 2543
478 5568
478 5236
478 4230
478 1736
478 519
111 478
478 674
478 6380
478 1708
204 478
478 2210
478 2276
281 478
478 4756
478 2897
478 4063
478 3055
478 6239
478 700
478 6281
478 6103
478 2913
478 4829
478 6314
276 478
478 3638
478 768
478 5365
478 2695
447 478
478 2931
422 478
478 2889
478 4763
478 5507
149 478
478 4271
478 3709
478 5950
478 5917
478 1564
478 2682
478 5257
478 3862
478 1784
478 3602
478 1844
478 5614
478 2359
478 1575
478 3029
478 1883
478 1314
478 3483
278 478
478 4283
478 4734
478 3359
478 3873
329 478
478 5348
478 3578
478 539
478 6054
478 924
347 478
43 478
478 3392
478 2572
478 6396
478 6477
478 1634
478 985
478 5124
430 478
478 6324
478 1482
478 1020
478 1392
478 4104
478 5047
478 1526
478 6411
478 3784
478 1551
478 509
478 607
478 6063
478 4053
478 2615
478 3102
478 5716
478 1008
478 2609
478 2638
478 4440
300 478
478 4011
478 2702
478 4107
478 3067
478 3486
478 6320
478 604
478 590
478 5077
478 5872
478 5192
478 1207
478 2820
478 5452
478 3149
478 5287
478 2420
478 5406
478 4407
478 3416
478 4391
478 1075
478 3013
478 2632
478 656
478 5486
478 5314
221 478
478 6255
478 5237
478 3372
478 999
478 2400
478 5413
478 4099
478 4216
478 3803
478 3619
478 4062
478 495
478 4652
478 4268
478 5972
478 543
478 4562
478 4621
478 479
478 6006
478 3786
478 1631
478 3041
478 6012
478 927
478 4790
478 3173
478 1260
478 1740
478 4748
478 4086
478 3472
268 478
478 2055
478 2829
478 1455
478 1011
478 4541
478 3208
478 609
478 3377
478 3833
478 1161
478 3476
478 650
478 6405
478 5540
478 3867
478 4479
478 1277
306 478
478 4238
478 1682
478 6120
478 1667
478 3721
478 3591
478 5271
478 1948
478 6295
478 499
478 5914
478 3338
478 1379
478 5232
478 5015
478 2688
478 2951
478 5729
478 986
478 5174
478 2286
478 3452
478 6297
166 478
478 2900
478 1233
478 808
478 1422
478 5986
478 3206
478 2870
478 6097
478 4917
478 1094
478 1323
478 5478
478 4910
478 3406
478 1088
478 1417
478 810
478 5405
478 6325
478 5924
478 4851
478 3492
478 5768
478 4647
478 1477
478 2479
478 3805
478 2366
478 1424
478 5323
478 1440
478 1442
478 2043
478 6322
478 4603
478 5989
478 908
478 724
478 1870
478 2788
478 5856
478 566
478 1079
478 2469
478 2239
478 6015
478 2800
478 1723
478 2792
478 1514
478 5634
478 1709
478 2282
478 5935
478 5848
478 1678
478 485
398 478
478 5727
478 4108
478 4677
478 540
478 1256
478 6222
478 3597
478 3785
478 5786
478 4446
478 4728
478 5997
478 760
478 4744
478 1836
478 5490
478 532
478 4301
478 5760
478 4561
478 1970
478 4742
478 722
478 3566
478 1398
478 6019
478 1604
478 792
478 3655
478 5578
478 2981
478 814
478 4947
478 4670
478 2826
478 3159
136 478
478 1965
478 1672
478 2191
478 4372
478 831
478 4886
478 2729
478 1754
478 4426
478 3662
189 478
478 6048
36 478
478 3531
478 2559
478 6438
478 4375
478 2435
287 478
478 4988
478 1890
31 478
478 3298
478 4215
478 4300
478 496
478 2947
478 4398
478 1765
478 6188
478 993
478 6098
478 4934
478 1726
478 2283
478 1246
478 2912
478 5646
478 2224
478 6248
478 2000
478 1494
478 928
478 2726
478 3133
478 2760
478 5732
478 2877
478 5233
478 5522
478 4091
420 478
478 1185
122 478
478 1236
219 478
478 3227
478 4070
272 478
478 5543
478 2353
478 3666
478 3080
478 2277
478 1799
478 2821
478 5652
478 4335
478 6392
478 5132
478 2473
478 2745
478 2272
478 2088
478 3985
478 2888
478 2743
478 1239
478 6359
478 3997
478 4483
478 5416
478 1933
478 2831
478 2389
478 4543
478 5722
478 542
116 478
478 3916
478 6023
478 911
478 1416
478 3332
478 6358
478 1684
478 5023
478 2643
478 4971
478 1038
478 3827
478 6446
478 5228
478 5909
478 3897
478 2060
478 3147
478 5293
478 3555
478 4883
478 5472
478 6073
246 478
478 5503
181 478
478 5583
478 5991
478 5476
478 5216
478 809
478 2736
478 5496
478 4598
478 1162
478 5504
478 5667
478 3487
478 630
388 478
120 478
478 6296
478 3175
478 2943
478 4824
478 3660
478 3051
478 2525
478 2430
478 3390
478 3702
478 4542
478 2518
478 3279
478 3753
478 780
478 4346
478 6151
478 4890
478 829
478 4919
478 1467
478 4081
478 3310
478 1292
478 3353
478 547
106 478
478 3713
478 4619
383 478
478 4765
478 3042
478 4705
478 6308
478 2257
478 806
478 2188
478 4849
478 5210
478 1857
478 4869
478 3708
431 478
478 2974
478 5981
478 2379
478 536
478 1535
478 3793
478 2433
478 3272
478 2135
478 6302
478 6132
478 5325
478 4292
478 3403
478 5429
478 5588
478 2538
478 4731
478 6501
478 3253
478 2240
478 5075
478 6144
478 4653
478 4294
478 6004
478 3290
478 4202
478 5148
478 4079
478 3448
478 1223
478 5560
478 2096
478 784
478 5618
478 2562
9 478
404 478
478 4691
478 5005
478 587
478 2269
478 2545
478 2546
478 1093
478 1157
478 6424
478 1141
478 2634
478 4357
478 6370
478 3402
478 6486
478 1633
478 531
478 3184
478 1214
478 1729
478 4450
478 3599
478 4093
478 4007
27 478
478 849
478 2483
478 905
478 2921
478 6473
478 6252
478 4066
478 3831
478 1043
478 4157
478 5536
478 1856
478 3838
478 1076
478 1609
478 4654
478 5604
478 3318
478 1164
478 4870
478 3373
478 2593
478 3477
478 2620
478 3525
478 1383
478 1222
478 5050
478 5537
478 3243
478 4721
478 2920
478 6462
478 4960
478 5567
478 1114
478 2143
5 478
478 2690
478 5899
478 2357
478 4939
478 4112
478 4952
478 4873
478 1298
478 2910
478 619
478 5172
478 2413
478 762
478 2490
478 1339
368 478
478 2774
478 670
478 2162
478 4028
478 720
478 1097
478 6409
478 4406
478 4167
478 2509
478 2014
478 4875
478 2757
478 4645
478 4933
478 1524
478 4589
478 1309
478 1293
478 4986
478 1310
478 5000
478 6002
299 478
478 1897
478 3984
478 1370
478 6423
478 5488
478 3870
478 929
478 3362
478 3996
478 3823
478 4020
478 1450
478 2684
478 1268
478 6366
478 4105
478 1924
478 5762
478 4990
478 5845
478 1090
478 3073
478 5632
478 1640
478 2946
478 1762
478 3700
277 478
478 4377
478 4090
478 5489
478 5960
478 6179
478 4590
478 2950
478 4880
478 1639
478 4889
478 1151
478 4003
478 6089
478 1338
478 1817
478 3048
478 3137
478 6318
478 2997
478 6169
432 478
478 2064
478 4579
478 2396
478 4558
478 5296
478 4265
478 3516
478 5639
478 5619
478 3809
478 1845
478 1211
73 478
478 3839
478 4509
478 2840
478 2172
478 487
478 4231
121 478
478 3065
478 4403
478 5936
478 5843
478 5378
478 2127
478 2516
478 3560
478 3661
478 738
478 1662
478 2710
478 6083
478 4016
478 4495
478 3564
478 5862
478 5638
478 5198
478 3957
478 5547
478 5871
478 2023
478 1767
478 797
478 2787
478 914
478 4055
478 2340
478 3888
478 2026
478 4530
478 5173
478 2585
478 5290
478 5928
478 3715
478 5157
478 6216
478 6112
478 4878
478 2563
478 1318
478 2649
478 3420
478 5626
437 478
478 5764
478 4156
478 6459
478 1679
478 631
478 2778
478 6198
478 3035
478 3565
325 478
478 4273
478 5439
478 1399
478 669
478 694
478 3794
478 3963
478 4972
478 2295
478 1967
478 581
478 6116
478 1111
478 5621
478 3368
478 4957
478 4456
478 3125
478 3604
478 3201
478 2577
478 1337
478 6134
478 1449
478 4433
478 3975
478 3877
478 2823
478 654
478 2336
478 3447
478 6245
478 6129
478 500
478 5087
478 3987
478 4040
478 5916
478 6178
478 6263
478 5448
478 4978
478 1961
478 2618
478 3951
478 5664
478 6455
478 1122
478 6123
478 5277
478 4428
478 4796
478 5793
478 4415
478 5992
478 4708
478 6075
478 2017
478 5479
478 1404
478 4946
478 3400
478 3422
97 478
478 4735
478 1875
478 4422
478 4088
478 1377
478 3547
478 4932
478 683
478 4133
414 478
478 2768
280 478
478 1816
478 550
478 6505
478 4417
478 510
478 743
478 3449
478 4480
478 1997
478 3031
478 3108
248 478
478 5753
478 2517
478 2126
478 865
478 1067
478 937
478 3130
478 4583
478 2949
478 3814
478 709
478 1138
478 5529
478 4014
478 2236
478 5465
478 4155
478 544
478 4497
478 3551
478 5558
478 1872
58 478
164 478
478 979
478 6135
478 6300
26 478
478 2954
478 1329
457 478
478 1107
478 2748
478 4019
478 4355
478 5721
478 2306
478 4328
478 6224
478 1912
478 5017
478 4958
458 478
478 2187
478 2182
214 478
478 6408
478 4912
478 5965
478 4234
70 478
478 5498
478 4624
478 1290
478 4035
478 6115
478 1971
478 1885
478 3978
478 5431
478 4725
478 1054
478 2802
478 5083
478 4280
478 6249
478 3856
478 1452
478 4798
478 4665
394 478
478 5027
478 3884
478 1341
478 6026
478 3109
478 5524
478 2102
478 776
478 5967
478 3582
478 6084
478 1996
478 2713
478 3936
478 6442
478 3006
478 4416
478 1873
478 5211
478 5447
478 5973
478 3342
478 5820
478 3767
478 2075
478 2401
478 5500
478 5399
478 5901
478 3329
478 6282
478 3445
478 3150
478 6130
433 478
478 4057
478 4622
478 1276
478 6498
478 5334
478 2205
478 3213
478 5680
478 1322
478 3145
478 5360
478 4427
478 5905
478 1472
478 6175
478 4585
478 5663
478 3018
478 5571
478 5553
478 5229
478 5347
396 478
478 3155
335 478
478 3824
478 6057
478 4741
478 3115
478 1032
478 6085
478 1635
478 6312
478 1263
478 1995
478 5373
478 5587
165 478
478 3761
478 3749
478 4061
337 478
478 850
108 478
478 2301
478 3054
478 5008
478 5497
478 2024
478 2190
478 3301
478 4223
478 6406
478 1279
478 3675
478 3841
478 3441
478 2939
478 5976
478 6183
478 1985
478 5601
340 478
478 2338
478 3225
478 2514
478 5241
478 6430
478 2398
478 1401
478 5751
478 5943
478 5312
478 515
452 478
478 1265
20 478
478 1140
478 4968
478 4124
478 5419
478 3868
478 6353
478 1394
478 3265
478 6290
478 5226
478 4284
478 4577
478 2938
478 2647
478 5286
478 2880
478 1721
478 5307
478 3836
478 2279
478 4956
478 4842
478 4244
478 5946
478 4736
478 6185
478 1153
478 3094
478 3256
292 478
478 5146
478 2674
478 6276
478 4840
88 478
478 4551
478 4655
478 766
310 478
478 880
478 6008
478 4896
478 4383
478 2876
478 4518
478 3608
311 478
478 3430
478 2113
478 2761
478 1070
478 6106
478 5861
478 3886
478 6217
478 824
416 478
478 4816
478 1599
478 1500
478 2550
478 974
478 3743
478 837
478 3643
478 3526
314 478
478 3337
478 1001
478 4892
478 3673
478 1495
478 2881
478 1321
478 3339
478 2622
478 4290
478 686
478 4808
478 1086
478 5114
2 478
478 6251
478 1400
478 2134
478 2907
478 2854
478 5238
478 4980
429 478
478 5879
478 981
478 881
478 2524
478 5953
478 2617
478 1942
478 1127
478 729
478 2118
478 5598
478 2895
478 4262
478 1084
478 2267
478 2869
478 6332
478 5724
478 4976
205 478
478 2805
478 652
478 3586
478 4224
478 4282
478 2350
478 6043
478 6194
478 4198
478 1237
478 1371
412 478
235 478
478 4475
478 6137
478 1606
478 5603
478 5441
478 4649
478 2111
478 2639
478 5700
478 4907
478 5147
478 3221
478 1807
478 4867
186 478
478 6291
478 778
478 2274
478 2853
478 5834
478 1056
478 4310
478 2310
478 3399
478 2763
478 2586
478 1951
478 3140
478 2013
478 4820
478 5028
478 4489
478 2278
478 1670
478 5538
478 5576
478 1768
478 4491
478 4345
478 6363
478 4694
478 1212
478 1066
478 1690
478 661
478 3484
478 5897
478 1584
381 478
478 2054
478 6139
478 2011
478 6181
478 989
478 6205
478 6257
478 4168
478 2669
478 4315
478 1753
478 5055
478 4159
478 2776
478 6284
478 1177
478 5565
478 6199
478 4148
478 1955
478 4610
478 5011
225 478
478 1838
478 1226
478 2667
478 846
478 1960
478 4154
478 5949
478 2849
478 3278
478 1378
478 5673
217 478
478 5995
478 5099
478 6062
478 5602
478 2730
478 5829
478 2539
478 5446
466 478
478 2452
478 3895
478 6432
22 478
478 3928
478 2467
478 2608
478 6338
478 4546
478 6270
478 6306
62 478
180 478
478 5009
478 680
478 2037
478 4193
478 3494
478 3482
478 4083
478 3598
478 4757
478 5778
478 6422
478 2979
478 1297
478 3473
478 4511
478 4564
478 1699
478 3893
478 4400
478 4826
478 3384
478 1715
478 3521
338 478
478 3545
478 4199
478 5026
478 3183
478 4059
478 1735
478 2425
478 4983
478 5846
478 777
478 2779
478 2176
478 6476
478 5395
478 6182
478 6072
478 1939
478 894
478 3205
478 3248
478 2738
478 1925
478 6340
478 6294
478 2501
478 2626
478 6003
478 3393
478 3408
478 6327
478 2857
478 6372
478 5002
478 5110
478 3988
478 1934
478 3374
478 6190
478 4755
478 2642
478 6210
434 478
478 2166
478 4402
478 5742
478 4145
478 719
478 3069
478 3099
478 2251
478 1632
478 860
478 4478
478 1120
478 1415
478 1119
478 2953
478 6507
478 2693
478 5297
478 4764
478 3064
478 5593
478 1437
478 3542
478 2314
478 1843
478 4052
478 3612
478 2567
478 2822
478 1041
478 4037
478 3404
478 5480
478 863
478 1688
478 2254
478 2824
478 1208
418 478
478 5423
478 2832
478 2008
478 1876
244 478
478 4115
478 4844
478 1833
478 2706
478 5546
478 1714
478 1503
478 4293
393 478
478 781
478 1687
478 2903
478 1131
478 2646
478 4704
478 6346
478 6016
478 2817
134 478
478 1113
478 5475
478 1792
417 478
478 5329
478 1869
478 947
478 1871
478 1956
478 1638
478 3776
478 4554
478 5388
478 4855
478 5850
478 2057
478 677
478 3161
478 5150
478 3089
478 4394
478 965
478 3289
478 3910
478 4410
478 3043
297 478
478 2393
478 2253
478 5542
478 2197
478 3595
478 4432
478 4153
478 5555
478 1391
478 6304
478 4679
478 5896
478 2633
478 5315
478 3775
478 1936
478 4175
478 2984
478 3313
478 1520
478 3127
478 1091
478 3002
478 5333
478 1894
478 5282
478 5874
478 3703
478 5407
160 478
478 3282
478 2879
478 1577
478 2790
478 6484
478 2028
478 3211
478 3727
478 4853
290 478
478 3920
478 5791
478 5693
478 1517
478 748
478 3641
51 478
478 1224
478 5589
478 4031
478 3034
242 478
478 6483
478 1264
478 2815
478 992
478 6310
478 2457
478 2582
478 2571
226 478
353 478
478 2862
478 2477
478 4458
478 4814
478 3439
478 3609
123 478
478 4776
478 6275
478 3326
478 4574
478 5608
478 1811
478 5380
478 1821
478 2841
229 478
478 5782
478 6333
478 3435
478 4021
478 4197
478 2498
478 3401
478 4313
478 740
478 732
478 2407
478 3677
478 5004
478 5506
478 5342
478 2777
332 478
478 6277
478 1705
478 2365
478 6445
478 2941
478 1334
478 1778
478 560
478 1713
478 2223
478 6393
478 6286
478 6018
478 6468
478 4746
411 478
478 2708
112 478
478 4404
478 2836
478 3171
478 6071
478 5763
478 3780
478 4792
478 4069
478 4102
478 6166
478 872
478 1308
478 2012
478 3536
478 5656
478 2441
478 5730
478 6443
478 4719
478 2893
478 2660
478 5648
478 3691
478 4937
478 3334
478 825
478 3724
312 478
478 4425
478 5654
478 6066
478 2568
478 4591
478 5629
478 5368
478 2233
478 6037
478 4639
478 1958
478 3750
478 4505
478 3095
478 4370
478 6138
478 3336
478 4210
478 5865
478 6173
405 478
478 1148
478 3669
478 4136
478 2097
478 5688
478 6472
478 747
478 5065
478 3654
478 4567
478 4359
478 5572
478 2397
478 5337
478 6491
478 6301
478 6108
478 5980
478 5301
478 1837
478 3623
478 4374
478 3853
478 1130
478 1594
478 950
478 3383
478 5433
478 6154
478 2566
478 4366
478 4531
478 5067
478 2558
478 2367
478 2078
478 1757
478 533
478 3098
478 3078
478 5383
478 2007
478 5376
192 478
331 478
478 5657
72 478
478 2904
478 5870
478 1170
478 6454
478 2930
478 3037
241 478
478 5491
478 3480
478 4127
478 5842
478 2349
478 2100
478 2216
478 3168
478 2156
478 3757
478 3388
478 791
478 517
478 1296
478 916
478 3321
478 1105
478 6434
478 676
82 478
478 5247
478 3371
478 6105
478 2119
478 4237
478 6149
478 6339
478 2611
478 5642
478 4259
478 2495
478 2578
286 478
478 3412
478 2058
478 3735
478 4065
478 4342
478 4793
478 5881
478 2728
478 3885
478 1853
478 4488
478 2107
478 2670
478 1598
478 4553
478 5335
478 2762
478 562
478 5707
478 1074
478 1804
478 2555
478 1601
478 5425
478 6384
478 682
478 6131
478 1719
478 4916
478 6305
478 504
478 5079
478 2209
478 5746
478 4616
478 5863
478 2136
478 6201
478 6449
478 2071
478 3535
478 2141
478 4327
293 478
478 3990
478 1615
478 5781
131 478
478 5263
478 1581
478 5851
478 5771
478 4993
478 2806
478 3581
478 5389
478 5133
478 1248
478 1252
478 4187
478 4770
478 5464
478 3106
478 1913
478 4261
478 721
478 2581
478 6264
478 4700
478 1930
478 3261
478 2208
478 734
478 4771
232 478
478 2463
478 4702
478 3060
478 2929
478 4044
478 5145
478 3345
478 2845
478 5459
478 2404
478 1785
478 1271
478 687
478 6045
478 4854
478 5801
478 4578
478 3083
478 1516
478 5230
478 3658
478 6265
478 1656
478 4453
478 658
478 4378
478 4113
478 5803
478 948
478 3442
478 5010
478 6335
360 478
478 1605
478 3228
478 1671
478 1582
478 2553
478 1453
478 6336
478 944
478 5239
478 553
478 3182
478 4715
478 4012
478 5141
478 3287
478 4158
478 2298
478 2185
478 3769
478 1739
478 816
478 3493
478 1743
478 2381
478 3153
478 4434
478 6122
14 478
478 5754
478 6090
478 2199
478 1434
478 2186
478 3009
478 2214
478 2952
478 3114
478 5789
478 6504
478 3607
478 1316
478 3999
478 2326
478 2655
478 5393
478 4269
478 4178
478 4390
478 5584
478 5467
129 478
478 1289
478 3857
478 2385
478 1780
478 527
478 5319
478 2781
478 4686
478 3233
478 1597
478 4412
478 5777
478 882
478 5990
478 1882
478 2703
478 4246
478 5016
478 4845
478 1354
478 5687
478 1549
478 611
478 6383
478 3854
478 6456
478 6211
478 4437
478 3434
478 6230
38 478
478 3832
478 3575
478 5033
478 6352
478 4371
478 583
478 5645
478 6493
478 5108
478 688
478 6192
478 936
478 3085
478 1957
478 5105
478 5740
478 565
428 478
478 3277
478 1029
455 478
478 4581
478 4470
478 586
478 5200
478 1478
478 6440
478 1031
478 4987
478 2875
478 2963
478 3668
478 3682
478 1155
478 1300
478 3974
478 2368
478 4709
478 2476
478 2039
130 478
478 1108
478 2521
478 6470
478 1092
478 5640
478 3503
478 930
478 4966
478 5021
478 4501
478 1251
478 1389
478 4974
478 5442
478 5284
478 6038
478 6268
478 1847
301 478
478 4032
478 3747
478 4693
478 1420
478 3649
478 1818
478 4151
478 3512
478 623
478 6460
478 1648
478 2403
478 518
478 4663
478 3285
402 478
478 5051
478 5562
478 1830
478 3380
478 4421
478 3653
478 5424
478 2500
478 492
478 2717
478 3230
478 1791
478 3330
478 1317
478 4767
478 2458
478 2689
478 4418
478 4098
478 1507
478 6076
478 731
478 3210
478 627
478 4324
478 624
478 2993
478 4110
478 5209
478 4698
478 5827
478 6307
478 1868
478 5175
478 3151
478 3872
478 2637
446 478
478 1950
478 3540
478 6315
99 478
478 5979
478 1125
478 4768
478 2542
478 1941
478 5622
478 1654
478 6218
478 1423
478 596
425 478
478 1963
478 6458
478 3174
478 4449
478 1474
478 6356
478 5857
478 1839
478 2698
478 3558
478 6152
478 5635
478 2025
478 3889
478 5686
478 3891
478 2534
3 478
478 4074
478 5139
478 6495
478 4274
478 1889
478 2287
478 818
478 4925
478 4559
478 853
478 6326
478 664
478 4806
478 3110
478 708
478 3738
478 3523
478 554
478 4923
478 1978
478 763
478 4526
478 1147
478 614
349 478
478 3842
478 5044
478 5116
478 3887
478 1806
478 3323
478 5564
478 912
478 1649
39 478
478 2369
478 1937
478 3580
478 2959
478 2747
478 4690
478 4787
478 2322
478 3881
478 6399
478 1085
478 4220
478 2329
478 600
478 4264
478 5066
478 1588
478 2305
478 2961
478 644
478 1825
478 4596
478 2031
478 4439
478 2610
478 960
478 5773
478 3044
478 1618
478 3760
478 2905
478 2046
478 3663
478 2549
478 2807
478 612
478 1018
478 6180
478 6329
478 511
478 2063
478 522
478 4026
478 1590
478 2387
478 4794
478 673
478 4368
478 3615
478 616
478 4361
478 3440
478 4240
478 5650
478 4073
478 5197
478 5054
478 933
257 478
478 5482
478 821
478 4025
478 2418
478 3121
478 2302
478 1197
478 2673
478 5165
478 783
478 5018
478 5353
478 2651
478 1183
478 5304
478 1906
478 2540
478 2863
478 5084
478 3497
478 2838
478 5377
478 4927
478 4711
478 5183
478 568
478 4444
478 1626
478 1231
478 4568
478 2416
478 6025
478 1419
478 1352
478 4322
478 2584
478 3385
478 2720
478 5599
370 478
478 3160
478 2211
478 5882
478 5711
478 2030
478 3058
478 4992
478 1036
478 3577
478 716
478 4232
478 3262
478 4333
478 3778
478 4701
478 5758
478 2486
478 4161
478 1395
478 5374
478 5661
478 3756
478 1786
478 6200
478 1324
478 3113
478 3344
478 3351
478 2858
478 5069
478 6283
459 478
478 5595
478 2865
478 3177
478 6402
478 4607
478 4486
478 5392
318 478
478 3465
478 2712
401 478
478 2957
478 5085
478 4707
478 666
478 3977
478 3613
323 478
478 2380
478 3962
478 6490
478 503
478 1446
478 3979
478 3295
478 2530
478 1561
478 5477
478 1835
478 2343
478 2248
478 2153
478 2851
478 1908
478 4502
478 2536
478 1335
478 601
478 701
76 478
478 3899
478 995
478 1614
478 6369
478 3976
478 2901
478 752
478 3169
296 478
478 2114
478 3645
478 5336
478 2746
390 478
478 1730
260 478
478 6348
478 1718
319 478
258 478
478 5244
478 4739
478 1928
478 5767
478 2144
478 3090
478 3537
478 5451
478 2219
478 842
478 3922
478 5674
478 3650
478 4913
478 2557
478 2101
478 481
478 4605
478 991
478 3859
478 2796
478 5592
478 1346
478 6279
478 2859
478 5469
478 1189
478 558
478 615
478 5682
478 5096
478 5180
478 988
478 3026
478 1884
478 2603
478 663
478 4723
478 5840
478 5577
473 478
345 478
478 3592
478 2811
478 5539
478 3519
478 2999
377 478
478 3937
478 4539
478 5623
478 4967
478 4623
478 6101
478 5359
478 4868
478 891
478 5889
478 770
478 1409
478 2005
478 4256
478 660
478 5243
451 478
478 3079
478 6220
478 1487
478 2419
247 478
478 5082
478 1336
478 3571
478 861
478 6047
478 3983
478 5831
478 5169
478 559
478 2095
478 5176
478 3097
478 2220
63 478
478 4782
478 3600
478 923
154 478
478 6150
478 4332
478 1381
478 3894
478 3636
101 478
251 478
478 4637
478 2408
478 6207
74 478
478 5387
478 1772
478 4194
220 478
478 1660
478 3939
478 5398
478 6349
478 5620
478 4995
478 5039
478 4825
478 4419
478 3376
478 5194
478 897
478 2798
478 1755
478 2971
139 478
478 3010
478 4408
478 4042
478 695
478 5869
478 2181
478 638
478 5221
478 5519
478 4862
478 4308
478 5894
478 4945
478 3515
478 3554
478 2271
478 4329
478 3424
478 3946
478 2528
478 3611
478 4101
478 5107
478 2155
478 4005
478 1042
478 1808
478 4503
478 4938
478 3594
478 4461
478 787
478 5495
478 4573
478 2217
478 3273
478 3914
478 3180
478 537
478 1824
478 5737
478 5332
478 3699
478 1589
478 3982
478 2956
478 2402
478 4119
478 1999
478 6506
478 3522
478 4131
478 714
478 3514
478 2145
478 5518
478 6146
478 2447
478 5045
478 2203
478 3541
478 3624
478 1368
478 4307
478 1257
478 5585
478 1940
478 6474
478 4965
478 3605
478 6417
478 5415
478 3730
478 892
478 2898
478 1929
478 2597
478 6344
65 478
109 478
478 1476
478 1731
357 478
478 3264
478 5275
478 6121
478 4696
12 478
478 4170
478 733
478 3509
478 5523
478 483
478 1403
478 3723
119 478
478 5351
478 3172
376 478
478 6068
478 3387
478 2784
478 830
478 1133
478 2459
478 1840
478 5735
478 3203
478 2484
295 478
478 5062
346 478
478 2206
478 1896
478 6042
478 4248
60 478
478 3918
478 2117
478 3050
478 3634
478 1841
478 5149
478 2042
478 6052
478 4525
478 3000
478 4797
478 1781
478 5245
224 478
478 5570
478 4186
385 478
478 2415
478 1776
478 3510
478 1541
33 478
478 6053
478 5541
478 2335
227 478
478 6323
478 2583
478 3426
478 3485
478 1218
478 5121
478 1438
478 6094
478 6416
478 1511
478 3119
176 478
478 4454
478 1200
478 2873
478 3942
478 1746
478 3124
478 6250
478 2180
478 6500
478 1636
478 2258
478 4183
478 4697
478 6118
478 5855
478 1158
478 4214
478 4369
478 5381
478 767
93 478
478 4180
478 3417
478 4508
478 6164
478 6168
478 888
68 478
478 3004
478 3800
478 3038
478 4496
478 3178
478 1397
168 478
478 4039
478 5499
478 5481
478 6365
478 1842
478 1555
478 5279
478 4018
478 3084
478 3639
478 591
478 852
478 1711
330 478
478 3744
478 4381
478 1128
478 1809
478 4384
478 3104
478 3224
478 4250
478 2775
478 2732
478 6467
478 4463
478 2475
478 691
478 2635
478 5187
4 478
478 1602
478 6061
478 5873
478 4975
478 570
478 3349
478 6033
478 6039
478 2328
478 1502
478 1382
478 3340
478 5866
478 3275
478 1023
478 2772
478 3818
478 4901
478 2770
478 3932
478 3561
478 4877
478 1374
478 1360
478 6028
478 2412
478 557
478 4600
478 5677
478 5326
478 552
478 3696
478 4548
478 5432
478 1288
478 4201
478 1426
478 5974
478 649
478 2198
478 3606
478 3333
478 5094
478 4249
348 478
478 2507
478 6410
52 478
478 3840
478 3105
478 5836
478 1210
478 982
478 6049
478 6425
478 6035
478 4312
478 1089
478 833
478 1717
478 3701
478 3427
478 1916
478 4380
478 1627
478 5156
478 2022
478 5847
478 2917
478 3998
478 4576
113 478
478 5607
478 2109
478 3087
478 4799
478 2672
478 2842
478 3410
478 4695
478 2808
478 5068
478 5260
478 1810
445 478
478 5493
478 3527
478 803
478 5013
478 5474
478 3632
478 2522
478 3835
478 3364
187 478
478 3455
288 478
478 6391
78 478
478 843
126 478
478 4076
478 4144
161 478
29 478
478 512
478 4311
478 711
478 4318
478 6419
478 6079
478 4277
478 5445
478 3297
478 4651
478 5826
478 4420
478 1165
478 3057
478 4664
478 5276
478 3304
478 4846
478 2681
478 525
478 1129
478 4128
478 1813
478 3741
478 3254
478 5832
478 1496
478 3249
478 5356
478 4340
478 5092
478 5298
478 4682
478 3322
478 1175
478 5386
478 5955
478 4149
478 6243
478 6437
145 478
478 5513
478 4871
478 3354
478 5501
478 3312
478 1430
478 1186
478 3993
478 1172
478 4288
478 1851
419 478
478 1137
478 6195
355 478
478 3947
478 5014
478 2686
210 478
478 3764
478 917
478 5844
478 1462
478 2523
478 5878
478 3513
478 6046
478 5807
478 502
478 1738
478 2429
478 1421
478 3068
478 1427
478 513
478 6397
478 1280
478 5341
478 4242
478 4678
478 2308
478 561
478 2944
477 478
478 3630
478 2481
478 3134
478 2373
478 1587
478 1009
478 2753
478 4906
478 3428
478 1061
478 3056
478 4289
478 5095
478 1848
478 3120
478 5985
478 4344
478 684
478 1703
478 4396
478 3462
478 1002
478 5514
478 1373
478 3532
478 3736
478 3698
478 4176
478 1619
478 3972
478 4858
413 478
478 907
478 3813
478 1568
478 2275
478 6289
478 2020
478 5322
478 3656
478 5726
478 5830
478 6206
478 3389
478 2355
478 4599
478 3314
478 2299
28 478
478 2891
478 5591
478 5182
478 4999
478 4601
478 6204
478 5375
478 3808
478 5548
478 1766
478 4009
478 3913
478 5743
478 1480
478 2988
478 4900
198 478
478 5253
478 1966
478 3040
478 4996
478 535
478 675
478 2164
478 3728
478 3633
478 1789
478 3737
478 1098
478 4350
202 478
478 6439
478 4750
478 4727
478 2529
478 2431
478 1525
478 2089
309 478
478 3671
478 736
478 4899
478 4468
478 2159
478 6342
478 3768
478 4132
478 910
478 1464
478 2103
478 4628
478 4722
478 4117
478 2668
478 5755
478 3217
478 4206
478 5957
478 4902
478 1034
478 4659
478 4485
478 1471
478 1706
478 4071
478 2270
449 478
478 4519
478 3190
478 6128
478 4523
478 836
478 5912
478 2086
478 545
478 6303
478 5412
478 1865
478 1990
478 5034
478 1458
478 501
478 4706
478 3614
478 6140
478 5825
478 1325
478 1642
478 3081
478 3507
478 2861
478 1917
478 5449
478 4633
478 5723
478 5813
478 2656
478 5049
478 726
478 3717
478 2640
478 3143
478 4953
478 5414
478 1596
478 5633
478 2809
478 1349
114 478
478 2576
478 4064
478 2260
478 973
478 1534
478 5102
478 4594
478 1552
478 3690
478 1393
478 6117
478 2106
478 2928
478 4671
478 1787
478 2462
478 5264
478 1506
478 592
478 3851
478 4209
478 5310
478 4822
478 4033
478 3869
478 1124
478 2252
478 2029
478 3045
478 3157
478 5938
478 1752
478 690
478 3938
478 3787
478 6001
478 1287
478 5520
478 1756
478 4866
478 3567
478 811
478 759
478 3530
478 2793
478 3135
438 478
478 3672
282 478
478 1173
478 984
478 3882
478 3657
478 6450
478 2098
478 3874
478 2035
478 1550
478 5205
90 478
478 3062
478 1712
478 4034
478 2105
478 3811
478 2304
478 5552
478 1954
478 5757
478 1716
478 4848
96 478
478 5551
478 2235
478 4430
478 5839
427 478
478 1773
478 2966
369 478
478 1802
478 893
478 1858
478 2598
478 1217
478 3956
132 478
478 6032
478 1905
478 567
478 4617
478 799
478 480
478 5428
478 2799
478 4915
478 3163
478 2453
478 3511
478 5104
478 5063
478 1348
478 4779
478 5117
478 4058
8 478
478 3674
478 4482
478 3685
478 2204
478 1745
478 2410
478 1676
478 2184
440 478
478 6007
478 3498
478 1964
478 2980
478 1655
17 478
211 478
478 5035
478 3629
478 4082
478 1683
478 1701
478 4565
478 1027
478 551
478 1527
359 478
478 725
478 6100
478 4556
478 3716
478 956
478 2157
478 1136
478 1291
478 6092
7 478
478 671
478 5299
339 478
478 1266
478 741
478 699
478 5811
478 667
478 4836
478 1538
478 5821
387 478
478 1025
478 6362
478 807
478 1603
478 5450
478 4936
478 1815
478 5854
478 2683
478 3152
478 6234
478 864
478 2937
478 598
478 5853
478 2594
478 4304
279 478
478 4467
478 4338
478 2503
478 3386
478 6368
478 4162
478 6316
478 2697
478 5704
478 6377
478 1652
478 3648
478 2080
478 1005
478 3266
478 4179
234 478
478 6070
478 5858
478 4000
478 1945
478 3052
307 478
478 3429
478 3849
478 4905
478 3879
478 4388
478 1696
478 3103
478 2084
478 4931
478 6087
50 478
478 4506
478 1909
478 4710
478 5838
478 1388
478 1710
478 6285
478 4859
478 2596
478 5492
478 3923
478 5223
478 5515
478 2171
478 3260
478 2351
478 1903
478 3415
478 5460
478 5900
478 2515
478 2696
478 6374
478 1989
478 6390
478 4533
478 2987
478 4303
478 4941
478 2994
478 5885
478 5135
478 1269
478 4839
478 5774
478 5091
361 478
478 1235
478 1943
478 3123
478 1973
478 3061
478 6435
478 6225
478 2285
478 4837
478 6261
478 5586
196 478
478 4821
478 771
478 1117
478 4002
478 6056
478 3625
478 2378
478 1659
478 1196
478 5823
478 3826
478 3100
478 3146
478 6479
478 742
478 1247
478 5534
478 5331
478 3705
239 478
478 1681
478 3082
478 3136
478 4386
478 3533
478 902
474 478
478 6371
478 556
478 2290
478 2600
478 4331
478 2527
478 3901
478 5288
478 1770
478 6174
478 1573
478 2493
478 5892
48 478
478 1004
478 1629
478 1380
478 6321
478 1968
478 2868
478 6031
478 5384
478 3855
478 2813
478 1191
77 478
478 2653
478 5426
478 4348
478 4241
478 5457
478 4343
478 5987
478 3940
478 2886
478 4270
478 926
478 953
478 2344
478 6242
478 1904
478 4493
478 1406
478 2192
478 2575
478 5940
478 698
478 3501
478 6452
478 3355
478 2128
478 2511
478 2085
478 5835
478 5269
49 478
478 5556
478 574
478 2068
478 4120
478 5692
478 5812
478 2281
478 4772
478 2860
169 478
478 1396
478 6288
478 3274
478 2962
478 1657
478 1194
478 1267
478 2574
478 5808
478 4352
478 5903
478 2372
478 1479
478 4413
478 4285
478 1132
478 2466
478 1176
463 478
478 5177
478 5580
356 478
478 1540
478 5401
478 5942
478 6415
478 994
478 1115
478 4500
478 577
478 6189
478 5485
478 2293
478 3255
478 5805
478 2731
478 3257
478 1779
478 4529
478 2341
478 5242
478 4078
478 1728
478 4189
478 4810
478 4010
478 2414
478 3929
94 478
478 5056
478 5162
478 980
478 3693
478 2375
478 2601
478 5794
478 2721
478 1861
358 478
478 2424
478 3198
478 4494
478 6148
478 1732
478 4998
478 2664
478 4163
478 2227
478 3745
478 3725
478 4948
478 2707
18 478
478 3965
478 5396
478 6447
478 2666
478 4903
478 6186
478 4762
478 4950
478 3413
478 3534
478 6160
478 1087
478 6431
478 3360
478 3618
478 5420
424 478
478 5689
478 964
478 2569
478 1610
478 1533
81 478
478 5819
478 4141
478 765
478 6278
141 478
478 3421
478 5024
478 6482
478 3008
478 2112
478 2177
478 2472
478 4536
478 1179
478 4545
478 4195
478 1694
478 523
223 478
478 1441
478 2234
478 2051
478 812
478 3548
317 478
478 3718
478 5007
478 3876
478 1926
478 5512
439 478
478 4085
478 491
478 4593
478 6487
478 4630
472 478
478 2175
478 1028
478 4106
478 3864
478 4643
478 2797
478 1775
478 1021
110 478
478 2342
478 2580
478 2631
341 478
478 5070
478 3844
478 5659
478 712
478 848
478 4095
478 2139
478 4393
478 2432
478 6345
478 1285
478 3989
478 5219
478 3729
478 5074
478 5795
478 3967
478 6311
478 2657
478 4780
375 478
478 3556
478 755
478 5561
478 563
364 478
478 1059
478 5003
478 3240
478 6414
478 1134
478 971
478 1083
478 2307
478 2370
308 478
478 4364
478 1022
478 1447
478 1294
478 4843
478 3302
478 3234
478 2915
478 5563
478 5204
478 2297
478 2847
478 5125
478 5958
478 4897
478 976
478 704
478 5409
478 838
11 478
478 546
478 2714
478 2213
478 1016
67 478
478 5300
478 5417
478 5231
478 2969
478 3091
478 3880
478 2942
478 4173
478 2783
478 6080
478 5550
478 5804
478 5382
478 2471
478 1935
478 5975
478 5600
478 4991
362 478
478 1666
410 478
378 478
478 2313
478 5122
478 2871
478 4030
478 5484
478 516
478 1993
478 2636
478 4680
478 2081
478 5998
478 3576
478 5945
478 4401
6 478
478 3858
478 819
469 478
478 2769
478 3909
478 4804
478 949
478 1015
478 6086
478 2146
478 5073
125 478
478 1149
478 1898
66 478
478 5029
478 5057
478 3294
478 5684
478 3911
478 4675
478 4050
389 478
478 4326
478 4507
478 4552
478 4813
478 1512
478 2782
478 1150
478 3739
478 1182
478 3276
478 5937
478 3792
478 1048
478 5369
478 4116
478 4299
102 478
478 2541
15 478
478 5251
478 2394
478 1864
478 5152
478 2292
478 642
478 3817
478 3308
249 478
478 761
478 4712
478 2741
478 3585
478 4812
467 478
478 4118
478 2250
478 1579
478 2242
478 2855
478 2161
478 895
478 4789
478 2027
478 1852
478 6499
478 3589
478 4297
478 1320
478 5249
478 3074
478 4423
478 1846
448 478
478 1583
478 5701
478 5344
478 4334
478 4891
478 3358
95 478
478 2362
478 1232
478 5841
478 3409
478 5668
478 6017
478 2050
478 5681
478 2045
478 6050
478 2846
478 802
478 6044
478 2010
478 1156
478 962
478 488
478 1384
478 6022
478 2021
478 5059
163 478
478 1203
478 2819
478 4874
478 2945
478 1616
478 4997
478 6503
478 2427
478 5806
71 478
478 3689
478 3563
478 4051
478 5617
478 3995
478 3616
478 4319
478 1691
478 3197
478 5525
478 5088
478 3200
478 1071
478 4672
478 3028
478 4550
478 955
478 2399
478 6171
478 6319
478 521
478 6502
478 505
478 6051
478 4460
478 2856
478 6404
478 1981
183 478
478 3845
237 478
478 5153
478 5999
478 2073
478 5309
478 1919
374 478
478 3176
478 898
478 1801
478 3524
478 2332
478 6413
478 1585
478 4084
478 2294
478 2867
478 3763
478 4856
478 1820
478 5171
478 1174
478 1330
478 5913
478 1975
478 5961
478 3952
478 2554
478 3748
478 5733
478 4247
478 497
478 1302
478 2044
478 3093
218 478
478 4922
478 2564
478 1311
478 1486
478 2751
478 4077
478 659
478 4457
478 4469
478 5678
478 2006
478 5328
478 3118
478 5126
478 1274
478 6082
478 4087
478 1553
371 478
478 1171
478 1932
478 5046
478 5516
478 6191
478 1505
478 4699
478 906
478 2990
478 5097
478 717
478 1530
478 952
478 1832
195 478
298 478
478 845
478 1342
478 5103
478 2972
478 2226
478 3710
478 3943
478 5453
478 5178
478 4379
478 2179
478 4123
478 2325
478 1241
1 478
478 1651
478 4351
478 1686
478 5280
478 2363
478 2804
478 2749
408 478
57 478
478 1492
478 2665
478 5081
478 4819
13 478
478 6475
478 3544
478 3414
478 1363
16 478
478 2386
478 5545
478 4038
478 4835
478 4785
456 478
478 1146
478 4904
478 4365
478 2616
215 478
478 5948
478 2812
478 5575
478 4191
478 3959
478 3370
478 3573
478 549
478 3759
478 5877
478 938
478 2289
194 478
478 4777
478 3267
478 820
478 963
478 1986
478 3635
478 5569
83 478
415 478
478 6444
478 6412
478 5435
478 3411
478 629
478 5350
478 5612
478 4658
478 5770
478 625
478 2767
478 1275
478 2512
478 4769
478 5817
478 4429
478 5285
478 2321
478 3059
478 6427
478 3647
478 5254
478 2455
478 2614
478 5130
478 1473
478 983
69 478
478 5268
478 835
478 896
478 1902
478 5040
478 1425
478 5421
478 3366
478 2138
478 3986
478 4431
478 5954
478 2241
478 4940
478 3755
478 754
478 1351
478 1774
478 903
478 2395
478 6448
478 6067
478 2133
478 564
478 1927
478 2137
478 2354
478 840
478 2587
478 2922
478 2245
478 2882
478 3023
478 3892
478 1343
478 3341
478 4054
478 1347
478 5358
478 946
478 5142
478 3779
478 5179
478 2909
478 1003
478 951
478 3546
53 478
478 5111
478 1878
478 6209
478 3398
478 6009
478 1198
478 3088
478 3305
478 3179
478 4778
24 478
478 5939
478 6208
478 1109
478 1519
478 4863
478 2958
478 5292
478 2244
478 1620
478 1685
478 1796
478 3431
478 3132
478 3016
478 6000
478 3574
478 1854
478 4279
478 5893
478 5690
478 1744
478 4803
478 2409
478 772
478 3930
478 5379
478 622
478 3092
478 3706
478 3847
478 3096
478 6145
478 5748
478 1931
478 921
478 4438
478 2722
478 2047
478 3391
478 2709
478 4788
478 2148
42 478
478 1414
478 1959
478 1073
478 3933
478 648
478 2018
478 5340
478 1646
478 1254
478 685
478 5436
478 2825
478 2723
478 4584
478 5581
478 5266
478 5438
478 6165
478 6375
478 4424
478 1891
478 2444
478 4612
478 3306
478 1623
478 4973
478 3968
478 1491
478 637
478 3218
478 4676
478 6091
478 3520
392 478
478 1040
478 5720
478 2844
478 5202
478 6110
478 4614
478 1481
478 3207
478 2442
478 4347
478 2976
478 1788
478 3396
478 1259
478 4760
478 1510
478 6203
478 3209
478 2440
478 2533
478 3365
478 4451
478 1991
478 3187
478 5385
478 3860
478 4471
478 6159
478 6141
478 4263
478 2482
478 4275
321 478
478 3970
478 870
478 4190
478 641
478 1758
478 4642
478 3395
478 4217
478 1305
478 756
478 6081
478 3199
478 2663
478 3734
478 1702
478 1375
478 1790
478 2724
478 3505
478 617
409 478
478 3139
478 1707
478 3242
478 5324
478 3900
478 4517
478 1245
478 1195
478 1353
478 1508
478 4072
478 3011
10 478
478 5189
478 5883
478 2830
478 4182
478 6381
478 5127
478 5144
478 2316
478 6212
478 1572
478 4305
478 1064
478 4472
478 6466
478 4314
478 2345
478 689
478 5120
478 1497
478 2671
478 4929
478 5750
478 6481
478 5366
478 5685
478 5112
478 2890
478 6136
478 4068
25 478
478 530
478 1242
478 1900
478 6077
478 3361
478 3819
478 6394
478 5934
478 1617
478 4512
478 628
264 478
478 6170
478 6453
478 1463
478 2878
478 2331
478 2243
478 2470
478 6231
478 3732
478 1270
478 4732
30 478
478 602
478 1518
478 1901
478 3425
478 862
478 5876
478 2004
478 4809
478 524
478 3570
478 4641
478 2652
478 3495
478 3799
478 4688
478 4200
478 6387
478 4661
478 1795
478 2034
478 3456
478 4272
478 4724
478 605
478 2221
478 2423
478 1571
478 529
478 5809
478 5695
478 5048
478 6347
478 2816
478 5744
354 478
478 4852
478 3347
478 3549
478 3457
478 1886
478 2391
478 4521
478 6343
478 4510
478 2460
478 883
478 945
478 1613
478 1592
478 5718
478 4373
148 478
478 1101
478 6373
478 4830
478 2737
478 1126
478 2513
478 3122
478 1542
478 6228
478 4172
478 3550
478 5610
478 2864
478 2212
478 2645
478 4989
478 4827
478 4498
478 3001
478 769
478 1221
478 5738
478 3517
478 4522
478 2303
478 789
478 6187
386 478
478 5761
478 2261
478 5076
478 703
478 6093
478 6119
478 2740
478 2644
478 5463
478 2935
478 871
478 1641
478 4743
478 1593
478 3529
478 3695
478 2003
478 526
478 2196
478 745
478 920
478 1432
478 1387
478 3596
478 3720
478 2519
478 5281
478 5418
107 478
478 4339
478 6382
478 2621
79 478
285 478
478 5780
478 3367
478 4164
478 1923
478 4445
478 967
478 1800
478 2280
478 2312
478 1863
478 4147
478 813
478 1068
478 1953
478 1783
478 5630
478 5262
478 4979
478 1921
478 5168
478 5458
243 478
478 3714
478 2123
478 2195
478 4881
478 1046
478 793
478 2650
478 5884
478 5747
478 1862
478 5020
478 998
478 2892
403 478
478 1777
478 3216
478 2526
177 478
320 478
478 3731
478 1488
478 3667
478 2207
478 5330
478 941
152 478
478 5867
478 5343
478 5636
478 4165
478 3637
478 5131
478 940
478 6040
478 3286
478 1983
478 593
478 3821
478 2786
478 5494
478 1554
478 5837
478 2074
478 6337
478 3961
478 3247
478 5118
478 1356
478 5303
478 3866
478 4516
478 2268
478 3469
476 478
478 4207
478 3822
478 751
478 3568
478 4898
478 1611
478 1000
478 3902
190 478
478 6403
478 2215
478 3467
291 478
478 2560
478 1828
478 6497
478 2986
478 608
478 1483
478 5184
478 4075
478 5741
478 1849
478 6262
478 1047
478 681
478 4474
201 478
478 1737
478 970
478 1750
89 478
478 4981
478 5984
478 4817
124 478
478 4737
478 4918
478 2461
478 1760
478 3293
478 2237
478 5119
478 1536
478 4747
188 478
478 2733
478 4524
444 478
478 2678
137 478
478 4473
478 6407
478 4015
478 3407
478 6240
478 4236
478 3363
478 2315
478 6350
478 1475
478 3195
478 4730
478 3950
478 3681
478 6428
478 1866
478 3820
206 478
231 478
478 4024
478 4893
478 1578
478 3758
478 1668
478 643
478 2488
478 6232
478 2837
478 3627
478 5509
478 5907
478 1489
478 613
478 3196
478 1695
478 2627
478 2318
478 788
478 1035
478 4667
478 4349
478 718
478 2985
478 3771
478 508
478 3955
470 478
478 5206
478 4566
478 6202
478 5906
478 6385
478 2978
199 478
478 753
478 3014
478 3489
478 6064
478 5868
478 5544
478 5159
478 3688
478 2072
478 5273
478 5530
478 1867
478 5969
478 2619
478 851
478 5397
478 3659
478 3980
478 5025
478 3583
478 887
478 5710
380 478
478 2480
478 3246
478 2189
478 2116
478 1798
478 2654
478 2122
478 3066
478 6030
478 2968
478 3202
478 2451
478 5402
478 1725
478 5208
167 478
478 6461
478 5549
478 3328
478 3603
478 2662
478 5155
478 854
478 6153
478 2531
478 1637
478 5977
478 4884
478 4181
322 478
478 4490
478 5166
478 826
478 620
478 5225
478 5160
478 5655
478 2700
478 1145
478 2474
478 1979
478 2759
270 478
478 1014
478 959
478 3461
478 1345
478 1187
478 4022
478 3101
478 6237
478 579
478 2685
478 6292
478 900
478 3790
233 478
478 4580
478 5694
478 5971
478 4140
478 3579
478 1045
478 869
478 2364
478 610
478 5030
478 5064
478 3437
478 3252
336 478
478 5915
478 764
478 1988
478 1112
478 1143
478 702
478 2965
478 2599
478 5890
478 4720
478 1006
478 4864
478 6161
478 2059
478 5815
478 3357
478 868
478 5404
478 2324
478 2680
478 2346
478 5188
478 1095
478 3610
478 4135
454 478
478 2502
478 4360
478 3944
478 3896
478 3348
478 1484
478 839
478 6235
478 4807
478 1065
478 3919
478 5367
478 5444
478 2835
262 478
478 3284
478 2874
303 478
478 1262
478 1319
478 2648
478 3116
478 4648
478 901
478 2053
478 2422
478 2099
478 3905
478 4235
478 3572
478 4850
478 832
478 886
236 478
478 3801
478 5454
478 6309
478 2048
478 1693
478 5278
478 2437
478 5641
478 4320
478 6386
54 478
153 478
478 1677
156 478
478 5902
478 6489
478 2066
478 5951
478 1698
478 4056
478 5508
478 5705
478 1050
478 4306
478 4414
478 3017
478 4632
478 3251
478 4713
478 1077
478 1390
478 4188
478 621
478 5370
478 618
478 3941
478 3405
478 2317
478 757
478 1253
478 1303
478 4047
478 855
478 1914
200 478
255 478
478 2948
478 1574
478 4362
478 3684
478 4815
478 5248
98 478
478 5698
478 3740
324 478
478 3131
478 3226
478 3464
103 478
478 715
478 5908
478 5006
478 6155
245 478
478 1644
478 5511
478 2998
478 1037
478 874
478 3142
478 1358
478 2565
478 4296
478 779
478 2036
478 5993
478 5143
478 5643
478 5944
478 6299
478 5554
478 1082
478 6074
478 1030
478 3296
478 4146
478 2641
478 2766
478 2266
478 5627
478 1794
478 1949
478 3154
478 2883
478 2852
478 697
478 5609
478 3300
478 2154
478 5887
478 2311
478 3047
478 2140
478 5193
478 4409
478 4572
478 4537
400 478
478 2973
478 1273
478 5207
478 997
478 5983
478 879
478 2612
478 5400
478 5265
478 4982
478 5308
478 2417
478 5391
478 4211
478 6233
478 1215
478 4125
478 4476
478 1281
478 5151
478 2590
478 1612
478 2265
478 5019
478 3491
478 4970
478 2434
478 6395
478 3346
478 6127
478 4441
478 3479
478 4569
478 934
155 478
117 478
478 935
478 5708
478 1443
478 3049
478 1166
478 3324
478 4139
478 875
478 3802
478 1385
478 5898
478 693
478 6055
478 5996
266 478
85 478
478 4774
478 655
478 4477
316 478
478 6376
478 3917
478 856
478 5739
478 4963
478 5218
478 2675
478 4006
478 5875
478 899
478 4656
478 3317
478 1819
478 6463
453 478
478 4452
478 2052
478 6158
478 3027
478 5759
478 1665
478 4674
478 2936
478 1892
19 478
478 4465
478 4258
478 4532
478 2926
478 782
333 478
478 5041
478 4602
478 909
478 6104
478 4908
478 5725
478 3789
478 2551
478 1720
478 2152
478 977
478 3588
478 1216
478 707
478 6213
478 5533
478 1184
478 1980
197 478
478 5316
478 632
478 5765
261 478
478 3446
478 4226
478 5302
478 1058
478 2421
478 4828
478 1793
478 1188
478 5824
478 2033
478 2115
61 478
478 489
478 2361
478 2230
478 5658
478 1523
289 478
478 2756
478 3070
478 2801
478 1911
478 5320
478 4766
478 3925
478 2065
478 1859
478 3694
100 478
478 3934
478 3508
478 5434
478 2679
478 6162
478 3030
478 1344
478 5660
294 478
478 1466
391 478
478 3828
478 1044
478 4781
478 1532
478 1529
478 996
478 5713
478 5785
478 4251
478 2167
478 1366
174 478
478 5252
478 5190
478 1078
478 3954
478 4595
478 4962
478 2334
382 478
478 3773
147 478
478 3292
23 478
478 3765
366 478
478 3496
478 3953
478 4330
478 3144
478 750
138 478
478 3692
478 5283
478 4626
478 2983
478 723
478 2506
478 4726
478 4395
182 478
478 2169
365 478
478 4935
478 4555
478 1307
478 2967
478 2120
399 478
478 4323
478 6172
259 478
478 1650
478 5880
478 6010
478 3798
478 3032
478 3245
478 1742
478 4260
478 4229
478 5128
478 3754
478 5443
478 4321
478 6420
478 1952
326 478
478 2579
478 2448
478 1081
478 2083
478 4879
478 3309
478 3458
478 1515
162 478
478 2691
478 1355
478 4563
478 4847
315 478
478 5440
478 646
478 2300
478 5766
478 6429
478 665
478 5250
478 582
478 6143
478 3259
478 5923
478 6197
478 3746
478 5535
478 4185
478 4833
478 5822
478 2079
478 2996
478 2734
478 1546
478 1326
478 2125
478 1163
478 6124
478 2940
478 4462
478 4528
478 678
478 758
478 3812
478 5317
478 3777
478 1498
478 859
256 478
478 866
478 3165
478 4832
478 3418
478 4535
478 4160
478 4466
478 5161
275 478
478 1250
478 3212
478 6027
478 5749
478 1600
478 815
478 3622
478 1556
478 2606
478 5362
478 4914
478 2456
478 2255
478 5792
478 4733
351 478
478 1180
478 1249
478 3459
478 2376
478 5411
273 478
478 2124
478 5631
478 5061
478 1915
478 5037
478 4635
478 3569
478 5527
478 4749
478 2038
478 6034
478 2925
478 4638
465 478
478 5672
478 1994
478 6274
478 4121
478 5988
478 817
478 1202
478 4177
478 1190
478 5071
478 1700
478 1664
478 6364
478 2130
478 1012
478 2570
478 2062
478 1376
478 4784
478 4447
478 3077
478 5123
478 2496
478 3711
478 794
478 4894
478 2520
478 4895
159 478
478 4673
478 1454
478 3215
478 3631
478 5962
478 6401
478 6111
478 3460
146 478
478 5170
478 5769
478 5797
478 5185
478 5531
216 478
478 5291
478 4192
478 3966
478 3007
478 1984
478 1456
478 3678
478 1367
478 5212
478 1411
478 1764
478 4096
478 4267
478 774
478 1987
478 1110
478 6293
478 3590
478 6229
478 2494
478 1490
478 3883
478 6014
478 490
478 5203
478 2613
478 647
478 4876
478 1139
478 3906
478 6465
478 5487
478 1444
478 3837
478 1168
478 5810
478 1234
478 3076
478 3474
478 5864
478 2390
478 1055
478 6328
478 4222
478 2327
478 3453
478 4538
478 5911
267 478
478 3646
478 3071
478 3499
40 478
478 5167
478 3628
478 4221
478 4291
478 1761
478 2884
478 639
203 478
478 885
478 6226
478 594
478 603
478 6378
443 478
478 2151
478 3128
478 822
478 4911
478 6069
478 4692
478 4540
478 2231
478 4575
478 3107
478 6469
478 5352
478 1225
478 4669
478 4205
478 696
478 4298
478 5199
478 4239
478 925
478 4225
478 2348
32 478
478 5920
478 5403
478 1962
478 828
478 4738
478 6177
478 2833
478 662
478 5719
478 3871
478 4001
478 2131
478 4547
478 3912
478 1595
478 5918
478 2222
478 2193
478 1465
478 5060
478 555
478 4831
478 4049
478 4662
478 3170
478 5731
478 599
478 4687
478 3783
478 1969
478 6258
478 4949
478 706
478 1278
478 1557
478 2149
478 1024
478 657
478 3781
328 478
478 4608
478 1062
478 2754
478 5970
478 6266
478 2160
478 2110
478 626
478 5158
478 5964
478 5888
478 2108
478 5784
478 3015
478 6464
478 1669
478 775
478 4714
478 1560
478 6214
478 6492
478 847
478 5012
478 4834
478 5932
478 1315
478 2701
478 2291
478 4354
478 2561
478 3022
478 966
478 727
450 478
478 5222
478 2499
478 1365
478 877
478 3679
478 2249
478 6099
478 4243
478 2201
478 1096
254 478
478 3584
478 1537
478 3471
478 1910
478 1459
478 606
478 1747
478 4356
478 4668
471 478
478 3024
478 1823
478 4969
478 4100
478 5798
478 2238
478 6125
478 2104
478 5255
478 4196
478 2814
478 6065
435 478
478 4801
478 3164
143 478
478 534
478 2082
478 728
478 4631
478 6078
478 3528
478 5895
478 2358
478 5058
478 4008
478 1697
302 478
478 954
478 3687
478 4367
478 1219
478 5597
478 2002
478 5651
478 1057
478 5136
478 1822
478 5422
478 3046
478 6021
213 478
478 2827
478 651
478 3762
478 1675
478 1429
478 1748
478 873
478 5532
478 595
478 1402
478 2485
478 1569
478 5215
150 478
478 2070
478 5594
478 5510
478 1763
151 478
478 5466
478 4492
327 478
478 6331
478 5361
478 2090
478 4109
478 2589
478 5596
478 3268
478 1193
478 5408
478 1580
478 890
478 3433
478 5775
478 3665
115 478
478 5305
478 1144
478 4302
478 2202
478 1565
478 2803
478 1152
478 1992
478 1359
478 5318
478 4309
478 5644
478 5691
478 5321
478 4143
478 6060
478 6176
478 2625
478 3148
478 6478
478 3194
478 1741
478 3670
478 6241
478 3188
478 1566
478 785
478 2445
478 2077
478 3797
421 478
478 3436
478 1548
478 904
478 1522
478 5814
478 1645
478 3742
478 4126
478 4754
478 3683
478 6107
478 3770
478 990
478 3806
478 3852
478 4481
478 5714
478 2934
478 5256
185 478
478 3331
478 844
478 2839
478 1361
478 1567
478 3271
478 4278
478 5294
468 478
478 569
478 5129
478 931
478 5927
350 478
478 5559
228 478
478 3283
478 1887
478 800
478 5703
478 2468
478 4255
478 1805
118 478
478 1204
478 1240
478 4860
478 5109
478 957
478 1439
478 3680
478 3543
478 6041
478 3834
478 5922
478 5272
478 514
157 478
478 5115
478 3931
478 987
478 2093
478 5234
478 5461
478 5261
478 4718
478 1653
478 4233
478 4399
478 5098
478 710
478 2718
478 918
478 4227
478 1033
478 2091
478 679
478 5579
478 2264
478 1759
478 580
478 2705
478 5947
478 4017
478 2955
478 1977
478 578
478 1386
478 5904
478 2735
478 1733
478 6317
478 3788
478 3138
478 1922
478 1461
478 2932
478 597
478 1205
478 5787
478 3816
478 5505
478 1142
478 2789
478 1328
478 1428
478 5649
478 968
406 478
478 1893
478 2061
478 1814
478 3319
478 1460
478 4004
478 5195
478 1026
478 5357
140 478
478 798
478 5089
478 1104
478 3167
478 3752
478 2727
478 1457
478 4872
478 942
478 5349
265 478
478 2288
478 3438
478 498
478 2548
478 3239
478 668
478 1722
478 3335
478 2464
478 672
478 2256
478 2438
478 1539
478 3697
59 478
478 2319
478 1899
478 1010
478 5456
478 4597
478 548
478 4060
478 5338
478 6400
478 2032
478 3185
305 478
478 3419
478 1244
478 494
478 2439
478 2168
478 3921
478 6421
478 3733
478 5557
478 6163
478 653
478 4802
478 1545
478 3468
478 2595
478 2992
478 4805
478 6133
367 478
478 4818
478 5134
478 2228
478 773
478 2791
478 6354
478 4397
478 4142
478 2229
478 943
478 4783
478 4218
478 1769
478 2454
478 4629
478 506
175 478
478 2309
284 478
478 5473
343 478
478 1206
478 932
478 4212
478 2810
373 478
478 3890
478 4636
478 978
352 478
478 4520
478 3795
478 1576
478 2794
212 478
478 6451
478 5653
478 4036
478 1433
478 4171
478 5213
478 2178
274 478
478 1272
478 6398
478 5235
478 4358
478 5093
478 4097
478 4353
478 4943
478 1734
478 3861
478 2699
478 5100
478 3791
478 2076
478 1608
478 1493
478 5675
442 478
478 5462
478 5637
478 5240
478 4252
478 2989
478 5483
478 5227
478 3129
478 4317
478 3539
478 3722
478 1053
478 5217
478 5706
478 3220
478 4204
478 878
478 6496
478 3686
478 6126
478 2711
478 5611
478 3235
478 2092
478 827
478 1299
478 1201
478 5137
478 2337
478 571
478 3712
478 2232
478 3162
478 5327
478 5390
478 6096
478 4114
478 5788
478 1803
478 2607
478 1333
35 478
478 1661
478 2173
478 4103
478 4046
478 3810
41 478
478 6236
478 2392
478 1782
478 3231
478 5106
478 1630
478 3848
478 6480
191 478
478 4560
478 5925
478 3506
478 2848
478 4325
478 2602
478 5624
478 4582
478 5258
478 4620
478 1558
478 6113
478 2247
478 3382
478 482
478 3288
478 744
478 2491
478 735
478 6157
478 2449
478 1976
478 5921
478 1229
87 478
478 4405
478 1123
478 6253
478 2765
478 4363
478 3772
478 1513
478 2069
478 1121
478 975
478 3192
478 2371
478 1972
478 4435
478 3904
478 1238
478 3903
478 3504
478 867
478 6287
478 958
478 6488
478 3063
478 5427
478 6436
478 4455
478 1543
478 4786
478 2436
478 1258
478 2428
478 1159
478 1364
478 2604
478 796
478 2605
478 4634
478 2630
478 5468
478 2262
478 3626
478 4387
478 4666
478 4208
478 4436
478 3250
478 2129
478 636
478 795
478 4683
478 4660
478 1209
478 634
426 478
478 4570
478 4926
397 478
478 4376
478 2049
478 5728
478 3958
478 5306
478 4615
478 3991
478 5355
478 528
478 3926
478 3325
478 4611
478 1448
478 5036
478 5647
478 2374
240 478
478 5671
478 2977
478 1039
478 3241
478 4341
478 5891
478 3994
478 6005
478 520
478 2383
478 6313
478 4865
478 4045
478 3219
478 3075
478 2532
478 633
478 2183
478 2246
478 3053
478 4203
478 5101
478 4740
478 6433
478 1563
478 841
478 5994
478 3518
478 4646
478 2716
478 6260
478 1663
478 1622
478 4795
478 4689
478 4930
478 5339
478 5354
478 4729
478 5043
478 1907
478 5696
363 478
478 5220
478 3502
478 3557
478 4961
478 6196
478 1771
478 1413
478 4111
478 3948
478 3587
92 478
478 3927
250 478
478 2487
478 1470
478 5052
478 5802
478 1372
478 5734
478 3463
478 5852
478 3269
478 1282
478 2995
478 3369
478 972
478 5521
478 1879
478 2382
478 1998
478 5526
478 1831
478 5860
478 5224
478 6029
478 2142
478 2547
478 2872
334 478
478 5709
478 5181
478 4295
478 4625
478 5582
478 3379
478 1812
478 2001
478 4811
478 823
478 2629
478 4823
142 478
478 1860
478 3704
478 1974
478 1888
478 1160
478 2388
478 4094
478 1621
478 2592
478 3726
478 4703
478 4985
478 5818
478 5683
478 5471
478 1521
478 3971
478 1072
478 2923
478 3664
478 4586
384 478
478 5364
478 1451
478 4043
478 5670
478 2750
478 3774
478 2902
478 4885
478 4442
478 6330
478 4443
478 1982
170 478
478 5712
478 5625
478 3960
478 3850
478 1261
478 5080
478 1019
478 2719
478 2624
45 478
478 6272
478 4685
478 1944
478 1178
478 3012
478 1418
478 573
478 5140
478 5699
478 5702
478 1624
478 5772
478 5274
478 5828
478 4571
478 6441
478 4137
478 2694
478 6298
478 3617
478 1877
478 5933
478 4758
478 1230
478 5086
478 3843
478 2742
478 6360
478 2450
478 2352
478 2908
478 913
478 1881
478 5363
395 478
478 1509
478 1135
478 4613
478 4942
478 5790
478 3562
478 3651
478 1895
478 3036
478 1099
478 1855
478 5816
478 5042
478 2556
478 576
478 6058
478 2715
478 2771
478 692
478 1938
478 3229
478 3307
478 2924
478 2755
478 4882
478 4382
478 4067
478 1850
478 5031
478 5910
478 5799
478 5053
478 2163
478 2692
478 1213
478 2725
478 4527
478 3222
475 478
478 6227
478 2443
478 2785
144 478
478 5267
478 1102
478 5191
342 478
478 1797
80 478
478 2067
478 2704
478 3815
478 5662
478 2850
478 1547
478 4841
478 3782
478 786
478 1727
478 3280
478 6246
478 5715
478 4606
478 1283
478 6256
478 5679
478 4513
478 3291
478 5311
478 4336
478 1826
478 6024
478 4544
478 3270
478 2218
47 478
478 2927
478 6355
478 4219
135 478
478 3488
478 3025
478 5717
478 705
478 2970
84 478
478 6221
478 2263
478 4316
478 2147
478 834
478 1017
478 3443
478 2411
478 2132
478 5926
478 4588
478 749
478 3381
478 4609
478 3315
478 4122
478 5371
478 6215
478 2194
478 4751
478 6457
478 3973
478 6036
478 5930
478 2960
478 1468
478 3652
478 3003
478 5072
478 5186
478 4549
478 3193
478 1227
478 5164
478 3299
478 5956
478 5697
478 4138
478 1408
478 1331
55 478
478 1154
478 4027
478 2933
478 1052
478 876
478 1080
209 478
478 5346
478 3356
478 4657
478 3935
478 4459
478 2914
478 6011
478 5528
478 3751
478 6485
478 6351
478 2866
478 4759
478 1199
478 1628
478 2677
478 1169
179 478
478 1228
478 2384
478 507
478 4013
478 4029
478 5078
478 2744
478 4964
478 4775
478 1829
478 4281
478 1103
478 538
478 2405
464 478
478 6184
478 1751
478 4504
478 3432
478 5430
478 3593
478 1350
478 4184
478 2041
34 478
478 3320
478 1060
478 5590
478 1286
478 5001
478 4857
172 478
478 4286
478 2573
460 478
478 2896
478 1880
478 3478
478 857
230 478
478 2628
478 3158
478 1920
478 4928
478 2982
478 4266
105 478
478 4761
478 4920
193 478
304 478
478 4861
478 1947
478 969
478 3039
478 3019
478 3796
478 5090
64 478
56 478
478 5201
478 6156
478 1116
372 478
478 2259
478 1220
478 1946
478 1591
478 4587
478 2975
478 3538
478 4337
313 478
86 478
158 478
478 4924
478 1501
478 3327
238 478
478 572
478 4287
478 4150
478 1243
478 4169
478 1531
478 5859
478 541
478 5963
478 2687
478 4921
478 884
478 1181
478 5628
478 5931
478 5616
478 4644
478 3005
478 3350
478 5345
46 478
478 2588
478 2991
478 2676
478 4681
478 6244
478 3846
478 4245
478 3644
478 2200
478 3316
478 5800
127 478
478 1499
478 2887
478 3263
478 5676
478 1106
462 478
478 5372
37 478
478 575
478 1049
478 2899
478 4640
173 478
478 3204
478 5394
478 4684
269 478
478 3303
478 3126
478 3829
478 961
478 4838
478 2885
478 5941
478 3719
436 478
478 4152
478 484
478 6426
478 3898
478 1749
478 858
478 5410
478 1284
478 5214
478 4984
478 4717
478 5455
478 5038
344 478
184 478
478 5669
478 3343
478 4753
478 2465
478 3394
478 4977
478 1647
478 3020
478 645
478 6259
478 1704
478 2446
478 737
478 3981
478 6271
478 6142
478 4800
478 3863
478 5849
478 3878
478 3559
478 4130
478 4515
478 2323
478 1295
478 3907
478 2623
478 3552
478 6088
478 1431
478 4174
91 478
478 3258
478 2330
478 2040
478 2360
478 2170
478 915
478 588
478 1340
478 4228
478 6418
478 1069
478 2911
478 4994
478 4514
478 4464
478 3949
478 6494
478 6357
478 4745
478 3223
478 713
478 2333
478 2377
478 2320
478 1313
441 478
478 2015
478 4716
478 4134
478 5886
478 6341
478 5615
478 1570
478 1332
478 5745
478 3466
478 3311
478 6013
478 4773
478 2591
478 3451
478 3450
478 2504
478 6059
478 6471
478 4487
478 6223
478 5573
478 6267
478 2225
379 478
252 478
478 4080
478 1051
478 3908
478 801
478 1918
478 4257
478 3166
478 2426
478 2752
478 746
423 478
478 4253
478 3086
478 2919
478 3500
478 3397
478 1412
478 1312
478 5517
478 4166
478 4592
478 730
478 4752
478 3804
478 790
478 2356
478 2492
478 3454
478 5966
478 4887
478 1689
253 478
478 5289
478 4951
478 3236
478 922
478 1304
478 1658
478 3707
478 5113
478 3676
478 1327
478 4499
478 1362
478 919
478 493
478 1118
478 5982
478 3490
478 1643
478 585
478 1013
478 5246
478 5196
478 6254
478 486
478 3444
478 5154
478 5952
478 2347
478 5613
478 739
478 1369
478 3601
478 1405
478 3186
461 478
478 4627
478 3640
478 2918
478 4618
478 5566
283 478
478 2916
478 804
478 1436
478 1586
478 5959
263 478
478 5574
478 1724
478 3470
478 6389
478 5606
478 4023
133 478
478 5605
478 1435
104 478
478 1607
478 5665
478 3865
478 5259
478 4092
478 2019
222 478
478 5032
478 1255
478 2894
478 6219
478 3214
478 5776
478 2489
478 1827
478 1692
478 3021
478 3112
