8618 8617
7558 8129
790 1085
38 1049
1375 1676
7295 8602
3309 5581
1578 4922
1709 2342
274 778
2460 7438
1280 6679
5575 5981
749 765
1083 6897
2529 8054
1753 2347
4943 7624
980 5479
5395 5735
1046 1308
183 2111
3615 5283
105 1138
1012 3818
455 459
357 1321
4371 6280
4568 6976
1344 5189
3979 4047
221 877
38 532
451 3519
828 1878
677 2443
2586 7620
115 278
2771 3253
2791 5395
793 1067
1925 4582
6282 7111
449 4958
43 700
2442 2807
4968 6069
4125 5348
1298 6619
4870 7860
2429 6725
180 7086
45 1732
372 1109
4375 4977
5465 7469
15 3447
4107 6072
868 7176
72 1112
5376 7859
384 5623
4688 7159
1051 2239
5317 7718
1134 7597
2806 3611
19 103
6386 8084
17 440
3 28
711 1389
170 418
197 909
2148 2217
4344 4490
50 2203
649 1124
852 5160
2485 3920
6945 7022
4026 4625
1260 1723
1019 2355
3396 6215
244 2787
2571 2709
622 2781
1 1009
2359 2988
18 466
22 395
1727 5691
4306 8394
618 5298
6916 7283
825 6720
6270 7530
680 1864
4096 8326
536 1809
3000 4753
1973 8307
1694 5605
3499 4102
1417 6983
1426 5138
1469 8074
664 2057
1170 4424
1310 7931
521 2615
3800 8449
447 538
389 6933
1988 5034
4690 5745
1078 1974
4003 5264
1318 3126
1824 6104
3476 6841
585 5130
1861 4747
4222 5757
210 7124
3734 8324
638 1042
26 812
2154 8123
524 2841
227 4682
248 7356
1524 6205
3778 6763
1065 5136
337 713
4187 5195
409 4346
3794 4906
2164 3044
3284 4900
4451 6314
2377 2550
3223 5012
5095 5475
616 2026
243 359
6882 8472
837 1445
1179 3135
172 370
2479 3642
1764 3303
1036 8446
27 710
255 345
7142 7820
241 564
3252 3769
2070 2681
2214 2812
273 2363
2065 7119
1117 3897
106 1444
3860 4069
459 3530
570 8510
442 6823
3929 4350
5232 6125
609 4909
5215 5370
1405 2317
4556 6453
171 375
4262 5806
5012 6333
1480 4863
6302 8203
399 576
2295 3763
4412 7349
894 1512
2437 4755
1310 1752
729 1944
4961 6802
1020 5876
3235 7890
1263 1715
816 2850
1736 2121
172 4074
2694 4480
935 1471
108 2624
3534 4612
6411 8020
1965 3330
2114 5523
105 1968
1187 6257
428 7213
2278 6223
1626 1899
960 1547
4039 4283
1081 2900
3666 8567
301 2677
2246 7942
3689 5980
900 5389
2551 4601
425 2685
62 814
1158 3839
4108 4516
1855 3351
3280 5451
223 2059
826 8136
860 1840
6119 6318
3783 3998
1183 2878
27 3004
3571 5481
828 2366
735 1180
478 1317
937 5325
5689 8349
2195 6537
128 5415
873 5886
4045 7136
4819 5762
836 7228
5617 7286
107 546
2026 6836
843 2378
339 1613
2619 4090
74 80
213 1632
6750 8544
4203 7075
269 397
2379 4992
451 506
1625 6046
6503 7740
4800 5007
3350 4531
3345 4692
273 533
5430 8419
2445 3002
7103 7888
2286 6930
4367 8069
4762 7285
1775 7324
218 4133
2096 3516
178 4451
1647 2172
2114 2529
819 5351
2328 6312
230 921
2117 6905
595 3912
586 1749
709 6237
5390 7915
721 1193
1185 1222
83 282
5340 6189
1401 3238
712 3744
272 313
2568 3344
2460 6493
1996 2805
1539 5145
7395 8352
2615 5636
252 4093
571 8524
4356 6795
1624 2748
110 6047
1498 4152
1523 1915
1458 8007
53 84
401 859
6117 6465
724 6814
1214 3051
1903 5176
149 244
501 687
2543 4440
1579 6556
697 7098
2855 2975
802 1226
4117 6498
1102 1128
1927 2124
1016 7223
2599 2864
1336 5279
8501 8571
4990 6928
500 2267
2304 6547
678 2676
213 488
5007 6435
35 109
7506 7932
335 7393
1758 4819
2223 2919
3261 4393
2587 7625
76 147
2068 4980
771 798
674 6387
755 1574
133 160
2183 2215
617 1463
7 72
1196 2290
1491 1731
2671 3036
2285 3793
6187 6921
2509 8027
142 5498
1308 6695
1258 3401
564 3009
1238 2922
129 350
3662 7436
2224 2915
3244 3356
1587 3709
3624 7787
231 1825
3664 6343
453 4422
3028 6740
297 4068
1543 7288
1690 7872
6 73
1044 2769
960 4230
3377 3876
297 557
1091 1161
458 8609
729 3028
1271 6008
794 7197
1216 8362
517 3434
4285 7066
812 1834
3789 5318
3286 6149
1819 3524
873 8227
1269 6296
302 413
3814 3866
2462 2783
379 2690
2446 3420
20 436
1124 8032
2542 4059
541 707
1033 1492
190 6599
1380 2460
224 2103
2212 5381
6075 6969
3130 4457
1914 3410
4 1698
252 374
293 2090
662 1046
1559 2071
2636 7507
558 3054
1160 4618
634 4220
2852 5149
476 7715
3263 4584
2724 5557
1005 4606
8 242
1811 1973
2910 8215
5386 6114
1922 4005
2148 6723
244 262
437 1169
109 192
1242 4860
200 1168
3289 6820
2783 6671
262 6847
1402 6074
6272 6806
5009 6285
6342 7732
4995 6063
494 1940
5441 7280
3549 7046
152 1591
2792 6306
116 195
6841 8470
499 2063
2037 6735
1601 3737
1482 1824
4252 6450
1884 1966
753 2727
3371 4011
3712 6130
3521 4798
69 643
6846 6885
1452 7747
2531 4418
323 4880
3330 5561
743 1004
1485 1819
1660 7677
683 5791
1949 3789
228 1172
962 3026
249 6477
6237 8252
5421 8477
3621 4603
1827 4768
2352 2603
3793 5069
3607 4390
6043 8582
35 45
2489 2979
1144 1439
2049 7074
2839 4353
722 1023
136 2835
3840 7575
4523 6718
6031 7621
387 1624
2616 4671
283 555
1793 2527
5755 7874
1197 4652
672 727
6310 6769
6644 8179
5437 5601
2160 5247
4849 6290
403 1481
918 3310
1203 5293
1800 5273
2655 8539
1263 2976
3725 5204
893 1857
928 4734
3342 3941
3808 6688
158 2333
16 257
247 1806
1324 1372
7349 8333
3523 5983
5079 5226
1359 8275
3117 4658
5310 6609
555 1920
3002 3421
845 1625
2287 2491
2312 3624
547 583
89 577
2573 4131
3699 5795
752 6058
660 7148
4410 4435
636 4204
320 2578
382 6266
2817 3017
2855 3228
46 1114
1931 2625
2856 6553
2994 6327
310 5021
1453 3984
3630 4064
1069 7738
322 1155
3388 6678
1302 5125
2950 6233
6058 7385
981 5403
972 1134
1190 7180
499 873
2921 4791
491 1157
2245 3198
875 2666
2104 3332
427 603
4043 7034
143 556
289 5174
2345 2365
3489 8612
515 1123
431 6936
1559 5918
106 190
1103 3256
4271 5219
1450 5353
2010 3191
1337 2234
6236 8457
4171 7207
2810 5661
3403 4430
275 393
6163 8313
5779 6087
3 189
2604 4111
46 356
1674 6034
144 357
5001 5708
5456 5614
257 2464
2467 4028
1786 4868
51 329
2436 5751
889 1505
3603 6345
3568 3627
1122 8396
3 6
1539 3152
4848 8516
276 3475
232 545
2784 2939
19 25
145 432
4786 5875
5363 8319
6114 8233
661 2465
579 6167
728 1337
6739 7516
2127 5901
3588 5308
3196 8204
4317 5244
1689 4690
150 2708
1214 4106
680 1294
334 2198
727 6226
1955 3634
156 753
7673 7692
6151 8430
703 721
1555 7656
4622 5639
143 196
1439 5851
3470 6248
64 82
5728 8334
2891 5262
4469 5171
416 511
3101 3635
3392 3840
244 571
1775 5882
1726 8283
47 138
1306 7682
516 570
1228 4597
237 2714
3214 6953
1911 4070
1078 1790
343 7315
237 926
822 6467
1472 7848
1053 4482
3083 6804
3617 7364
1374 2357
3273 7745
1599 2869
66 407
31 888
438 3788
1114 8556
1727 3163
6816 7731
4658 7922
656 4474
231 4736
98 2968
6199 8386
4973 5591
6333 7023
135 182
7 3403
404 6032
4676 7754
83 205
13 66
2619 3266
3782 4156
1351 8133
3473 6873
255 331
1427 4237
2298 4847
2348 3151
4153 4770
5432 6235
1312 1903
2988 4172
560 1401
169 8388
1532 5736
1255 1457
3887 5041
3969 5668
6725 7709
163 903
1003 4961
3275 6027
5142 7358
153 1815
250 2618
1138 2761
110 5976
489 629
919 3589
1393 1514
66 132
506 681
1256 1734
743 1276
1880 1985
2718 5500
122 4924
5161 7985
4008 7559
4290 6177
5392 6297
902 951
5368 7766
2250 5405
4421 5256
1192 4969
631 7001
233 1387
51 68
3430 5695
2942 4240
2518 7340
2697 3494
46 234
6121 6442
786 1204
587 1394
2473 2616
2701 3767
2072 6587
1364 2584
124 2633
367 1577
1730 5163
1772 2418
6192 8364
6611 8183
5894 7746
1747 2803
2501 6762
576 8303
809 5687
1171 5119
462 2914
2413 4146
2343 3960
192 499
4420 5815
81 87
1569 2965
787 5555
4964 4976
625 2352
389 3609
665 1385
384 1254
1712 2908
125 493
3254 4012
824 5297
1172 5090
5243 6299
3288 5519
519 4555
1117 8176
1112 3540
3205 3578
2235 6292
32 47
2400 3111
3460 4306
1276 7795
3217 5454
1263 1298
3522 6709
1507 6758
3342 5997
643 8401
500 1041
482 1268
1156 1638
559 5043
346 3482
4 17
5714 7993
1252 6949
8063 8339
2520 5245
1539 4433
4028 4876
2380 3470
2738 3465
5595 8002
1719 3271
4998 7209
3261 8562
1720 8088
3280 3878
742 4193
161 169
570 5056
2308 6659
1938 2424
635 4491
1977 6713
154 7156
4976 5062
2881 6043
4211 6750
3959 7318
325 4026
104 392
1316 1703
5314 6057
194 5187
1307 2471
4575 4871
3091 7309
3938 5177
2120 5749
1420 2526
2189 6899
897 1686
1155 2525
1989 2596
7094 8416
257 1808
1276 3083
2836 2933
1881 3133
3901 7028
1432 4784
47 3467
189 3518
3438 7145
858 1189
1108 3843
5027 6536
272 675
307 6589
3911 5320
1194 3582
1514 3994
1295 1957
3050 6520
628 2397
3160 6006
202 617
3833 4638
1943 4800
3799 7449
288 417
648 690
1287 1725
88 302
5022 8258
1668 2542
1944 3201
5096 6088
1830 4508
1890 1891
3251 6056
6459 6785
6538 8110
269 7273
3837 5361
61 245
2758 5441
3914 5077
585 4115
3893 7422
715 1694
2530 4221
2063 7254
3757 7585
1893 2790
549 906
3828 7063
732 6712
329 4217
158 384
6 5513
1973 5912
1245 3107
4816 5371
1048 1764
4031 6652
1400 6829
3151 5404
5054 5400
2116 5156
831 1909
3533 4009
5248 5501
594 1776
1576 6937
1461 1848
3265 7996
3443 4171
3776 6896
65 1365
1735 7406
289 8282
259 6722
628 2101
790 1136
2646 4672
2319 5165
829 2391
449 917
1965 2454
751 1034
5954 7452
1170 2839
4398 7650
527 866
4333 5336
484 2306
6865 7668
1796 2703
3606 3833
3144 5420
341 423
3152 3485
1961 6005
6194 6912
3726 3803
1432 2359
742 1475
214 303
103 6313
1460 2966
315 628
5160 6236
835 4605
1200 1409
300 2924
2732 5016
3633 3931
6217 6925
57 3174
523 7291
1237 3220
1367 1382
81 96
321 5857
1475 5728
98 2325
329 684
6723 7090
727 809
2942 4279
371 5151
1359 2478
1044 7822
1235 3311
516 3053
467 1503
673 2642
2083 5641
1204 1992
2493 5025
117 518
946 1984
3017 3127
749 1221
3352 7411
384 5393
3474 8013
2365 7851
23 197
5457 8277
4597 8050
4476 7655
2790 2840
2900 3000
3298 4116
10 6825
2213 5091
5382 6962
1332 4439
3706 4765
59 836
1430 5671
5484 7167
733 2030
270 1192
726 8429
905 2274
3282 4312
185 1022
4180 7791
387 1932
5265 5402
3273 5216
264 280
1056 3025
3236 4509
1165 1643
4083 5269
2095 3652
1329 2476
45 202
3519 8051
2131 3074
1650 3645
3506 4024
874 1030
1116 6755
339 1150
2936 5414
2199 7632
1185 3305
1942 3508
2386 2663
766 1842
2543 3411
330 1286
3765 4236
620 2992
1214 1820
2076 4245
3107 3644
848 1672
902 1556
300 346
435 834
2878 4731
677 4867
438 2351
883 3511
49 274
2820 2866
316 373
413 3810
2062 7627
519 3386
743 7440
2771 5229
808 4656
85 6420
1306 6510
952 6203
692 1572
892 1423
3563 5228
1045 1257
152 1963
1759 4154
1217 1335
788 2777
99 3428
2262 2485
1680 4450
1396 4560
3556 6494
1382 2427
3166 8290
431 1234
1120 2318
695 7979
1931 4398
1477 5278
4481 5847
926 4373
206 6489
366 381
722 1990
1129 2700
1096 7198
7879 8125
109 1299
3381 6042
4623 7221
607 6419
898 3144
6513 6724
2324 4315
2732 3258
1911 1946
1164 3957
243 572
4006 6484
4409 5528
2977 5908
195 323
975 999
711 5942
1420 1785
1065 2619
266 595
574 6714
4980 6726
1816 5939
5516 5587
3729 6544
372 1854
2665 3319
160 1769
182 1345
5373 5477
4904 6964
3094 3581
1572 3583
725 1241
4370 5771
2844 3234
67 1979
59 92
3245 6481
2956 5246
1267 6102
549 2904
414 5524
2192 5698
566 7722
2556 3056
398 2145
4336 6767
13 201
397 1965
314 535
215 2261
1328 1921
311 1501
18 2201
536 708
1827 5059
1646 7421
5506 6648
503 1438
1156 7666
1244 2687
2174 3383
33 6590
246 256
5788 8234
515 1053
7182 8009
1689 6138
643 856
3499 8212
227 3142
2619 3591
15 65
4050 5905
3521 4745
675 5365
3994 6052
1056 1403
2474 4465
1384 4675
4652 8436
2152 3501
942 5724
817 3384
743 6035
5060 5990
5148 7423
437 4566
617 833
7 5455
1744 5129
3292 4247
2949 3338
146 942
1917 6826
1141 5612
445 3865
1322 2299
1383 7401
85 406
517 2662
7248 8527
4961 5373
50 669
7684 7929
399 431
662 870
248 1090
5910 7186
1462 5769
894 3080
3353 6405
1620 4678
559 2098
15 1619
1991 2552
407 1650
1464 8113
92 6407
559 3667
276 4815
3168 7506
704 988
4718 5302
4597 4828
2544 5037
214 8059
3260 3550
85 252
87 2025
673 1898
1095 4187
2545 4965
5207 6368
6482 7914
4687 8043
857 6416
394 1557
463 815
741 5387
6546 8549
2153 3606
1358 6782
2246 3586
1430 1961
1667 2374
2723 8502
82 2938
583 2020
137 352
3590 6198
1788 3062
2665 6886
3966 4083
1204 2231
6469 8087
1237 4794
2279 7758
496 5603
1636 5360
2826 3057
1096 3721
3051 4676
1418 2553
470 6862
2317 4568
2039 3425
1821 2758
2280 6956
1540 2018
3072 5184
46 79
3361 6255
3027 3577
1593 2819
1382 3958
688 1243
6402 7405
4515 7973
1885 4299
3302 3714
6187 6218
1795 4360
4191 6004
82 152
371 483
553 1562
1390 7064
3160 6708
5079 6525
3979 5180
80 7252
430 6171
2805 6882
3499 4318
1178 1651
162 317
3852 4913
1997 4593
4603 7803
164 6145
98 1653
248 8359
2454 2549
550 4848
2227 4864
1558 1710
675 1048
5702 6359
6844 7892
274 2561
2143 7240
412 1359
4128 4316
3768 7960
867 1972
3424 5319
3970 6473
5226 7500
43 122
4794 8120
2802 3675
1005 6170
139 2820
908 1392
6411 8454
118 772
5768 6694
4282 7823
7363 8142
7082 7878
1989 2176
298 512
758 1223
286 291
1014 1504
1806 3392
5260 8135
2909 5602
719 7936
519 4081
1563 6193
927 1609
3033 6029
5909 8615
367 1360
2878 6106
458 2830
1081 1220
2847 4044
2223 5350
1122 3780
5137 6793
3722 6981
1612 8557
2430 8385
2269 2442
730 7551
1178 5998
1503 1746
374 2143
855 1607
1890 2937
294 6391
997 7938
2714 4526
2857 7728
1808 4680
856 1897
1514 3369
2221 7865
4730 8276
1044 2795
266 1754
136 435
326 3772
139 898
1157 1491
4125 7670
1044 4628
2 30
1607 1693
2307 7239
2834 2852
3013 7499
1909 5140
65 4150
742 1662
101 453
353 2100
2231 8006
1044 2763
4532 7251
1481 2047
553 2115
976 1040
8314 8577
923 2934
1917 3629
2191 2762
430 1065
3059 5913
28 1558
153 187
330 2099
140 1517
1688 4553
3680 7049
94 3601
1560 7130
213 2704
462 1548
785 1302
1387 8507
506 757
1795 3483
3890 4056
88 316
2377 3671
4801 6169
2682 7976
606 883
5253 7462
511 2298
3252 3563
1331 5339
4920 5376
202 2825
6847 6986
2509 4355
188 2582
167 3505
319 2439
717 4556
1575 4276
5 10
5925 6555
754 973
6085 6593
1029 1741
3587 7255
257 2586
3491 4706
3058 4183
2996 5466
1389 1582
1317 1960
64 3742
596 3232
243 8433
1517 5071
360 1142
102 1742
220 1219
5603 5956
4359 6166
680 2289
90 371
308 1553
3914 7447
342 4019
1990 5082
4858 8105
37 1398
24 3012
1956 6377
3451 4271
23 24
3562 4372
5013 8151
81 662
2498 5018
1772 2142
5642 7807
551 1913
395 3336
1056 1531
1648 7371
5051 5193
2461 4843
3605 4740
411 5801
6848 7375
2080 2223
371 5236
1119 4563
5577 7994
2862 4305
2247 7700
351 3141
3275 6940
3703 8465
2564 4617
406 6396
838 6103
1795 8114
354 1470
5258 6749
811 948
3163 6576
5309 7336
2355 4780
2629 7719
5288 8384
2669 4475
2820 5117
4035 7142
3800 5657
3486 4219
6608 7900
1684 5839
3202 6991
5807 6995
1939 7107
1709 7875
85 347
1048 1330
1202 1976
2577 6842
121 886
1241 1314
776 2723
734 6621
231 573
253 580
1583 3153
657 1521
2979 3199
14 241
173 7038
2212 2308
5418 7185
798 5061
531 941
766 7651
127 1059
6797 7331
545 7939
3281 6023
4354 6559
4899 5128
231 3177
2275 6315
6858 6895
2297 4391
6633 7826
47 114
867 1712
519 2213
1117 6994
4747 5545
3266 4580
3379 5439
91 149
5423 6475
5821 8451
405 574
1642 3137
1729 6462
10 279
1524 6790
296 315
829 2901
3522 6249
4108 7400
174 6381
716 4772
3417 3430
7648 8029
506 2932
1786 4471
82 172
2379 3825
1299 1595
184 270
100 1135
187 1031
5505 7616
3595 5131
1446 3195
5028 6084
6052 6742
942 2832
4169 5100
139 140
4780 8147
768 1684
244 552
89 3020
6175 6798
778 2858
1968 7321
97 2114
145 1500
971 3262
7372 8253
3127 3293
463 3200
2698 3643
3321 5551
363 1467
3500 5121
1057 6554
2439 7579
606 806
6640 7591
307 2214
1822 7552
2528 5589
1821 2462
4197 4591
2131 5812
2972 3424
2981 6367
1566 3593
762 4449
2048 8175
2462 3795
3923 4227
5124 7814
442 1216
1658 4445
1849 4347
2537 6261
24 6066
5813 8371
859 1122
902 1154
514 563
2532 3099
199 5797
146 635
2427 3422
2456 2779
7560 8400
2878 4779
332 706
531 960
2244 5584
523 985
268 1143
1401 1784
703 3102
2698 4893
1241 2872
881 5153
2862 8376
1431 1489
2217 7739
5724 8455
241 6389
5903 8115
907 2928
83 162
4586 6397
690 4208
5204 5654
1612 2743
3634 4325
2179 7483
78 1552
2599 6839
2692 2868
881 2793
798 1883
5167 7975
5463 6480
2208 2691
6244 7381
1340 7933
1573 2513
4137 8008
2018 7490
3690 4248
441 1400
277 2218
1756 6275
914 1295
375 715
2414 3299
1044 3206
2629 4365
367 1115
2895 3802
2228 4163
2684 3312
1246 2797
4454 5445
193 2583
2546 4898
1312 3736
1341 6119
3766 8137
1605 8143
713 7526
7246 8116
24 2277
82 2074
3303 7974
225 4901
1765 2021
204 2229
5479 7374
309 311
83 7869
2329 3464
139 8460
1324 4981
397 1635
1665 2169
4634 4817
6212 6788
161 1027
2142 5938
2266 6302
653 2210
3669 4274
2226 2598
5682 8483
3926 5739
2237 3774
868 1098
5235 6972
2920 3509
1839 2102
258 464
2469 8425
7 98
7642 8495
1516 2211
3036 7149
5821 6954
2343 2507
1014 5670
6626 8198
1025 2068
61 2867
2416 3183
1361 4953
402 2482
5744 8345
294 597
1259 1781
1557 3453
867 1751
2434 6053
518 8372
2059 2120
6031 8377
70 230
952 3879
662 1404
599 8157
3233 4884
868 4329
130 456
768 1738
3128 6049
1775 7654
29 1490
3784 6452
1003 1237
636 8614
1557 1726
3301 3537
56 608
4096 4122
4063 4919
58 8534
1503 4937
617 5934
2116 2383
489 6107
307 1636
2160 2245
1192 1817
2610 4046
4581 4754
1561 3121
605 8095
141 725
850 1813
38 3354
2189 3704
965 3619
38 155
3778 5558
146 283
108 1005
1086 5430
5005 6212
4922 6696
1113 1464
1505 2528
1648 5120
954 1202
1288 2345
1261 4252
3692 5048
1423 7884
1140 1654
3305 4275
640 1260
418 3333
4740 7524
4533 6879
2667 2874
20 52
4307 6551
1705 2045
3589 4705
2502 3136
83 99
191 266
2032 5108
541 3525
4457 4850
1176 6300
3183 3991
246 7134
5208 7131
369 542
7848 8005
922 2337
3168 4411
1986 2390
102 414
3763 5766
2854 3117
633 7076
8252 8356
3526 5669
5960 7173
3275 3768
5193 7608
4309 8389
1183 3664
1639 7337
1305 2556
760 2280
3648 6216
1037 5036
2713 4257
843 2756
4926 7636
8308 8561
11 3348
405 2689
89 1462
2613 5866
7270 8381
6500 8104
2817 3888
155 8382
2154 5238
1812 2170
72 186
1505 5488
568 3915
895 2046
172 2983
475 1823
388 659
1644 1997
3226 3678
1300 2011
8 11
6610 7100
2658 7379
5 2571
4767 7681
2631 3006
439 2403
949 1802
7782 8156
5094 8231
4706 4722
3778 7144
114 522
1183 7083
3415 8492
2573 6848
110 151
1662 1839
3168 5148
2033 2821
4594 4899
22 4785
779 3910
1612 4096
1906 2766
2309 5888
415 1354
317 1655
2402 3791
5393 7065
404 6020
3827 5013
1842 6673
795 868
1163 6926
918 1827
947 1793
21 4477
244 251
5905 7659
2358 6409
5667 8035
6 402
3271 6458
5635 8117
5133 7260
232 2042
6804 8331
5396 6303
1918 2591
3720 8181
1426 2389
484 4974
4889 8057
4425 4904
4111 4825
21 171
669 1783
3033 4479
636 3618
4671 6007
1157 3781
2902 3150
1753 8579
2708 2776
246 380
2835 6099
2169 8247
2398 2889
139 7711
767 3181
5200 5697
1532 8089
3495 7842
1066 2502
1383 2087
1635 4885
41 238
5149 6613
5277 8021
780 1565
3350 7113
329 5020
59 363
3424 4436
57 3162
145 1451
1099 8538
2978 4366
66 221
414 455
18 2680
847 1528
833 7222
1267 5106
2676 4590
429 694
765 1363
5254 7937
607 4888
1278 2081
140 779
87 829
53 4665
861 3426
905 3337
5322 6515
2189 6984
4526 7146
688 3005
3839 6821
484 4392
1385 2760
1430 3092
1216 5987
2807 5332
429 4050
155 1060
3390 4626
2722 6393
373 3700
3140 6403
7942 8542
909 5201
7273 7707
3053 5452
1733 4241
2785 8540
3195 8285
615 1275
392 7797
36 4000
301 1206
3318 4970
2814 8139
1119 3725
1392 1434
944 6963
2695 4891
1515 4159
561 664
2540 3970
1214 1415
7534 8025
4418 4534
1416 5604
958 3091
2128 3120
1271 2259
465 6068
1473 1911
6228 6716
813 4281
1887 4098
970 2051
2264 7603
2282 3854
1326 1683
177 1954
734 4995
66 2737
2930 7763
2320 5205
695 2152
1110 7301
1469 5863
3658 6998
17 27
1560 3723
3419 3556
608 1665
4739 7495
2723 2724
3724 4153
3127 5825
1123 3558
2445 2796
3755 4269
2124 2441
645 3170
303 544
4731 7494
427 1342
5447 8490
5883 5989
2620 2815
5025 6067
2453 6496
1941 3691
2653 2833
2552 3602
5849 8259
1050 1071
5290 7672
594 1719
454 912
1543 6259
292 2225
2751 4460
4455 7602
962 6526
873 2086
815 2657
5363 8360
2179 5655
1125 3612
611 1936
594 6664
7118 7348
228 383
721 3252
3406 3909
594 6017
640 2159
5672 5959
410 4502
19 379
3656 6448
4964 6425
5071 8060
3449 8235
6807 6868
713 1880
1504 2248
5753 7968
6744 8481
2203 4820
211 3956
4404 8365
3313 3863
3771 5394
36 609
353 411
935 1641
188 461
6 7451
7527 7944
767 2515
2996 4052
689 1176
1668 3750
4962 5646
194 1130
1003 6770
6038 7496
549 1677
2939 4464
2288 3832
376 4801
1717 5827
209 327
17 421
975 1072
7667 7893
1781 5270
1167 2058
2239 4042
161 168
4710 8489
2437 3580
1156 2721
3207 7217
3614 8093
1971 2122
4836 8168
2628 3783
625 1502
73 6376
8159 8479
107 800
4914 7995
2362 8221
2195 7904
505 3292
7707 7798
2113 5864
6160 8281
7917 8160
3 247
350 398
5731 6026
3881 4997
3079 3666
1273 1744
4107 7952
1647 7012
4455 4583
405 1410
1124 2062
1852 3805
1280 1862
747 1419
1484 2040
5474 8414
4791 8600
2093 4809
4483 7033
4414 5157
4315 5748
241 1863
80 5345
601 2701
1034 4781
702 853
4212 8311
662 4494
5338 7596
3302 7051
1762 2780
852 3261
453 2186
146 416
179 1631
1605 1836
524 1485
3966 6340
1428 2829
908 3527
5222 7004
2093 7147
2334 4105
1195 7478
1907 2400
4218 6089
1025 2162
173 211
1683 2626
3789 4782
658 1153
3024 6633
2270 4331
5934 7517
7041 7894
342 1847
4552 8553
3241 8099
5185 8593
997 3331
590 801
966 2810
2935 8580
471 642
3732 4261
1694 2772
426 857
3511 5277
380 1948
1035 1250
252 575
2703 8499
3452 6622
4589 6917
905 933
531 3649
1284 7330
3167 4709
2715 4668
633 7833
1110 4406
2331 4144
1783 3829
2829 6578
1426 5047
1761 3679
365 1421
4083 5784
227 338
3346 3653
771 1013
2598 3180
1531 4467
1616 3610
7346 7873
1551 3756
1125 3140
2132 2398
2385 2433
2502 7200
2014 3274
415 626
2914 5398
174 239
1379 1393
2279 3631
17 1486
1442 6040
5303 7686
4872 5126
1483 8040
3317 8583
1752 5092
21 2481
2071 2328
2759 3399
1010 3604
997 8589
531 3272
36 2061
3505 5996
4944 5341
764 1284
957 4035
832 6148
7209 7404
2970 3798
257 1089
1238 3325
7302 7733
7435 8588
585 939
5039 6441
290 548
1343 2546
3699 4912
1285 2451
1090 4735
3117 6646
2561 2585
797 4581
3528 4180
818 935
3785 6140
474 8300
3901 8268
5414 7776
548 7104
2829 7036
500 646
19 156
1228 4409
2710 6401
233 554
1736 2038
230 1178
600 680
4177 5372
733 5310
437 586
2531 5977
1565 5110
724 3479
3338 3359
5765 6530
27 95
1482 6325
3808 7615
82 8230
873 2150
177 1077
5980 7426
102 396
6566 8023
5877 6118
1617 3279
2481 2842
2531 5469
1922 6164
1877 2652
1192 6538
4269 6872
2452 3243
1493 8519
2227 6311
2101 2794
2172 3058
6196 6301
665 2216
105 8146
2130 2193
304 2675
88 2564
4981 7442
3019 8193
1767 3317
5837 7009
1870 6120
2491 4879
1859 6501
981 1707
913 1293
2079 3446
6711 7040
1198 2599
7612 7898
3222 8559
997 1621
2168 3394
3240 6143
4093 5182
2784 5600
803 977
2597 2720
2412 3868
321 1687
87 226
2110 2954
2591 6615
499 2241
365 1235
1000 3128
5744 6245
2783 4956
514 2301
1942 6618
2420 5266
821 1601
5368 5774
2858 2945
127 4711
397 579
114 246
2908 4067
1248 1699
3552 8462
1202 2360
416 3461
589 4796
874 5385
604 5633
91 3529
1364 3749
2638 8315
415 5471
3270 3599
386 661
613 3520
540 3787
237 1289
3175 5935
3631 3660
42 2449
5703 5927
288 2024
5140 5496
3499 4561
5550 6730
3003 3946
572 1264
1563 6065
245 1844
2731 8351
1629 2297
6835 7548
370 473
561 758
2591 4818
1723 7491
814 2192
2193 4322
4266 5694
488 5222
498 1593
3920 7748
507 4498
2090 8343
1852 2486
300 736
1439 2953
1351 7560
454 1416
7263 7941
3154 4978
6906 7607
412 3623
446 7852
7456 7867
498 3575
574 6727
1106 4233
3283 7899
72 90
171 848
639 4320
1636 5597
193 2765
1133 2434
1498 5644
2344 6707
804 1080
2791 4263
3293 5842
2738 5080
2512 3412
6134 8200
2901 5280
3373 6752
1057 5444
62 590
6710 7630
5207 7430
4741 6756
4279 8494
720 3397
3758 7794
189 6165
355 1778
547 796
573 4775
2714 7935
712 6818
1905 3685
4274 7287
185 875
1374 1860
3077 4036
384 8192
3859 5343
936 990
2224 3488
215 490
224 3934
4435 4944
425 6220
3021 3997
1174 1585
989 5674
195 4844
1051 1680
1018 5582
2191 4442
687 1991
7971 8225
1300 1349
2501 3484
3153 4750
399 6355
859 1858
3763 4141
657 2107
1886 6918
1193 4983
1681 1810
3225 3985
4757 4806
3674 8392
1725 2138
814 4783
1613 5931
3804 7612
1556 6281
1323 1996
1254 1366
421 8094
6113 8442
2303 7956
984 8550
2315 3281
313 1537
3544 4849
890 3048
3435 3495
1248 4029
1548 7589
2765 2956
2888 3585
962 965
1226 8576
522 937
877 3551
2355 7487
3192 7737
6085 8405
201 1482
499 4853
4191 4235
841 3947
1438 1681
1101 5833
460 3907
834 2888
653 2187
1324 5268
669 6179
548 7378
1066 2913
4695 5559
3357 3844
6511 7338
1915 6483
5090 7108
263 2730
3326 3901
1111 1506
4542 6919
898 3211
977 2811
709 1893
1203 1507
1397 2899
2302 3327
220 7355
454 6604
3174 3362
658 4224
1830 2545
735 3041
6490 8373
54 1770
1411 7665
49 3738
127 1020
3379 3567
3468 5253
790 3251
17 141
1368 7409
627 899
1608 1671
3314 7541
2574 3817
3051 3188
919 6583
2619 3786
1723 2848
3389 5583
2497 5290
271 634
2417 2734
2513 5921
555 855
5921 7157
257 754
278 2255
663 808
3953 3962
2911 4951
5208 8306
2639 7819
4281 7986
1070 2580
673 682
282 320
773 1017
1126 2843
3864 5800
197 599
127 212
4013 6562
41 48
910 4972
1398 2628
1765 5715
3058 3187
12 737
2625 5096
2121 4586
493 1163
253 3088
1433 1884
3262 3775
1025 2569
279 838
3097 4856
3166 7109
2934 4174
10 2669
54 1218
92 281
261 404
512 1325
402 1195
215 250
1245 2750
5 38
2619 5679
1786 5067
312 2927
2968 4979
1142 2752
4912 7359
6566 6746
1235 2659
196 259
421 547
1713 4136
735 3353
1000 1069
99 1355
3981 4148
117 253
678 994
31 4594
756 1718
1472 5573
15 121
3638 4602
193 209
5063 7606
889 1014
1656 4889
891 911
1519 5789
1503 5490
1514 2722
4731 6766
369 1721
1380 4446
2370 6265
630 1581
1058 1177
1654 2346
1355 6352
4500 6721
4970 6946
849 1199
1913 4752
1264 5807
304 841
4515 6935
816 6077
1225 5767
81 106
1632 3456
3268 4031
2629 6849
1057 2958
3605 4962
2990 5780
3932 4504
4243 6627
1611 2961
2769 3696
125 157
1398 3132
697 972
941 2070
3351 8434
445 1010
1006 1587
5924 7206
853 3925
3201 3822
2452 5893
5031 8342
3474 5621
3094 3287
654 751
71 2385
4018 8108
5448 5622
460 1078
5399 6775
20 53
1078 2881
1258 3169
2456 2885
2116 3899
144 1510
3252 6454
355 3477
2892 4369
1954 7761
3790 5840
6179 8374
2405 4075
317 1396
1166 2230
1948 5485
3159 6260
874 2767
6345 6786
357 897
3561 4104
33 8570
127 376
2372 4330
6133 8265
1753 5773
2190 5849
315 6412
952 2461
1656 2320
3141 4314
1139 2423
502 1388
4549 5249
288 443
57 1247
1273 7703
442 3474
2967 3745
300 341
1597 2314
198 8180
2358 3064
633 987
1084 1789
466 551
573 3701
4628 7532
1521 4468
2107 3502
2007 2535
252 747
2914 7174
158 340
6195 7467
662 1728
827 7387
796 3760
2409 3924
183 215
24 1497
4916 6455
5599 8239
797 817
730 1350
934 967
3133 7782
1368 4613
5643 5962
14 41
116 485
1099 4297
125 2149
1073 1117
467 7082
2049 2715
764 5211
90 6508
1029 5717
567 6504
727 8149
78 7855
4736 6457
338 5446
9 111
77 559
276 3937
217 528
2044 5112
2963 7696
245 1851
764 5271
654 1670
4310 5224
296 7485
5134 5945
194 770
816 3246
2451 7261
3430 4341
930 5388
747 1425
3323 7187
26 4103
3339 7472
4219 7518
4311 8028
359 494
2202 6699
1906 2019
953 6889
729 1590
6189 8287
2568 8543
955 5937
4782 8547
2403 8019
80 7007
2231 4629
555 847
2079 8424
109 6468
568 4147
778 2118
2024 8211
360 844
6374 8452
127 170
6636 7477
1059 1786
1086 7403
2404 2671
5551 6667
1759 6650
2104 3828
1404 3324
1318 4793
3075 5854
669 916
2684 7053
958 5837
1894 3510
1832 3164
3676 5088
1805 1855
6212 8407
925 1523
62 7940
4554 6626
401 2887
248 5374
5642 6698
877 5922
30 913
1726 3622
887 1118
2572 7583
5535 8541
5450 6787
2265 4284
3192 8302
6037 6173
401 1472
6242 7693
2128 3496
40 118
877 1706
714 1019
4848 6601
924 1341
2807 4622
2317 4264
145 2438
5737 6445
1233 4930
3517 4521
3847 3928
201 8597
5365 6362
2620 4866
1710 3418
197 7779
354 6939
4936 5929
2376 2926
2692 5144
638 1263
392 1768
4049 7120
3321 5699
797 2247
5586 8182
3871 4337
1068 2483
2051 8010
514 1620
4655 7169
681 2072
664 6594
1009 2292
1293 4552
559 8119
2049 2240
774 4505
506 1832
6262 7736
260 484
280 3441
3660 7792
988 8330
811 1799
4105 5409
229 2505
3176 6728
4083 6344
1813 2332
4522 6733
610 3172
83 475
2019 6310
4725 5147
2892 3904
415 2620
399 2405
2223 5503
3770 6571
3408 6808
24 6209
5515 6385
4516 7870
4145 6308
105 360
854 1618
133 295
17 120
1612 6686
7608 7640
377 3966
2882 7657
569 1657
52 4975
196 1513
1078 1986
231 1026
7007 7084
97 1928
701 1837
715 3361
233 1892
5116 6638
6007 8214
5968 7653
2461 6196
1213 1736
1079 3755
873 1126
30 334
891 1353
1345 1690
4623 8565
2957 4890
111 704
4262 6697
303 683
188 711
948 2995
512 1214
228 6760
978 6529
1292 4679
103 105
4140 6812
1911 3049
355 3217
3321 3870
726 5885
3449 3702
2114 2651
6027 7037
5874 7958
274 4455
1691 4527
3471 5078
3414 7126
525 4033
2637 4085
3449 4808
5195 5707
593 2260
3447 6837
798 6974
1717 1902
3503 6685
455 6045
3282 4655
4177 4535
32 1333
4709 5759
4169 6745
4360 6611
1033 2428
2634 8308
504 4202
710 5054
617 4573
230 4647
2671 2876
903 1494
894 8121
11 19
4527 6906
11 980
2068 7132
641 4176
3349 3670
1918 7070
1656 2375
3630 4473
3437 6305
612 639
3054 4476
640 4654
2484 4091
2189 3208
752 5028
100 819
3353 6737
1241 3460
271 788
1139 2746
13 3248
1794 3449
4301 5484
1419 1914
1579 2228
4489 6577
7819 8590
5752 6759
410 3838
2754 4743
1273 4407
226 308
757 1933
378 1716
894 2828
43 60
4429 7153
264 3414
7097 7978
928 1100
4676 7060
5531 5932
2372 5723
79 292
290 766
706 1605
3826 4137
735 2493
733 2417
1474 5859
102 194
3477 7067
1899 6482
5213 6574
669 974
1271 2506
706 2785
2668 5578
4171 7913
1363 1730
216 5686
1699 7050
2437 2627
2662 3576
202 450
3320 4432
4428 5255
4618 7339
1045 4789
5545 7384
195 447
4048 7367
2210 6900
1845 2918
915 4858
186 299
2033 4578
2516 5869
3854 6158
5551 6211
397 7415
503 2537
3037 6672
2179 2532
698 6703
650 2982
138 232
2157 2268
4668 5483
695 871
5800 6799
4265 7671
776 3515
939 1281
613 4040
466 610
348 1867
1397 6447
1258 2272
1542 5428
3507 4267
3658 7432
406 5286
3120 3372
56 213
214 2035
4400 5755
21 4010
1486 4881
4461 7039
5500 5520
1135 4425
50 67
2566 4015
4701 8195
104 872
2396 2566
1166 7114
2015 7569
3169 7016
137 1441
1776 5098
876 1087
287 8610
4339 5553
371 5659
2336 7726
16 367
246 4065
4585 4645
6345 6417
563 1633
5262 5531
2644 3748
5391 6217
599 4293
1393 2977
165 224
326 1267
1075 1945
838 4099
1867 7849
65 2130
2856 6076
144 3986
259 487
2154 6592
256 1962
6562 7663
1923 5575
3306 6476
1444 2540
1076 1826
4105 4259
511 2147
2803 5516
400 1320
5861 6470
2220 7192
3045 5984
1400 1411
904 969
412 1386
1056 1417
1764 4173
84 428
3843 8109
1685 5281
4156 4199
1987 5436
1218 1739
288 7563
2939 7366
1099 7118
858 2409
1304 4307
303 2774
500 1282
3830 4168
2590 2753
983 2523
1363 1796
2015 7020
609 1028
1987 2166
145 325
1404 4300
621 1644
3162 4492
2977 8038
2930 3507
1833 2844
406 4700
1704 2251
5458 5638
1034 4940
1229 1569
632 3249
2509 2725
5742 6580
3093 3335
17 32
1507 4673
754 7991
24 8090
3204 3300
41 832
4000 7388
4600 7058
1379 4619
2415 7480
1106 3719
4155 5712
1037 1474
1267 3061
3479 3630
1 83
5703 8266
630 1469
3055 3688
4603 5342
1821 4832
382 2368
146 1232
1722 4112
2293 2634
5722 6665
4322 8473
5837 7614
934 1311
3477 8299
304 1498
6186 7017
390 3124
972 5831
21 1055
3650 4361
1339 1376
911 1447
1312 5923
1603 4087
1068 2518
569 810
6330 6661
2246 6444
472 601
567 3010
164 7101
890 1795
462 7029
32 255
5243 5443
1245 3231
1447 6431
6653 8350
4572 5357
410 2076
10 61
4682 6784
1060 1343
5391 5781
3078 4686
2964 3076
3503 5390
353 474
611 1171
492 7437
3884 6634
13 8131
320 539
5 566
6059 6614
588 668
884 1104
1154 4027
220 1466
8006 8055
1162 4443
441 1113
854 1208
1546 5651
100 8536
6086 6635
3110 3158
561 4055
1371 1737
1263 2146
1165 1773
352 3814
654 4696
5683 7883
3483 5087
315 2085
3400 6894
6131 6321
1851 7879
753 918
17 143
1663 5084
7000 8525
3433 4630
1415 2831
1454 3695
17 59
785 4973
344 2757
407 4987
410 4228
5129 8190
788 1543
2472 3538
1049 1238
2617 4338
627 5843
5847 5999
2683 7455
3282 3514
542 2244
4105 5459
4711 4821
1291 2349
4536 6025
1151 1685
584 1850
1685 7504
1650 2013
552 7704
1681 3459
6131 7184
3811 7166
5542 7138
442 2467
101 115
5129 5813
95 4113
366 1568
6741 7412
1214 1696
491 1763
5490 6273
608 952
5006 5590
2834 3416
140 2392
7261 7911
288 5505
762 954
414 2089
2818 3782
376 1758
17 816
678 1515
860 984
1047 1923
2747 3699
4038 4952
72 78
1108 4746
4103 7710
286 2093
1388 7396
944 1678
450 2941
1989 2341
1943 6155
1153 1939
1004 5257
2137 4659
102 5632
451 1454
235 2544
2095 4086
2052 2190
875 1943
1484 3302
6046 6342
6012 6744
4947 6231
3683 4756
1104 2242
375 1095
1187 2222
2113 3313
151 286
4979 8004
475 3590
3324 5154
3379 4577
110 3625
665 5053
22 394
1343 2962
19 4927
145 150
508 3784
1948 6022
774 1191
1102 1704
2526 4558
4723 6279
625 631
2768 4522
26 260
206 444
4317 5777
2741 5548
3214 5521
544 4371
2811 6322
5997 6433
719 3541
5911 8063
6886 8066
144 1483
1918 4575
4845 7081
4311 5213
1804 4724
757 1129
194 419
1689 7880
2610 3084
7506 8586
172 568
158 938
1963 7441
256 272
1301 4562
4224 6244
3005 5877
717 7245
54 6038
3577 7099
809 1395
2208 8387
1052 7000
118 777
6017 8408
113 6184
7159 7729
3203 7805
2518 3029
3798 5363
49 5713
861 2656
73 3204
3627 6440
111 2601
1206 3895
343 2773
4353 6585
46 2475
2646 5073
1464 3965
1043 4511
186 724
286 307
297 454
286 614
4793 7308
1846 4253
2111 4356
2705 5433
1202 1307
636 718
1976 2916
6453 8196
3570 5076
5027 5132
2394 2882
5346 5790
194 339
3979 5892
2369 6268
919 1174
652 8064
2009 5970
2887 4222
6570 8584
230 420
70 8238
1325 2609
517 2362
2666 5384
134 177
105 125
1512 2645
47 2410
1207 1709
4179 5514
52 6617
1289 6892
7069 8484
1369 4117
1546 3306
197 2334
2558 3149
207 2952
4188 4576
2832 5538
2657 4226
154 4412
707 1007
963 1147
3405 7486
42 5486
3575 8398
234 275
576 1735
5268 8166
2829 3731
2391 4549
1587 4687
1803 2986
4093 4908
1582 1627
5369 8585
783 3898
7504 8169
1291 3710
2862 3654
338 3322
2182 3052
183 1602
1558 7322
478 1828
470 2367
1488 2946
451 1495
1897 7027
6139 7191
4812 7920
2491 3977
1241 1981
1265 4134
12 161
5906 6101
831 895
4699 7954
2056 8537
422 7297
304 784
39 2469
153 4376
3177 3413
1340 6200
71 8459
597 7917
1269 1604
8194 8554
953 3409
3699 8150
47 1560
2160 2705
3715 4045
1509 4246
4150 8447
1281 6254
4148 5693
2359 3110
4279 5624
2355 8269
205 1937
6243 7846
595 3387
1955 6479
1108 1927
625 2755
1669 4194
3388 3982
1970 4592
1084 4214
5661 6550
704 7619
264 7984
64 1536
556 650
1053 5829
3589 4333
189 343
119 289
1619 4165
4716 7796
69 802
6236 6572
4870 5164
1054 1414
257 1896
2189 6024
1371 2235
948 7219
984 6961
3855 4662
3351 7025
2698 6597
2521 7267
658 5649
5975 6150
2182 2731
1187 2970
2005 2254
1731 1772
2007 6278
650 1074
184 2179
5492 6044
445 2034
3194 5470
478 2156
6156 6363
1262 3423
703 8068
7 794
992 4723
3304 5734
2945 5051
6637 7129
3931 6860
4817 4931
2346 2559
236 1120
170 786
4983 6689
2212 2588
2148 4855
2552 3007
687 8081
2171 3380
1029 4540
399 1106
912 1947
1593 3371
2757 7889
11 515
6389 6779
662 1347
2459 2764
3666 8444
3630 5495
3255 4164
3347 8286
81 627
173 821
632 644
3793 7635
5952 8573
946 3743
1028 4459
3020 8521
1199 2495
5743 6134
2072 5955
1333 4539
240 1329
1097 3894
2388 2823
2909 5560
5071 7095
454 5963
826 867
4125 5499
5482 8103
620 697
45 500
3487 4310
60 113
1207 3975
5099 5706
2724 4108
2447 3813
4049 8366
3388 8241
33 1312
305 7618
5070 8229
2732 6000
780 6384
752 2407
564 5910
5895 7902
6853 7168
2479 2612
257 1895
862 1412
2055 2906
4783 7277
5481 6062
36 37
2699 4790
722 968
1858 5775
3128 3647
1937 3560
2004 3549
670 3943
1960 4778
1049 5461
217 7482
2211 4957
1435 3621
1770 3444
987 5194
4154 5186
3407 3432
1371 3060
1410 1524
7725 8316
88 135
4736 5122
4098 5730
6020 8592
2579 2951
3611 4213
561 1127
1172 1555
1491 2623
7 128
91 2891
2102 5312
9 412
277 526
2222 2381
760 1720
7013 7946
25 3366
95 1697
682 995
2443 8173
6097 7373
6452 8076
654 686
205 2382
46 742
360 3684
720 4695
353 3543
3687 4140
957 7951
2475 2947
1686 5720
134 208
58 88
871 885
1356 6831
6643 7641
436 448
418 3370
1484 5478
13 14
666 2302
116 457
128 1211
6397 6901
131 641
3270 3534
1636 2562
2905 7237
2174 3533
1012 1362
66 353
429 1598
501 3799
1820 3431
4951 7079
2237 4803
1650 2784
6302 7214
1556 6256
20 4744
427 1253
4749 7756
1118 7232
70 3971
1592 4525
1551 7789
909 2067
938 3192
3136 3875
1157 6267
746 1097
2602 4538
11 51
638 719
254 469
2555 2696
474 2294
149 2065
1105 3259
2329 3568
139 1374
191 319
3704 6605
630 4404
2457 8420
243 1198
2297 3959
513 6623
349 1082
924 1096
328 956
1736 8202
111 2097
1815 7989
58 1379
301 541
2233 6636
2166 5542
4893 6142
1097 1589
486 7964
949 1437
778 6840
126 312
5272 8080
4551 6298
4112 7270
38 335
2492 3703
5156 6078
1000 1729
2584 5625
2244 8297
560 882
1804 5549
464 1518
2980 4804
1439 7685
33 789
787 2194
31 97
4684 8274
330 6282
1828 8062
1208 7744
1625 4166
3493 3837
2036 4151
20 173
474 1443
445 1258
25 154
6182 6549
2816 3824
1800 6408
775 2125
230 837
645 6199
504 1056
20 40
2242 3939
945 3210
3660 6807
1096 1179
1071 1137
125 4749
1551 8000
2261 2638
2212 5565
485 3692
835 2311
8341 8421
1059 7316
4363 7539
208 354
856 3765
190 3547
345 671
1029 3929
2007 5027
6306 8453
3388 7263
1578 3123
1187 1324
3136 4385
813 3185
1635 4254
1522 5447
4161 4206
167 1265
4010 8194
2796 3785
426 673
5855 7969
4720 6629
2634 4013
2708 3016
476 860
1078 3024
1293 2593
244 294
4532 5512
2124 5113
3424 5208
761 3552
2009 3683
967 2574
1069 8480
5764 7465
1506 6230
130 2959
5592 6719
1531 8237
141 326
990 6989
43 108
1012 4324
2542 3263
3434 8375
4910 5510
1558 2490
1868 4991
1638 1682
3930 6239
2457 3872
172 2508
573 959
2174 5850
2759 7512
562 651
1 23
1000 2212
1446 1894
1390 1904
2033 7649
2582 2949
231 403
1345 2252
8 188
729 3869
1209 7957
19 2250
1577 4321
102 804
47 69
757 1092
593 1148
1175 7790
1413 5333
141 1427
459 8323
1266 6287
2867 4063
6462 7578
84 771
246 4458
127 876
3754 4946
7367 7765
2736 4517
987 3712
1520 1829
123 3276
790 1617
433 4831
521 904
4852 8261
4580 5887
1224 1449
3940 7834
4622 5740
1200 7881
2119 2682
1141 6330
398 615
451 793
1636 8036
475 640
29 514
1499 3659
49 1159
171 2055
419 7342
7 22
447 879
4229 4344
2306 7871
2967 3291
3732 5305
1792 2232
117 133
651 5232
3849 5209
71 126
245 385
496 581
4366 6335
3784 5075
3701 3944
231 297
2011 3557
4729 5760
3536 7567
1653 6485
6168 6883
937 1339
631 4512
1629 7683
1935 2006
1796 4100
1441 3588
2222 8126
5319 6225
403 489
4553 7837
1717 4191
4014 7302
107 3063
6366 7329
180 1334
13 2557
107 1278
4057 4865
5473 6341
1173 1576
4288 7564
401 2791
2317 8033
2185 2692
583 1931
1263 5158
1581 3045
4082 4610
4630 5652
7349 7647
3337 3841
872 6111
668 2909
431 3388
1614 3255
6233 7398
244 756
4750 8263
5667 6151
3099 5425
2471 7531
2440 5040
1677 2539
95 1352
974 3842
570 3032
4294 5868
148 623
2215 6307
518 931
825 2257
2174 6810
1631 1919
1831 6464
1340 6159
582 3037
325 755
2630 3687
1022 4381
1024 2340
2337 4701
1102 2312
4003 7943
723 5909
243 958
1698 7328
689 6608
14 18
3096 4869
462 498
854 864
817 1544
4793 5259
5860 7698
2312 6811
44 100
3857 5830
2886 5643
1906 4258
1271 1408
5266 5544
215 1856
157 1594
6844 7045
1080 5419
3022 6221
1158 5675
746 7054
642 1646
4019 5946
5816 6639
915 1745
188 775
3115 7813
6735 7102
2872 3661
3907 4915
2068 5031
3956 3968
6070 8208
3318 5595
5909 6610
333 732
2110 3242
2144 4677
1340 1478
982 1328
547 4564
557 776
7243 7493
3927 5328
668 5366
5430 8309
948 2646
4158 7351
982 7916
434 961
8 336
6049 6711
44 102
1121 3014
2832 7556
913 7262
1349 1777
5917 5965
226 1088
297 2563
3697 7112
56 185
5136 8380
590 1273
928 947
4001 4182
4664 7845
225 929
3651 5008
181 1170
1417 5599
2348 4094
5750 6542
1696 7389
24 31
2467 5010
6020 7734
5467 7667
6682 8219
2974 4812
3831 3884
1568 8514
1158 1526
1677 4802
7334 7772
2164 3089
289 2123
1497 3086
1351 1418
392 3100
3751 5711
4195 5311
1699 5798
1096 2524
2236 4327
4545 6139
794 3587
406 7141
4771 6463
1613 5705
2389 3548
2392 3455
1128 8564
2655 7294
5989 8213
1911 3690
5567 5926
1303 8015
838 7103
874 3154
8234 8432
4566 4730
7461 8218
1663 2875
1308 1369
476 3544
7490 7702
217 3021
1140 4022
1007 3846
2677 3734
1688 7679
2687 4437
5602 5689
2237 4071
3687 5427
1893 4410
1619 5753
2196 6947
118 731
387 654
1819 3105
429 932
687 1062
4457 5352
2176 6861
237 2350
3975 5175
392 2996
2533 4792
423 2197
4646 8205
2614 4548
5190 7623
226 5915
37 1440
178 1545
419 3707
307 4955
4623 7897
3448 3639
1555 4082
85 6528
5701 7061
169 928
3661 7783
709 1435
3 7588
1517 6258
2084 5252
41 746
4838 7295
3971 4139
5733 7041
4469 5631
3640 7637
175 497
2710 4363
963 3979
382 445
1618 8154
1946 2387
1141 8404
22 7215
574 5897
5844 6304
4027 6704
2185 2265
4805 7622
2424 7116
4297 7664
240 1083
91 4854
1267 5340
208 263
3833 7639
1392 1679
4004 5593
1179 6030
184 3160
622 3301
837 5986
3460 4674
7 2258
1809 2329
4196 5822
836 4917
1643 4262
2968 8273
586 7847
5518 5571
517 7593
5582 5796
4497 6877
212 8278
66 8280
4550 6579
3461 5440
2540 3469
102 6931
1546 3657
158 1814
494 1205
2478 4499
1261 1450
2072 7018
752 2404
5528 6858
10 13
4412 8018
6495 7885
2325 4374
92 3146
4929 6414
2710 3900
3332 3535
1107 8291
756 781
444 1290
852 5846
4391 5704
396 924
12 206
2940 5225
1680 6466
356 1424
1685 3015
85 495
3077 7096
3437 4636
817 8140
3776 8353
3125 5375
2391 4907
5012 7402
2379 3740
2075 7369
861 1331
5902 5978
1669 7205
3364 4120
2068 4453
1089 4939
3548 5606
5280 7407
950 4077
2895 4421
539 658
733 2436
1963 4160
593 1667
1231 5411
1222 2331
101 3078
891 6851
2093 2749
4814 7365
603 825
3733 4633
334 3125
2360 3945
624 1476
1029 6518
2150 3382
6396 8246
3149 6620
4371 6702
3301 6927
4428 8322
3561 4669
547 1269
417 1459
5178 6827
1177 6992
2505 5860
902 7259
819 7547
76 537
2259 2414
4600 6979
3971 5865
1536 1994
2776 3342
10 117
62 358
3033 3073
704 2127
5854 7454
166 387
3806 5329
447 1296
418 5456
1380 1622
158 1240
147 2575
2726 6567
266 288
304 1982
399 531
398 3718
2653 5627
2311 4332
2440 6809
793 2191
389 4231
2735 3393
1840 3757
724 3090
1567 2849
481 4469
2787 7906
186 607
6806 7242
1094 2500
1249 3493
2445 3189
1532 2319
1913 2558
6006 6682
1461 2740
1223 7258
2073 4438
1374 2431
406 4129
575 5123
5215 7843
446 1969
6208 6828
2384 3835
213 1102
1884 8292
1536 2902
2170 3286
1268 5879
101 479
723 3247
198 587
416 5239
2121 3355
1671 4243
212 365
160 5327
94 5871
912 949
3409 6878
137 670
1323 5518
6154 7323
4192 6366
5960 7235
6568 7410
1955 7395
5610 5811
527 1879
1983 7634
5779 6163
1539 3269
3739 7699
1160 3167
208 377
766 3778
4387 7646
1689 4016
984 3171
352 5196
621 811
132 891
1610 1748
786 3809
1619 6202
1628 3178
262 1666
4079 5023
1112 1639
1620 6404
692 8270
455 748
1319 1578
326 699
1376 1869
1503 4845
601 5527
3007 6097
6291 8071
33 36
330 4339
2603 6469
121 3481
426 7310
3025 4291
356 2037
2421 2512
5072 6269
2693 8618
1415 2631
550 1542
336 2422
1069 2751
75 1722
7378 7535
1986 2243
1104 3233
454 1925
4847 5109
4156 5431
4720 6645
2897 7811
2126 2905
1490 1540
1643 5579
907 8439
1746 6003
434 7689
1954 2458
2971 4874
1329 4020
1152 6295
1065 4201
508 2665
233 2883
1785 3273
1332 4567
2205 3663
3505 4317
1620 3914
1369 3013
247 4416
2061 2816
69 180
5395 8418
1046 4408
6761 7293
3918 6666
1743 2498
1278 7757
4928 6675
3072 7522
1166 3656
1849 6521
586 2499
7975 8409
2287 5502
1027 5004
1350 6655
4137 4518
4588 7391
5179 6552
629 1550
1621 2809
197 504
80 6461
2269 2413
4217 5191
55 101
177 217
2490 2741
1905 4837
2277 2339
1281 1375
1842 4041
3184 8529
198 923
718 5890
1985 4169
3571 6190
300 5423
1880 5064
1723 2683
3314 3852
1884 3202
3769 5197
115 482
849 6090
3170 3360
1673 8390
285 1183
2410 3571
4072 5142
248 4427
3325 7243
1354 1592
97 7424
179 1224
755 2095
206 344
3602 7997
1294 1964
194 1245
297 3389
1975 2468
1 6350
35 145
40 6346
382 4786
3120 5081
845 5884
3226 5515
1381 5029
1911 6701
455 6681
2475 6153
764 4691
3927 4712
2038 2394
4852 4905
1854 4051
5746 8617
463 1885
1814 3716
210 2384
519 1708
1168 2936
411 1541
1986 3935
121 691
885 6033
6983 7605
354 1274
7857 8505
3829 5009
6132 6390
304 2088
1034 2622
3872 5024
2739 3889
1012 1938
921 4127
2554 3468
244 7505
1552 3415
4393 6331
1255 1315
2259 4277
4028 4038
132 468
1874 4244
4612 6092
733 2326
505 1970
2524 5741
5595 7117
2551 8260
5651 7418
3227 8048
7648 7990
74 2233
3613 3790
2414 3108
4441 7479
1190 1599
102 971
2785 5891
5808 8522
1675 5231
1001 2768
4888 8127
4326 5547
296 7652
1822 7967
3343 7691
6424 6472
1763 6109
1186 1529
222 3363
202 592
2716 7115
1808 5337
1100 7047
912 8191
615 976
4691 7716
1369 2370
1016 1252
201 4004
725 2716
2739 4649
4276 7471
1298 6734
2424 2707
3096 6628
2520 3942
4995 6819
61 2092
2459 2854
4722 8153
2760 3827
400 409
1663 2082
11 76
134 2736
6213 6365
81 165
2997 4681
2031 3094
862 2237
1806 2520
1952 4670
4023 6546
3850 6531
555 4084
2086 2859
3205 7376
6010 7128
3101 4487
3142 4836
5134 6595
690 2865
3138 4239
619 2073
717 5285
4866 7788
442 636
6965 7394
4428 6805
2257 8406
528 5397
3953 8368
3050 4167
2932 4345
3534 5019
265 1038
5 1661
6971 7078
4051 4667
4584 5284
343 728
2585 3378
1895 3182
719 3579
143 481
5731 5844
1991 4466
1025 2911
6546 7230
838 2029
3529 7266
4597 5321
568 6948
3385 3918
2388 3751
1256 2470
4076 5463
2172 2278
2148 4986
894 2315
1529 1918
3614 3650
1107 2015
7054 8314
844 3448
355 1001
378 2399
1869 7762
173 3112
560 2710
146 3450
205 1297
1664 3732
98 8445
1446 1596
316 422
28 645
2108 3027
121 210
904 1111
28 139
3861 5093
580 2452
1198 1995
266 955
4186 6960
880 1332
2567 4462
280 536
2228 3607
1571 2323
135 351
1794 4061
4200 4688
5954 7778
2068 4076
323 446
7873 8295
5128 7713
4128 4596
4639 7183
940 6283
1162 2838
908 1066
655 1866
189 382
4005 5826
22 6443
2558 4295
2420 6091
4325 5274
871 5242
4409 4998
2386 8037
102 104
3437 7854
992 6392
430 3438
312 660
4247 5057
2452 5200
158 2373
1986 3275
2401 6776
4817 5227
7405 8478
995 1688
5112 5467
947 4270
4100 4982
305 1546
2836 3350
635 1002
1986 7844
324 330
3112 6856
361 741
2500 6434
6917 8016
1469 5580
122 324
708 760
1588 7463
1180 3996
1206 1610
3852 5530
341 1242
500 2648
2915 4025
4206 6822
477 619
7345 8171
1081 1271
961 3280
2852 7152
1421 1480
403 508
2125 3676
331 2012
1948 5656
680 693
6649 7948
3284 3376
758 6514
269 3472
4992 7256
1147 1792
1728 2834
1323 5035
687 2629
536 3442
18 5957
4508 8463
1901 5783
2761 3836
2230 3555
3650 6110
4831 7708
1391 2282
78 1140
1380 1924
917 4186
201 1015
256 3735
1593 3480
867 1021
474 920
60 703
3288 5380
3324 4198
4824 5386
120 4932
1172 4574
138 740
83 134
409 4769
992 2426
3134 3219
3551 4461
294 1870
1371 6649
2027 2581
1364 6660
1811 3196
777 4158
4003 7773
236 2548
7635 8096
3116 4080
6299 7572
5348 6606
2894 5240
2445 3569
3229 5985
2302 4142
6959 8272
332 441
3994 7801
6205 7155
913 5267
5560 7853
8272 8415
92 2989
3628 3988
6095 7804
5472 7110
356 4107
531 3857
762 2135
6584 6816
1764 4238
1442 3776
726 4537
1368 1835
1947 7241
1790 4489
619 5563
1288 2543
3313 4657
5702 7448
648 3457
3407 4278
2698 8148
474 2713
6752 8254
291 957
2695 4840
919 1068
1557 3992
1162 1886
206 5046
3141 4157
7140 7392
2804 5873
2061 3038
3526 4285
4476 6922
3944 3954
34 44
2118 6751
1434 3419
363 735
2813 3720
2295 3708
1176 3227
4230 4503
2173 6920
490 854
6340 6781
258 5925
252 975
1827 2450
1732 2287
7656 8304
5655 7085
226 2002
1463 1910
3170 3326
39 5114
6413 7231
3004 4486
5642 7836
1504 3858
4613 6423
655 6013
2572 3856
707 8450
1001 4507
41 284
2287 3033
1622 3377
5400 5761
1430 1496
4255 5788
7090 8533
4884 8572
4294 5770
3368 8187
2508 7043
62 726
302 6324
1558 4571
1165 3374
32 207
950 1455
2373 6095
7 529
3865 4632
313 1373
278 785
2576 6428
1311 3161
6645 8488
3728 7071
3033 5359
2647 3651
1736 2923
1116 6191
1639 3197
1167 1626
3 2153
5010 8411
33 35
3308 7179
881 3240
216 427
3117 4266
1446 4273
457 6234
3391 8017
2225 4097
2669 3157
1253 1871
963 3168
1629 1876
874 5377
589 1301
749 6369
744 1765
1550 8098
262 1571
703 993
68 401
5312 7903
6067 6731
4206 7799
4395 8383
154 1101
1108 1227
4640 5616
5270 6262
7206 8188
2260 7999
13 55
2572 6958
338 1674
216 268
1507 3321
5310 7377
5882 8177
2941 4870
1256 5911
429 4188
527 925
2536 5272
2367 5899
1506 7298
3588 6227
1760 3402
397 6670
58 4294
147 3072
515 5045
1610 3454
3168 4405
3984 6471
1804 5950
424 1818
479 2246
932 5438
2576 6624
97 1116
2726 5413
723 2091
5968 6081
249 2117
270 516
2232 4708
3706 5426
96 233
951 4719
2147 7250
5753 8596
380 3289
4539 7786
4789 6503
6021 7717
2586 4588
5734 5966
671 2044
6024 7743
1078 2053
1773 5596
50 54
749 6506
639 5289
1940 7470
274 4367
168 5248
1366 1807
240 3130
979 1533
192 492
2025 4280
2434 4822
3178 5334
1616 7759
2744 4255
3625 4684
346 2890
429 6761
1541 2007
197 852
979 2910
2531 3114
3591 4569
1440 4232
890 7431
4396 4623
1514 2511
3985 4229
329 361
958 5961
2660 7212
2885 4426
1837 4942
2865 5261
735 1647
36 2660
5262 8595
280 5221
2519 5552
517 605
373 3022
25 349
339 525
1603 3406
3971 4799
2044 2621
1148 4873
5696 6575
4 8
1925 5497
2644 3381
1193 4732
591 1146
135 216
1203 3288
517 4835
38 589
874 2565
5992 6011
113 3646
5804 8335
1900 5068
167 391
859 1841
537 2577
482 657
769 2637
2303 3055
8016 8206
497 1853
1419 7720
401 7581
6179 7035
1644 2177
235 3278
1840 2276
5583 5821
2093 2425
1408 6316
4654 6500
319 591
161 6857
4159 7751
3823 6137
3147 7921
4609 6516
66 2158
2007 6188
1175 1426
4182 6309
678 2033
2467 3329
6220 8616
2730 4513
131 410
515 584
943 4023
1307 8487
3338 3974
826 5410
2967 7824
638 1917
1127 1629
3 9
661 3212
1467 8201
826 7177
2790 4109
3392 7684
1053 1061
506 767
2571 7498
2938 4431
4985 8228
1194 3917
758 3811
6306 6691
910 2084
3213 4210
2 129
2123 6950
451 598
2541 3951
344 712
5004 6657
3466 6207
3018 7950
790 7476
3775 6533
483 6710
809 940
55 3628
911 3478
3135 6439
112 602
3881 6582
667 1804
2781 5640
1084 3075
4360 5172
37 1830
77 1132
224 585
2922 5421
1828 2116
1355 1535
363 1988
1098 7154
4394 6853
1307 1458
481 1798
735 1935
6886 6970
3168 4200
3493 3559
5375 7307
2417 2813
3161 6497
320 2672
1985 5534
1935 3967
2125 2322
542 5250
2079 6663
1922 5878
1672 1845
3961 5940
233 1075
4428 5794
4621 5422
570 774
926 1181
730 3521
820 5678
1396 4456
210 709
1582 1877
5330 6012
351 463
5986 6116
5514 7172
27 462
3767 7781
5734 6353
112 1702
1632 2182
224 3035
3860 6129
2077 2606
2023 3932
2299 3239
980 3698
1953 4990
214 1256
3162 7577
1150 3729
1003 2907
914 7013
3961 7817
2302 2514
6888 8412
4424 6232
7417 8159
3134 4608
266 569
3967 5473
4262 6499
6854 8011
1890 3564
5487 5988
2622 5610
195 7830
4995 6132
3888 4960
5566 6557
2279 3018
1410 5816
127 6127
911 3753
2256 5306
1256 5924
3191 5858
3318 3358
84 8611
953 8240
1092 8508
5895 6957
393 1236
7258 8523
449 3267
421 2847
716 1539
4844 8288
1282 8101
150 983
1784 6021
2719 3215
2640 4054
3017 4748
583 6113
5133 6772
4046 6386
1829 7165
3355 7821
3306 3600
1663 4008
1349 4387
2630 5947
4456 5733
3115 5234
738 4032
4639 7473
765 8077
275 3728
3716 6838
223 769
379 425
3277 5358
452 696
677 1058
1914 5354
2429 5294
5 214
208 865
834 3218
2369 2860
1955 3638
4239 4251
2178 2356
5297 7832
3251 3815
4 2313
66 3435
278 5916
2878 5104
5793 8255
6450 7275
1431 2861
4828 7592
746 1133
2614 2837
5963 7753
2941 8289
1971 5787
5272 5673
320 4242
86 2960
1043 2064
6728 7660
1504 4651
243 1261
109 4918
2980 4640
6829 8574
5563 8379
3182 4713
790 2605
225 1131
2199 8248
69 112
3292 6059
2616 3466
2081 2421
3616 4959
203 558
5118 5291
3256 4826
4760 5210
1467 2597
56 3323
739 1872
2247 4021
2474 4290
594 4727
1007 4663
7234 7669
2791 2895
1104 3665
2201 6002
1880 2587
5066 8134
3488 5979
2982 4916
755 1747
1974 2929
1988 2144
6825 6915
7123 7887
780 1977
1139 1167
1940 3339
167 4370
1625 2735
6254 6903
4644 4660
2273 2892
6184 6789
457 919
2888 6181
3328 3562
1232 1774
113 1967
1005 2195
3361 7413
500 1456
3069 3316
457 998
2468 5537
1943 2969
8189 8456
2957 6913
4300 6336
5355 8498
2234 2336
688 1310
2537 5143
324 594
1867 3213
4508 4728
5249 7981
1306 3214
1361 3209
2492 3950
61 520
41 7771
3926 8341
662 2056
2257 3473
1330 7536
499 4833
5275 6070
1778 6277
1318 6374
2804 3159
2304 2733
3933 7003
520 8086
5832 7519
232 264
5542 5919
4684 5011
2841 4203
3134 3682
3196 3930
1838 7362
1142 1673
4787 7644
4266 5680
3802 8271
4000 4444
2582 7613
889 1875
2378 2826
3784 6800
174 400
1715 2602
3711 7161
3849 7550
4513 7542
1406 2998
3445 3713
1381 1648
2065 3194
1579 1907
31 790
239 287
1270 1787
742 2175
4841 7918
1197 4811
2100 5874
1679 5347
7671 7840
543 2309
3166 4296
2252 7545
140 4181
931 2697
3775 5203
3627 5943
570 1210
1916 2456
1793 3689
1825 1983
6111 8186
252 2133
4663 7856
976 5793
201 3902
871 3972
210 1231
239 5303
2810 8065
4384 7044
518 783
3888 8509
2441 3345
1822 4121
3186 5448
3973 3989
1261 5017
1085 3964
2486 7233
4061 7514
3339 4124
894 3042
1397 2160
3458 7446
563 5323
2048 3921
649 2041
596 5417
1099 8393
495 4627
106 744
1543 4195
1571 3340
765 2974
499 1225
4295 4478
224 4764
980 1156
4507 6676
1002 3031
1400 1908
517 3747
19 364
1050 2119
521 997
813 1081
702 1453
720 7678
1703 3804
467 1508
4078 7453
4493 5362
652 1583
210 5658
5959 7891
339 399
1118 3471
316 534
668 2269
1065 5424
1036 1402
858 3498
3 4
1581 7645
5 1011
593 1108
4946 7279
4304 7590
349 894
635 7178
76 166
1413 7005
1704 3134
2262 7325
4799 7458
735 7399
2772 3573
1657 3463
3561 6187
1274 3891
5224 5564
4286 6400
453 4395
6118 8167
2071 2106
123 2997
3462 5615
60 64
585 2168
1296 1522
2412 3867
612 1779
690 1149
1896 5072
879 1530
3247 7882
4146 8001
837 7774
8206 8613
5364 8471
251 6286
2937 5823
3571 3686
1070 4364
7149 8548
31 70
2581 6456
50 285
3196 8367
6640 7785
3034 3903
18 309
478 780
2244 7721
1405 3436
4331 7727
1365 1566
6223 6869
1692 4298
138 6565
198 199
1031 2039
47 480
5170 5464
1276 2957
1733 8354
1543 2049
1007 1949
6477 6588
4546 5896
5133 5677
3164 3882
3082 4488
1702 5729
5098 8604
1482 3290
1920 4414
43 5682
2794 3739
118 733
72 137
543 893
500 7360
5161 6243
1006 2573
215 982
2072 5001
43 5818
4749 6382
3682 4759
750 7502
3941 5254
4077 8207
1689 4693
809 4089
2915 3655
43 621
27 6561
1709 3603
6332 7600
255 1306
212 2879
6401 7694
6173 6642
966 981
322 7617
3844 4211
2402 3296
4300 4943
858 4359
2366 2931
3114 4882
13 851
561 2275
639 6161
690 6357
787 1551
4033 4767
2747 6938
3808 5862
3404 5480
403 3969
4091 4834
4459 6753
44 415
3799 8440
4791 7827
6 16
4261 4963
737 1383
3055 6706
1618 1811
979 1103
336 2608
2942 7863
4053 4620
898 934
257 705
187 2184
7274 8551
7019 7568
184 7282
848 4189
2405 5951
1839 7234
1548 1771
4966 5396
481 6977
1207 3885
2117 8138
1841 4250
1616 2501
5653 6378
179 314
2151 2494
1557 7525
4045 4698
1452 1525
2255 4570
614 2516
1309 2489
75 390
1684 5326
1644 7861
87 2028
7064 8209
1508 6421
1022 6264
5100 7289
355 5666
931 1165
3406 4323
1984 5435
2562 5971
1303 1630
630 896
371 408
3792 5776
265 624
949 1313
52 4018
4575 4852
1378 1658
2807 3066
2468 4661
1082 2303
1893 6507
2861 4484
599 5295
3846 5645
4766 6413
2991 5920
2188 4565
425 2670
166 1160
1677 4547
282 1244
4274 7730
3159 4646
577 4423
372 8210
327 823
668 2674
154 900
6064 6349
5690 6490
3600 7998
5554 5607
316 2048
69 527
5027 5482
6174 6904
3620 5183
2514 5493
1450 2155
3342 3368
4457 6502
1115 3980
2549 3497
292 7503
4144 4609
2290 6320
1861 4497
2909 4934
26 2220
4521 7089
1442 3395
1591 5083
757 5752
301 502
5938 7015
1228 4910
2177 6105
126 1656
369 3207
1123 1669
3671 6135
2208 5681
7241 8284
1218 2189
5464 6086
879 7236
801 6644
2392 3034
4093 6446
1780 7284
3099 8118
163 2718
3095 6513
5185 8448
3719 5101
667 3109
1969 4062
1511 4666
2331 2379
11 611
2306 3176
1561 5292
22 29
4555 6870
1639 2940
1799 2419
2305 5972
700 2188
858 2534
4817 5737
2892 4225
36 3717
3085 3260
1937 4637
5438 7123
947 950
305 389
4145 4703
4004 7629
851 5665
1982 3597
128 1701
1461 5572
3978 5725
3858 8130
5534 6238
4565 5378
427 507
2300 2698
1684 6591
1129 3724
195 3019
1009 6980
643 2990
927 5933
2734 3847
8180 8427
1160 1803
548 560
2238 6371
379 1036
567 5948
367 869
4559 7658
602 1016
135 1588
1811 5792
3781 5346
3248 7253
367 2800
1478 3349
1345 7419
372 652
213 1164
6951 7576
24 26
6208 7886
1439 6876
1187 5432
435 7546
649 3963
140 1399
1229 1251
1404 2594
6380 6832
5650 8369
347 1073
446 2893
430 963
3388 6001
1824 4003
1252 5936
6278 6364
1569 6436
3647 3861
1335 1623
1965 2226
2952 4383
3110 7439
3052 3230
3960 4207
7145 8170
1431 4664
4479 5802
1642 4377
817 3800
2701 5491
3110 4501
980 1367
1106 4947
7514 7961
6655 8293
3933 3995
875 1520
2385 2611
1668 2327
3904 7002
3879 4349
5592 6197
1789 2554
4252 7397
3177 7955
1916 4557
431 7812
3365 4936
2529 2678
5964 6543
1024 7204
114 6263
1544 8279
264 2416
425 759
40 1659
161 449
1855 6916
141 366
818 881
127 519
2916 6880
2732 4448
2869 8320
2302 7160
18 922
763 2856
1083 5460
1312 1717
1359 5506
4035 4388
4416 7780
4508 4650
1539 7633
366 501
7751 7764
58 1086
54 3087
828 945
2487 6509
2113 4162
574 655
2427 3138
269 827
578 4342
2456 6959
1464 4559
139 4495
4662 6424
1625 4088
154 1645
5233 5803
6881 7249
3081 3314
294 1233
1743 2273
475 5408
3608 5569
16 20
3362 8503
2045 5494
2076 4994
109 7835
182 4971
249 4966
1608 3851
750 1318
7267 8222
4967 7895
946 4335
1533 2789
2653 5476
667 2295
1942 3003
2623 3758
1972 2994
2266 3265
3099 5852
7423 8163
859 1024
4112 6668
3702 4196
132 1861
2512 4648
3738 4544
4417 7947
547 620
1135 4887
261 5804
2093 8141
1186 2466
4124 4546
3533 3595
87 223
2980 5049
2398 2402
3980 4624
6211 7332
6797 8518
3468 3680
901 3097
2555 6524
6200 8078
1501 2967
1826 2001
3149 7815
6265 7143
7506 8417
2504 2873
2513 6018
4701 7151
127 1239
3580 4282
499 4911
3274 3668
4732 7087
1789 3722
49 81
2360 2684
2140 2894
6678 7386
2588 3328
5943 7464
178 1660
7186 7335
141 2446
4506 6415
4924 8161
534 2686
15 248
6772 8511
746 2344
3840 4039
1134 5118
1589 4078
1444 8256
1423 4685
3750 4375
375 1422
871 2307
742 2817
34 2732
4828 6968
4408 4599
2586 7459
2351 8070
2503 2984
2667 7313
5845 7434
6803 8469
2934 6996
201 222
1123 2388
988 6558
1283 1516
2427 4286
6775 8601
531 3892
1007 1436
178 2497
4827 7749
3003 5199
1673 3145
3529 3615
332 2008
1494 2744
1436 6817
1101 3315
667 6388
55 4125
2819 2972
4206 8073
2106 3862
3939 5576
3605 5900
103 8082
3637 4641
2515 4216
669 5819
839 5167
447 3705
1727 4389
1165 5650
775 4014
4865 7626
1907 6600
2426 4733
3214 4114
1786 5170
4954 5379
476 762
1109 1309
1200 1327
4 6291
1970 2522
249 1043
939 1029
1077 3613
755 4126
2890 2944
786 2978
1263 4184
693 4631
19 293
4988 7122
6776 7907
1772 4420
2727 6178
5057 8124
2430 5832
596 604
4144 7688
6469 8528
7321 7544
373 2141
2079 3050
3769 8545
52 6354
49 267
6999 7055
6643 8165
578 1468
2045 7269
2592 2754
48 116
1013 4007
755 7638
49 305
2065 4950
3180 4926
5282 7687
1994 7584
2470 5634
1407 4988
1212 4921
6150 8397
1565 2016
1638 7303
563 678
1668 5917
2481 4607
2163 6031
5125 5212
1593 6890
1615 2005
698 2003
1210 1916
557 3673
1831 2105
118 200
5373 5543
4722 6875
1903 1999
1035 1689
420 1881
1060 2547
917 5504
8158 8438
2108 3873
2588 4328
1807 2647
1992 2096
888 1888
3513 6855
552 842
2705 3526
4154 6997
36 159
48 91
7546 8039
544 578
5684 6192
1240 4533
1816 2717
1189 7238
422 3906
1483 5626
5473 5635
498 861
1288 4519
1781 7433
4201 4886
4508 5074
5089 6952
3620 4155
1164 5958
1368 2060
618 1951
6770 7164
149 1822
3738 4463
7370 8107
679 6852
2322 3492
1676 4787
3005 5331
323 424
1250 6560
6467 8072
2569 4073
460 7538
291 1477
1905 2178
1989 2256
5967 6185
1019 3545
668 5928
3374 6871
2793 6654
2396 2536
7992 8106
1185 2667
3066 4079
32 439
5879 7048
246 5953
881 1634
2688 7281
4225 4604
6170 7965
5017 6422
1703 6690
48 57
868 4170
2641 4551
4142 5894
146 1580
512 902
190 1640
4822 8174
3676 4697
82 228
60 2726
7967 8245
1625 1727
2206 2555
2690 4883
3384 4303
3430 6523
485 1035
2708 7208
4927 5836
923 7272
771 908
546 1121
6338 7648
4424 7604
1404 4694
4434 7008
2382 8391
4146 5701
2292 3282
2652 5731
2111 4814
54 2204
3181 7175
640 1448
605 1054
4605 8152
2062 2695
3347 7319
4085 7300
1972 5799
6146 6632
2026 7024
2444 7062
4211 6700
3007 3294
3696 4030
1928 3122
6622 7218
3911 8097
906 5685
832 5880
1569 3173
3048 3065
1493 5619
3575 6270
3891 4643
2798 4506
4644 8532
33 4523
909 3113
985 2457
3356 7010
1116 3792
5681 6358
826 4999
2106 4234
2827 3439
3367 7229
6443 7802
847 1246
1265 4925
547 5992
943 5146
1198 1493
4731 6929
804 4536
4518 4653
6219 6491
3290 3730
3138 7928
3777 5315
3315 4841
1968 2745
1589 2010
2676 4862
2044 2050
180 1941
4894 5598
275 3030
1389 1527
128 4472
46 6677
2154 7276
1733 7450
3068 7972
3811 8468
6932 8431
8508 8569
6590 6987
3437 6241
1789 6625
550 2043
3415 4773
211 2613
4414 7106
900 1564
1061 6573
3075 5465
1494 7750
1672 2069
3460 7105
729 992
1294 4384
388 2804
1550 2430
5441 6803
1233 1756
5335 7026
2752 6647
764 930
1349 1615
4163 6182
128 476
5392 7962
1125 2590
4800 5063
324 2136
2640 3953
1494 3190
962 996
417 1050
690 1173
3944 8500
1588 5613
1031 2173
715 8034
5085 7171
464 2614
5455 6048
7830 8402
3120 6240
4639 4725
2175 2650
1793 4941
278 2288
5396 7019
863 1045
147 1277
165 225
85 131
608 689
850 1797
872 1740
1173 5181
1807 3808
901 1044
167 1465
4864 5568
3920 7676
6635 7274
2495 4816
1826 3572
537 3298
976 1989
6139 8047
1377 5995
4799 6054
4052 5399
86 8467
1006 3071
866 2778
926 2224
225 249
3229 5710
3495 5258
920 1652
3880 3923
5648 7414
35 1039
63 813
3211 4788
19 368
5529 5611
2733 4149
2195 2208
2364 2999
104 8464
69 3205
1126 5969
2394 3517
4146 5648
1652 3221
581 6251
182 666
6171 7072
4095 6451
684 1057
1093 2655
912 2719
2488 6662
139 322
107 5838
995 1942
2747 3797
303 1791
2723 4877
5854 8491
4903 7059
6267 6863
4112 4875
180 193
66 2066
139 378
4403 7056
2019 4872
74 191
108 3570
116 7188
392 6778
1470 5220
2993 8236
770 1628
6207 6796
37 2987
4638 6176
553 2406
75 3886
3178 3890
5251 7347
1720 3346
7703 8053
296 1070
4971 6768
460 989
6907 8475
216 1993
2175 3011
7 15
300 540
1492 1900
858 1051
4627 6522
795 3443
17 472
3506 4810
1884 1975
2385 6112
1652 1882
187 2477
1341 2338
5986 6792
1671 2925
5427 5628
3 107
704 1079
1756 7057
326 452
1329 6014
195 637
487 630
113 622
2449 4205
1895 2799
5058 6274
2344 6219
916 6253
260 887
1260 1998
4686 5005
4386 7777
465 6246
492 6813
678 4797
2602 7543
6189 6884
490 845
970 1499
1276 2903
479 3504
3941 6360
5529 7509
831 2567
832 3093
1675 4368
1839 7456
1395 1956
846 1162
1312 1431
783 5617
709 1305
4543 4813
1838 7565
290 4130
4918 6739
1118 3949
1011 4587
2305 7661
564 846
226 2739
1667 1816
3146 4524
932 1270
6276 8599
982 5026
631 7850
3527 3999
3149 7628
3982 5003
3165 5562
5762 5906
2461 4434
4536 4699
2513 7383
4275 5756
5030 5265
862 6152
769 3222
177 3727
2296 5566
1681 8515
1857 1930
588 674
3463 3499
5373 6548
2226 2361
1276 2632
2098 5993
2087 4017
197 5508
5012 5688
1251 6835
375 858
1129 2249
1840 8482
2725 3068
1015 1488
6213 8042
459 4758
656 828
3590 3806
2356 6777
6003 8598
11 236
1153 5778
3816 6843
4320 6075
1567 2453
722 2396
2615 4049
3440 4118
83 2440
6091 7561
94 1283
2335 7601
4751 5133
4181 4301
713 910
150 2480
719 2004
2411 3367
225 1280
4918 6228
52 167
1997 6131
465 1230
2018 3070
518 1849
711 6201
1377 2824
1080 5973
108 174
210 2712
5062 7427
1445 4515
440 6361
110 124
7809 8199
5108 6748
890 1291
1116 6474
704 1340
851 2971
456 1695
3624 8296
628 7352
463 1570
1394 5429
1711 2432
6502 8458
6288 6370
5169 6124
1054 5754
2240 3254
7590 8575
3505 8493
107 298
891 1637
128 4249
531 3069
1 2
74 1922
4042 5738
404 647
6355 8158
3444 3565
2389 5845
83 5574
63 3961
4264 5848
18 33
1806 3320
6598 6641
2017 4340
2373 3987
2527 3620
52 218
5178 5442
586 3759
2503 8232
7112 8370
4996 6041
1134 2653
1792 4123
3366 3715
3867 4072
1488 2174
2325 8423
299 2775
1948 5168
5632 7808
2116 5975
2368 5458
114 2054
2819 3741
3916 7140
3787 3948
265 1272
7551 8560
2500 6323
918 2448
1765 3193
509 4352
2875 4500
54 1381
1293 1473
2243 3405
309 830
2353 3983
4311 7488
1183 4496
203 2181
1690 7610
2705 3513
73 85
62 271
258 3143
2377 5364
2083 5744
6012 6943
7476 7930
794 1292
7750 8243
7181 8336
5062 6100
1412 7137
2984 8441
3132 6902
2336 6833
5039 5952
5843 8520
2907 5260
417 2014
2812 3554
2062 2353
811 7210
1627 6616
2301 7714
841 2270
1330 1762
6717 6874
1346 2702
1598 4447
461 752
362 3490
3003 3614
281 1279
6028 7492
3081 6581
7446 7910
62 2167
8093 8361
482 3641
188 797
4895 6717
41 71
56 198
1162 2140
269 5105
403 524
4852 7586
1409 8092
4048 6492
3907 6293
249 613
671 6157
3872 6060
1430 6783
3153 3831
1253 3040
1011 1348
4387 7052
80 1228
1559 2782
1350 2079
4729 6082
96 153
43 328
23 633
4083 5263
32 1262
3185 7595
1732 3887
1775 6115
340 978
2294 3848
170 1600
51 7299
1320 2435
956 5782
27 158
2195 3245
1006 2321
796 962
5248 6888
192 1175
1497 2134
112 5960
1274 1905
2215 5401
237 478
2480 5810
1959 2604
3389 7909
3399 4805
6226 7642
5246 7312
4497 5317
3672 6505
1166 3697
731 2236
245 698
2266 3001
33 46
502 787
251 2664
619 1890
4447 8531
238 321
2656 4053
3919 7435
279 6534
5137 8298
5113 5835
3062 7030
4072 7877
7096 7158
2542 8435
921 1479
4100 7247
3226 5344
177 3871
4679 5930
1827 5179
2124 4057
255 277
595 4034
1008 1750
5319 8437
179 7363
3663 7841
3048 7333
268 332
3111 4532
3385 8220
5741 5763
60 1950
1231 1561
1363 6743
3716 6887
4690 6096
1664 2538
427 685
3517 3850
3477 7742
247 1554
340 720
6710 7182
1056 1612
2273 2455
232 6406
80 237
3011 8607
163 1846
1692 5462
595 1356
3169 3347
264 2330
2433 4683
424 722
4749 5914
5872 6222
522 7925
97 300
2382 8102
397 1316
2242 3940
2969 3079
400 6175
796 1141
320 606
1820 7534
3063 5742
2027 3077
3011 5883
1963 4689
1882 2808
634 3085
8019 8496
7206 7443
4716 5489
7348 8555
536 2444
656 717
1272 2770
8 7540
1782 2113
7292 7690
1257 3039
68 663
905 2579
5679 5805
5590 6607
115 127
1413 2738
1838 3236
1759 4554
2813 3103
3669 6180
1214 1364
1087 6569
2 43
2123 2827
318 1865
2379 4721
4026 4175
1098 5070
372 567
5629 6136
1001 3241
74 2205
350 369
978 1145
927 1767
3306 6982
49 1285
2498 8223
975 4928
172 3648
2756 3304
376 1008
1311 4761
6039 6563
505 695
3641 5902
1980 4256
4096 4824
585 4851
2524 5391
2039 5702
688 1575
4193 6893
2433 7380
2637 3881
5508 5647
2658 6535
1083 5474
963 3285
193 6411
924 2300
879 2262
3712 7199
1450 2305
1056 5230
7672 7839
1179 3916
710 1166
183 229
4765 8189
4110 8144
1840 4729
655 1446
1936 2207
4757 7705
3800 8513
4448 7190
850 4319
3808 6637
206 269
4056 5058
4304 5785
1297 2291
156 4417
977 2304
7492 7573
4197 4265
1423 3452
3504 7580
1480 4861
1044 4268
402 5758
597 2855
3390 6247
923 2728
613 702
4793 5192
45 521
2172 6372
456 2711
408 692
5415 5982
2459 2673
7211 8262
1899 2531
193 304
4838 5217
5102 8546
3530 6427
1723 2372
3144 5038
1283 2343
651 763
1278 3250
2094 4095
2172 2640
448 1371
2599 5786
371 510
2170 7264
5197 5747
1209 6073
1784 2281
1288 3779
3626 6564
995 6966
6485 6680
3 1248
88 496
3350 6242
135 2509
191 3297
3407 5042
305 7828
655 6009
112 8111
4335 5065
24 434
340 429
5939 6541
3018 5412
281 491
1790 6071
445 1691
601 3047
4671 5726
443 807
2725 7326
1966 4302
1298 1391
3030 5241
3141 7408
2372 4762
2399 2851
1232 4510
1391 2083
6238 8301
1170 2401
1770 6284
318 3669
2528 3081
2437 3385
91 144
6729 7368
6179 6715
111 3616
624 2161
726 2132
3844 4614
5355 7091
350 3400
2612 5718
587 7357
764 1420
712 768
3660 8216
1159 1978
3579 6764
1557 3407
344 7125
2028 3761
6426 8443
1026 1052
35 148
2406 4192
998 4714
4892 7923
2461 3098
977 1344
525 2316
322 1063
1301 2009
3118 5085
2633 3147
207 261
716 3933
2366 5079
2616 5532
409 562
1013 2286
4641 6339
21 1887
705 1025
3603 4358
57 7170
4477 6080
1646 2592
8148 8605
3367 6568
544 8014
2116 5449
79 505
3840 5554
1687 5304
1287 7953
304 5492
3405 3911
464 5732
3078 3283
2136 3476
850 2324
1368 7278
547 3821
755 4644
305 743
5001 7353
2712 4763
515 1755
497 530
2272 3594
6388 7121
3897 6993
4315 8318
249 1322
2978 5406
2841 3834
5280 7818
782 2129
2599 2912
2238 6037
2838 2935
2801 5202
3916 4110
4917 5629
2880 8044
972 2503
1262 4766
42 7760
2218 5313
4974 6971
296 5667
5011 6757
362 549
2953 2985
1333 5903
2956 4413
482 486
545 849
932 1934
1567 6016
30 220
2429 5050
84 203
4943 8242
199 7265
2062 2154
479 688
7 1188
2 3
465 892
1138 3165
358 3598
7175 7752
2350 3116
1690 2496
3878 4058
1332 7712
1165 7862
2976 3309
2113 5855
5270 6732
1173 3733
4003 8466
3404 6356
243 2080
6561 6898
5241 7934
1738 2607
2184 7784
153 405
18 58
4725 4902
321 6736
276 2284
1500 4914
1137 1187
235 795
7020 7420
68 824
3031 8497
264 2980
3665 6426
3418 3658
308 1406
558 4611
1369 6741
3999 5173
1083 2180
72 181
487 3566
1099 1182
1499 2798
4782 6985
4914 7741
6965 7674
1704 3429
2821 4092
1337 6815
782 5722
876 1032
695 3375
455 835
3182 4542
2360 2654
4362 4842
2345 2408
644 2630
283 1433
174 5152
4183 7800
695 5215
1233 4362
97 130
2243 5457
3107 6123
2095 2806
2658 5367
963 1812
2588 7673
4050 4621
328 1105
965 2484
5013 6252
4576 6098
2089 2112
1 77
78 3859
2743 5060
3354 4313
1721 3536
1248 5517
212 243
297 2568
3897 7343
3585 6317
5551 7582
93 596
3059 3186
1861 3451
653 820
773 8476
1836 2993
6028 8603
32 470
2475 5134
165 1047
39 3506
7754 8305
2563 2950
835 1358
198 6801
1 50
1955 4996
2366 7224
6151 8344
369 6332
1239 2131
450 1094
48 843
179 734
2682 3043
543 6172
731 1705
1064 1158
399 3115
2678 3237
5538 7876
2001 4795
1700 4710
793 1761
2122 4923
5740 6598
6957 7290
1402 8217
870 927
7180 8378
1345 7201
1695 5169
1182 7983
9 39
570 1326
789 805
6942 8026
1150 7428
6286 8184
5169 5660
253 543
3969 4288
382 648
3611 5223
1241 5853
559 818
669 1757
370 561
4777 7069
179 183
3676 7675
1386 6540
622 2898
2881 4343
2777 3437
1507 6195
2946 8355
2292 3880
1186 8410
1405 3334
3 75
2519 4707
105 2822
2278 3307
645 2641
5646 8251
1579 6010
2203 2747
742 3175
280 7508
568 1259
657 7317
258 4717
360 5620
328 6162
194 273
1038 3908
1843 2871
2437 4774
406 1831
108 178
42 3711
4919 6867
2414 2517
2112 2981
4111 5964
3494 7574
913 1616
6744 6754
1861 8061
1781 2209
5886 6923
638 1692
1307 1614
1819 2411
1301 3626
174 3244
3785 8338
1302 8317
248 638
727 1782
929 2139
558 2447
3 7
5174 5243
763 2386
4756 8122
3952 4218
207 5692
2628 4964
4867 7529
3070 6944
2755 3864
6255 6975
1057 4954
4213 4634
415 8294
3805 5275
2742 3440
1434 7510
6099 7461
1090 3373
151 175
4463 7566
806 1567
4526 5526
318 5107
2202 3229
4217 6570
1389 3531
5180 7257
3929 5006
6893 8535
976 4720
3242 8046
2536 2991
4302 7031
94 119
1813 5000
463 2266
579 7963
2737 5099
3363 6845
2125 3877
1114 1874
7294 7554
154 1304
4941 5309
7207 7354
1372 2279
503 3391
7444 8056
3772 6194
4016 8079
1769 7908
1659 6687
2274 6050
1291 1724
757 1868
5981 6527
640 761
2545 5207
1353 3812
1321 2094
2797 2880
4 12
6306 8357
4174 8591
374 509
1795 4741
2877 5137
2781 7296
383 3726
1197 7094
897 944
1621 1852
2251 3046
4567 7334
211 265
868 1780
2551 2973
68 1217
1798 6418
19 21
5473 7320
287 1266
146 3905
4306 6539
100 3637
4527 7631
2429 6229
1141 4776
300 301
807 1203
683 4760
5021 7466
53 1413
1027 4215
5682 6850
4581 5592
5201 8172
4593 5150
2268 8332
1460 2759
2184 6375
3808 8358
5555 6398
6258 6459
2134 5714
3518 4600
3609 5116
149 632
2285 4138
247 1549
576 1663
4867 7042
2208 2487
311 553
901 1873
576 6402
132 362
3516 6910
2640 6631
659 677
4713 5814
1678 7304
1449 2920
1015 5198
564 1442
404 1390
3879 5135
1127 3101
518 1184
565 714
513 3764
7539 7901
3394 5188
792 1351
146 6061
56 94
156 179
58 204
1919 5828
1358 3636
460 3379
69 1714
670 1608
1228 3364
5818 7425
2324 2473
173 2862
2904 3462
4164 7244
707 2022
660 1743
3834 5314
27 63
1674 4738
1749 4739
2298 6351
4222 4493
483 1532
1877 3008
1446 8552
1403 4452
328 5407
247 946
234 1487
7344 7770
2036 4895
166 1606
1900 6990
625 5895
376 739
4304 4757
3757 4839
3802 4945
1242 5991
142 523
282 296
754 1519
4298 5570
682 2077
2112 2644
95 123
191 6864
1103 2930
3678 8310
2486 3777
4611 7868
2361 4859
3926 6684
2659 5539
3489 5282
2105 7271
929 5824
3728 5324
2556 7382
764 878
571 4260
2595 8112
4181 4197
1070 7523
3607 8327
7260 7825
2369 2688
1337 2163
2999 6147
1233 1603
1645 2376
827 964
1198 7361
475 4702
2248 6844
4426 7987
1391 3677
894 3674
4328 6973
3752 5330
1180 6612
919 4399
6081 8128
7 56
5932 5967
784 2845
4920 5097
723 905
2931 6338
2392 2639
1399 1759
2710 3973
709 1368
1031 3978
670 4485
2538 6517
2609 6449
1705 2395
3 42
356 4572
172 1361
902 7135
2661 8022
17 276
1934 7202
467 4595
138 2801
322 3752
919 3268
1317 2104
474 2052
128 2635
422 3981
504 8249
100 3874
382 550
4898 4938
2110 5322
5467 6640
5450 8346
5552 8578
3270 3633
1884 2510
5205 6383
4683 6692
635 750
513 1958
3976 5870
1878 2802
1502 3801
1935 7350
3474 6210
2793 6834
776 5002
765 1586
725 5540
4024 7417
2221 2963
292 2459
619 3608
1412 1906
28 863
3106 4894
574 839
2449 4897
2977 5115
2525 2771
8024 8485
722 6208
2284 6488
180 1534
1933 5030
3250 5014
468 3486
2253 3523
1746 1766
1055 1838
2598 5809
2463 3883
1865 6430
5227 6486
2643 3489
1437 1821
3682 6519
779 6271
5377 6094
5176 5416
3384 6126
1242 4428
1758 8224
3650 4415
925 1397
439 2706
31 34
2607 4543
241 290
3610 3860
1419 6399
300 1378
440 8329
481 4119
3574 7769
3093 3270
1658 3896
4431 6907
1064 1194
5292 5618
547 5664
2123 3445
2728 4292
701 6705
1662 6830
391 458
2683 4309
1417 5301
48 5509
749 1000
6256 6941
2744 4351
389 1093
1599 2109
481 7193
2729 4348
5545 6015
4280 7971
1092 2818
1120 6319
5293 6168
5552 6683
675 3365
886 2148
3169 4006
698 5338
990 2032
2560 4823
92 142
216 4396
368 3819
5099 5159
1886 5349
3562 3976
156 6272
4757 5765
7584 8264
1726 2576
4435 6988
639 1249
1372 4829
382 3156
348 1509
862 5898
854 3343
2823 7211
6742 7695
2312 2943
4667 7032
16 665
465 3762
308 5841
146 1319
224 3216
1131 3104
1448 6911
3599 5746
5214 6117
753 1110
5886 7537
5473 5487
143 612
423 438
1948 2964
2031 7416
1399 3225
1755 7520
6627 6945
75 5949
4216 7755
4907 5166
2834 6028
702 3845
1599 1800
5311 8340
271 6154
72 5594
1812 4903
486 890
3635 8566
1412 1484
3384 5709
2558 4161
3681 5585
2061 3746
1196 2636
653 3773
5899 8244
2042 4441
3283 4132
631 4967
297 442
618 5139
894 6771
1155 2017
5984 6545
2211 5808
1883 2870
924 2200
994 2533
6 1107
1762 8328
1560 3662
843 1713
5793 7195
4054 7162
3172 4177
439 6051
307 5676
3574 3893
420 426
8 310
2373 4403
815 4190
4339 7445
1092 4642
5113 6326
77 723
52 616
27 318
2696 7513
530 874
1231 2896
6019 8155
190 625
161 2942
2557 4545
29 1212
677 979
422 4394
1191 2551
34 110
3744 7838
670 1064
3279 5127
2126 8197
1252 5368
3847 7484
21 74
1451 2572
5055 5383
229 901
2884 5533
6139 7305
2761 3184
17 231
20 1076
252 342
5027 7706
5775 5974
590 2661
579 6669
2516 3503
1689 3224
3721 5237
2932 4716
651 2371
806 4002
434 1139
795 1037
916 8257
411 4354
1193 4892
63 1185
3364 6693
3462 7227
3197 6630
2604 6083
2340 2521
1761 4209
605 5355
4947 6122
630 1700
6710 8422
843 2227
673 6924
388 2380
1445 2863
3086 5817
1961 5872
1312 5703
5654 7949
347 1006
544 2420
3175 3295
4901 5954
1952 3059
1138 2075
865 1196
2945 8587
1956 2285
2625 5418
2861 6643
187 2488
2737 6859
3635 4326
5042 7341
5048 5382
1555 2649
3649 3853
6374 7680
4971 5719
3397 6121
7562 7571
409 593
4536 4929
1146 2027
4706 7959
2385 8012
379 433
1283 2185
948 4382
114 1033
4573 6908
1697 8594
19 4397
3450 6511
219 1597
6066 6337
5 306
2841 7587
92 3139
1907 1980
454 884
530 862
2503 2595
3627 5032
1308 3681
1701 1926
3513 8083
7167 8030
339 1833
65 219
118 3584
1900 5392
2691 4616
6620 7594
3173 3855
3243 8363
1150 8041
3925 6133
1795 4704
4531 8526
2046 4357
1681 5055
266 4933
5827 6039
3866 8426
1820 3522
906 1432
2975 6250
5796 7460
919 1584
136 2853
1039 5672
3260 5507
570 5437
98 333
1088 6079
146 953
4955 8428
1020 2348
4438 5522
1858 8162
376 1794
594 716
4699 6289
4655 7068
1201 5535
360 503
5039 7011
2009 4402
2249 3341
1517 1760
1862 5161
455 2364
716 1959
15 240
1055 5369
2300 4529
4194 7372
5002 7220
910 1384
2460 3617
610 667
5451 7611
400 5235
2408 3155
4943 8517
2122 5968
6997 8325
2083 6224
610 7528
4306 7775
2686 6276
3938 3993
1475 3404
451 3106
5473 8164
240 889
5707 6674
4513 5206
287 4060
2179 2196
88 1012
1668 4179
1108 1119
782 2023
5557 6204
1820 3592
1626 5044
543 5881
138 7927
2076 4777
783 5577
53 3770
654 3512
7264 8501
38 62
2043 4334
2148 2206
180 1675
4009 7697
807 2570
287 6747
1149 1971
5083 5214
1371 2530
6108 8504
311 826
1967 6824
3533 4949
353 1213
3688 4920
326 1952
198 355
900 2165
3132 5190
1688 6854
4637 5541
3396 3693
2189 2429
40 388
423 2293
802 1099
4028 5103
323 588
4534 5684
3195 5141
2884 5472
993 4639
1163 5683
1832 5768
1378 6765
2539 6478
553 730
3636 8085
1578 6437
856 3823
5531 6791
2794 4948
2039 7768
1264 2335
1602 6955
322 4379
350 1953
8097 8145
541 1357
15 89
7422 7558
1217 4143
2674 5546
1186 6584
694 8052
717 6934
2995 5434
1491 7905
7228 7429
3869 3919
4944 5335
3398 5764
978 4481
2965 3491
2396 4751
3116 7858
4279 4378
448 3539
4867 5567
1549 4066
4285 7992
271 6495
2115 5287
2214 2658
2404 4101
2570 4289
3264 8185
209 1753
5099 5608
2020 2668
27 176
1381 5111
2851 4541
3148 3433
1721 7248
1573 7521
4847 5904
5056 6334
4101 8049
2568 3927
3850 6999
2066 2955
211 701
963 2814
47 565
3320 3605
3591 4212
4520 5276
689 840
1435 7980
3724 4311
452 1407
2228 7314
1425 6174
6359 6794
1022 5066
4806 5185
2705 6347
3061 7457
814 4935
2953 3574
814 3223
4136 4272
5239 6653
1488 5307
2692 5772
1836 2164
1568 1573
66 136
8346 8348
156 5941
255 600
5 914
6006 7723
12 1511
918 1151
792 3118
706 2463
2986 4989
2595 7139
6430 6651
588 1207
4563 8045
1143 1843
2332 4400
55 5095
6856 7831
1999 5867
3024 4550
2043 3826
346 3500
2598 7515
6423 7073
5141 6658
496 8132
79 93
947 5102
2159 4429
683 2610
2931 4993
2776 3235
597 5039
2858 7344
3647 4048
921 1611
1105 1460
189 2377
1162 7857
5330 7021
5785 6186
4537 4896
270 1346
3997 6932
853 1288
4513 5944
124 372
200 4985
3179 5218
5604 7497
4324 6914
3704 4878
4536 7194
2345 3067
1421 7475
2448 6379
1906 5727
3923 4968
1281 5696
611 773
1775 3257
945 4598
1756 4223
874 1929
1444 2128
159 2729
5145 6288
5318 6603
3317 7080
587 1901
490 749
1801 3427
37 822
259 6438
3953 8058
3971 7864
1106 4037
1395 1461
4063 7306
342 5288
4931 5556
599 1559
1480 5251
110 3096
779 6512
2125 4145
4778 6019
8458 8512
183 1664
1849 4308
5131 7088
3906 7912
2285 7966
30 49
3439 4635
6200 7150
445 477
5760 7501
1250 2110
6693 8506
3080 3706
2389 7701
1582 2183
1661 3561
48 2078
2829 5450
160 1987
434 6586
210 517
2985 8474
2235 3820
3357 5162
2141 2283
733 792
294 1430
414 649
13 943
900 4514
3087 4380
472 3952
1342 2699
5552 5690
587 2202
60 4771
3432 5525
808 1125
1530 5700
308 936
176 386
1276 2600
1062 6881
5987 6085
2096 7327
5423 7189
864 1287
466 8395
136 2897
991 8413
132 1336
3590 6108
960 4984
738 3672
4639 6395
1893 2445
3148 4715
2308 3308
2771 6773
4114 6460
221 348
28 163
164 235
8564 8568
7387 7806
7318 7345
73 3396
3765 5300
4279 5124
334 582
4065 5022
2281 5529
2060 5609
927 5820
808 5178
580 782
467 2358
563 3922
507 991
224 437
1179 2479
96 430
25 745
2169 7444
5205 6328
5599 7006
473 1649
3139 5453
3483 3913
14 1229
1886 7093
502 831
2716 5468
2732 6146
1690 4401
1238 5630
445 986
207 2917
669 5094
1042 1091
2965 5716
127 803
3050 6729
655 3357
3255 6942
792 2271
320 3398
4701 5511
171 8312
701 4857
2644 3390
1305 3849
4315 8178
5530 7970
3766 5743
1993 3990
3564 6532
474 6206
7138 7599
1544 4827
433 460
2806 5588
1417 8606
4662 6373
1235 7311
2696 4185
7287 7866
7406 8226
498 2108
3235 5721
740 4043
577 1452
6817 7609
2809 2846
5225 6780
770 3528
1278 1303
482 513
73 337
2053 7598
2206 7196
476 1563
3624 3771
3548 5653
1503 4807
770 4419
5837 7225
571 1255
563 2877
2697 2948
2813 7226
50 86
7237 8347
735 915
2086 6213
4697 8024
1185 7767
5433 6602
1759 3553
5120 7557
1861 6429
1260 2884
2791 3955
653 4528
3523 4615
1769 4520
902 2742
303 2354
2287 2393
5172 5356
3696 5033
2159 8486
1555 1711
2654 7346
444 2031
4814 6156
2218 2921
3513 5536
321 4830
99 5663
1193 5662
2941 3226
947 5994
937 6144
2031 7203
753 3532
135 1186
2544 3458
483 8399
2551 7370
707 2679
1154 5907
483 2412
1031 7468
2479 6738
2129 7725
77 3632
788 1338
5174 5889
2646 7268
1059 2264
1788 3794
6951 7133
1240 3830
862 4589
1235 5779
76 2000
1174 2693
3962 4470
630 799
1987 7988
3685 5550
1301 1889
2998 7926
2360 3131
454 7924
364 6329
321 465
7192 7489
2869 3938
440 5586
1769 5296
396 850
1510 7246
7893 8003
313 6410
792 2788
1293 8067
23 471
151 3816
1034 3023
625 3807
188 970
1253 3542
5058 6797
945 2137
6635 7181
4708 6596
3884 3936
574 1152
3229 4718
1091 2126
4248 7809
3140 8530
3671 7077
660 2643
1073 3417
2026 6774
1281 2221
135 1733
276 4737
6538 7735
4428 5089
6246 8403
2488 6967
760 2263
3233 6064
3008 4742
2971 3796
2732 6093
948 2474
587 2171
176 254
407 4336
2942 7014
2206 2369
570 5052
1189 6866
7788 7816
26 1788
6841 7092
3296 6128
101 656
733 7390
5551 5861
1876 2786
7829 7977
5902 6141
334 8337
79 764
3391 4585
213 8461
1078 2472
65 1579
2530 3119
393 1144
7154 8563
440 451
4493 5637
872 6487
1130 7549
110 1805
444 1380
467 2296
5322 8608
3885 4287
2684 7570
937 2492
2258 6432
6613 8267
22 1209
375 4846
627 7982
963 3277
5489 7724
262 2238
1057 1190
2135 2560
2926 7793
2453 4128
407 467
1836 1859
2568 7810
533 3082
1065 1200
4125 7533
2595 7643
6728 7511
5706 6055
1680 3166
1302 6965
1218 2504
7547 7662
1555 4178
44 791
1452 8250
5208 6394
1932 4454
1485 4530
5463 8321
1681 5155
891 2151
836 2694
153 184
686 2836
2142 2253
67 2792
4694 6891
2531 2886
2767 7163
2133 7919
879 1084
327 1300
1003 3694
2086 3264
872 1668
3010 7555
576 679
760 966
1050 1429
1018 4001
3401 5856
1115 1538
2029 2589
7472 7527
4972 7829
251 907
917 1201
1000 3203
3195 3284
1935 2617
4115 4135
255 7474
342 618
292 2157
2738 7216
4158 4386
2513 8100
3521 6978
336 880
3966 5015
2372 6656
255 258
1 5
124 1215
3280 5750
3549 4304
3237 3352
554 5086
6923 7945
2814 3546
1232 7896
7006 7097
463 1370
772 1428
4544 5834
366 653
1287 4579
828 3129
7002 8558
322 738
1579 1775
948 6909
1309 2219
1280 6183
521 2415
526 1003
1438 6160
2321 7481
4642 5233
1218 2437
592 1018
2913 3596
1982 3318
1076 3179
3940 6380
1904 3095
594 3148
59 146
2478 4838
908 1912
5556 7562
3694 7127
5354 6294
2308 3766
2046 2541
1138 1197
2200 2857
925 1377
1494 1955
1118 3408
5225 6951
5578 5642
6400 6846
76 2199
1322 3926
504 729
1488 3640
575 676
2815 3754
26 4726
7582 8581
802 1642
4973 6348
2468 8031
436 1405
108 672
4755 7553
1058 2036
1896 2519
1688 8091
1947 2310
5105 5316
2320 4483
4585 7292
1556 6214
4675 8075
4806 5299
762 1323
1054 1801
1830 6566
100 227
3213 6036
143 164
6248 6865
835 3487
