4513 4512
1278 1312
1488 1946
182 3583
782 903
1875 1887
1671 4296
3026 3997
460 722
407 4018
49 1165
531 3275
51 433
2097 3570
566 4153
1266 3091
570 3227
759 812
144 256
1992 3157
327 927
3424 3715
2471 4420
50 69
335 780
2103 2358
620 2827
889 2867
282 4390
974 2552
261 549
14 350
2151 4388
1147 3492
3865 4066
1545 3066
847 3634
246 2242
479 1889
16 18
1956 2260
260 832
67 861
601 992
637 3836
431 1911
1150 1587
439 1778
782 1087
2219 2340
384 1650
54 138
15 3508
575 949
208 286
171 1722
2039 4223
154 1545
326 932
316 651
195 272
3492 3925
1545 1636
1691 2191
1299 4105
880 3771
34 1880
493 3137
1175 1588
328 2559
441 1359
139 3502
2032 3840
2746 3425
352 791
1447 2006
644 1152
494 1732
517 1023
3187 3367
3189 4294
365 943
3107 3636
4037 4212
3 2503
3299 3533
2546 3620
692 2725
330 749
941 2726
1530 1877
1230 3602
518 923
1325 3725
1789 1803
1093 1842
640 2143
1573 1708
614 2917
1680 2252
2176 4418
1006 1151
477 906
104 1671
2357 4158
2055 3068
871 2075
2224 3664
1545 3878
325 1740
1805 3236
1308 2165
760 4487
517 2070
180 3327
21 25
384 1461
1185 1719
2463 3934
1863 4067
1948 2548
1446 1737
2688 4277
506 860
1641 1744
56 2152
116 2314
473 3746
284 971
2681 2824
532 1019
1371 3559
2585 3175
1172 1406
40 560
2625 3182
582 2977
153 3131
673 1396
1658 2198
2394 2627
4131 4185
709 1600
1718 1944
2266 3317
1637 3648
753 1001
468 2973
244 399
1024 1239
216 4344
86 2445
1740 2874
387 1522
692 1891
247 2149
3528 4186
2092 3637
504 633
115 139
90 2590
759 839
110 2029
835 1086
239 305
2348 3512
1110 2850
1260 4008
142 430
598 1578
3153 3320
130 1047
603 1612
2983 3014
523 2782
84 197
1148 1437
2638 3155
138 652
1548 1986
82 1301
377 412
1086 2435
35 482
177 372
3182 3606
149 392
746 2450
1485 2488
1409 2021
217 1137
1703 3035
137 303
2092 3058
665 2741
1744 2728
518 4429
183 301
767 3875
2863 3769
2250 2974
525 4334
450 2215
1372 3438
2378 3208
639 1458
1592 3008
1100 3410
1409 1916
1880 3403
293 383
2185 3446
1 4136
505 1209
3015 3072
185 234
146 255
121 236
19 660
1007 2110
42 446
1632 2729
86 102
34 353
372 984
93 1305
4421 4511
157 1287
273 1253
1310 2637
1419 2903
878 1397
1009 1187
3631 3670
638 1338
861 1064
97 3109
47 1968
339 1126
306 3147
354 3136
1258 1371
739 2315
146 183
3594 3699
308 2002
24 43
975 1520
616 4444
65 2748
873 1389
2127 3621
3334 3990
657 1344
63 252
478 2342
132 4503
1369 1876
2472 4499
159 203
153 1645
2137 3115
2720 3011
1617 2882
1340 1977
2942 4104
397 1586
255 322
287 2043
1056 2562
1019 2009
300 1327
1363 2641
2729 3332
890 3917
104 978
941 2085
818 1007
3158 3363
642 2475
2 10
2402 4125
2490 3844
1463 1794
285 1354
1019 2160
533 1012
173 2504
688 3195
208 519
1232 2397
811 1995
3912 4180
2685 2836
1505 4303
384 969
1979 2549
2550 3585
859 2063
547 1731
276 318
4043 4478
544 3279
2607 3462
713 1144
1011 2525
1256 2458
2264 2496
13 411
2914 2918
873 1905
178 1015
1871 2086
676 713
5 54
113 3578
3846 3871
703 2123
1211 2061
399 877
120 325
1830 2028
586 1425
1247 2067
1640 2118
199 1329
1310 2588
98 403
1879 2593
3308 3969
1367 2806
2683 2972
932 3694
115 437
384 386
430 1112
3 62
2200 3248
63 1378
21 27
277 3432
921 1128
757 1582
1877 2344
1352 1967
927 4037
2963 4349
857 1874
21 3046
877 3354
989 1985
572 642
2295 3209
1348 2077
2578 2677
293 2771
901 2413
2879 3441
703 4323
445 2208
606 3966
1270 2079
1152 4482
1786 1822
850 2062
146 327
662 2326
17 858
1216 2087
221 1334
1643 2909
354 2722
2404 3369
1874 3193
1990 2405
520 1016
798 1018
1255 1316
1068 3184
34 821
1076 1348
1694 2563
45 152
2901 3167
1163 2920
3014 3622
3326 3456
3623 4473
62 508
1964 2108
476 3450
2219 3908
622 924
550 4504
129 1179
1151 3529
1116 4462
3155 3616
3937 4107
219 1009
57 4336
723 1250
1253 1423
199 960
537 1150
1214 1660
459 2699
578 586
3467 4493
457 4312
793 3126
661 1963
155 208
598 1317
1305 1714
2618 2793
1835 3870
3694 3774
666 2900
430 837
1558 1726
2956 4097
588 648
40 1322
3858 3965
634 834
3313 3650
3922 4306
16 3813
2994 3983
3893 4181
48 52
817 1094
3660 4477
513 956
194 199
3057 3738
148 237
1030 1125
1269 4446
824 952
8 91
1413 2484
125 2297
1704 2953
854 1445
1315 2426
1081 1570
780 803
24 2022
884 1763
574 2539
536 705
738 2984
858 1424
3315 3554
1522 2898
1301 3242
248 752
1213 3594
1001 3600
2946 3544
3435 3501
714 1973
783 2469
441 2498
1254 4428
760 4259
2128 4468
690 1758
1545 1678
1259 3460
116 186
890 1509
933 3805
948 4248
3471 3610
417 4479
1403 1784
164 1294
3168 3886
209 551
3885 3960
258 2225
2550 4192
596 797
838 1178
393 423
406 1377
670 1010
270 2703
2075 2904
419 2770
114 1021
791 2373
3383 4494
194 1906
1656 2294
2015 3151
54 155
688 1282
2146 3765
297 382
994 3857
545 3405
1824 1954
2765 4284
3585 3614
202 977
47 89
2111 2805
803 955
781 788
2023 2479
2684 3605
874 2231
970 1888
1135 1463
3154 3294
1438 3689
517 3904
1430 4463
1305 1494
2448 3681
1586 2817
1602 2910
488 3471
265 852
574 1090
27 528
370 2604
1177 1604
343 820
213 608
1099 1232
1528 1746
1067 1491
459 4007
162 491
26 3301
1593 1969
1565 1672
496 4062
339 1265
3368 4495
1128 3318
297 953
286 3866
760 3010
766 3643
68 815
2388 2980
2195 3994
504 2250
1264 1446
1230 3735
1147 1341
423 1162
856 1091
3010 3032
443 2922
790 1683
1484 2307
939 3341
765 895
2182 4319
1024 2071
1402 3551
1511 3612
2220 2468
1916 3659
3438 3727
1788 3012
552 1450
4088 4327
2185 3932
1534 3685
1476 2194
1183 4410
1761 3092
188 1974
49 972
2011 2035
1416 1807
569 2357
2703 2760
1921 2834
1525 1780
1518 2014
6 67
2423 3829
2188 2462
1256 3444
862 4265
2571 3972
290 3252
537 1059
2218 3935
1353 1616
2339 3156
215 1526
70 876
505 859
201 989
1159 3667
1629 2003
516 887
249 346
38 913
2617 2976
1943 2799
720 1189
618 879
651 732
1114 1841
1050 3073
501 3329
1241 4408
1081 1843
1943 4124
1990 4288
188 1982
1151 1854
2283 3657
1478 1878
579 639
104 719
1668 4098
354 930
115 131
2114 3773
638 3776
2116 2338
9 2239
328 559
368 3710
693 979
538 2436
1378 2017
308 680
1306 2377
471 3415
39 3395
295 427
216 4096
922 1081
35 342
3844 4471
522 3786
2348 4081
704 888
671 678
1642 2376
1059 2852
199 1274
1382 3292
502 751
2149 3064
2844 2939
220 376
501 829
104 442
177 572
624 1158
433 925
295 471
16 22
1410 1684
1102 2608
152 802
270 1258
763 1540
1706 3400
154 3782
2260 4443
2319 2409
415 2908
13 141
2721 4159
857 3117
2417 3963
90 520
257 2309
2045 2387
814 3364
2459 2868
1815 2263
936 2257
1164 2227
1172 2574
131 1224
1592 3160
199 2885
1927 3609
142 3903
848 1554
2773 2789
743 1196
2551 2694
2312 2866
869 3809
3646 4363
2497 3053
831 1361
2435 3083
3191 3241
3180 3680
765 3161
1942 2442
2748 3346
70 232
3622 4236
917 2262
425 3076
467 616
36 56
1932 3950
1322 3373
17 193
293 1332
88 3119
534 1978
798 1631
676 904
806 3142
168 279
1570 2049
452 4304
1546 4045
363 402
3723 3980
458 606
866 3989
1078 2246
1132 3868
417 1284
294 513
650 1216
1451 1515
224 1057
148 1027
3690 4151
1048 1715
197 546
228 3041
23 32
3790 4358
1144 1670
4018 4187
4056 4300
936 3213
3253 3640
159 1185
1490 1984
513 1168
1955 2237
1621 1766
1242 1382
1265 1497
196 800
1995 2986
64 596
1182 2391
2731 3398
2490 3088
69 831
126 635
3088 4382
327 1003
545 4108
1048 1608
132 421
1233 2222
496 739
1297 2211
1137 1399
695 1787
1871 3281
546 2668
1739 1823
272 1199
145 3652
211 3459
1138 3902
538 1679
251 1840
602 4052
517 2337
502 1418
2676 3511
1180 1651
60 72
1826 3421
745 898
1187 4461
1178 1309
62 3646
3142 3377
264 2186
3069 3084
611 884
919 1470
1863 4085
1954 2474
3942 4460
486 1335
919 3717
1768 1883
2011 3027
2903 3429
65 3030
2122 2471
1028 1103
2174 2873
995 2081
836 1547
92 130
2503 3653
201 3357
3712 3850
27 899
357 495
3184 3747
403 439
899 1523
574 2058
1123 2389
2558 4262
2691 3693
525 676
970 1898
454 2209
1883 4201
245 795
815 3078
363 915
1200 1725
128 1372
893 2120
1028 3144
946 1426
781 1364
485 1336
537 1627
712 2780
2101 4305
2154 3164
1257 4129
2521 2523
2581 4193
1229 3106
1202 2795
1139 1370
43 1219
259 525
1265 2179
986 3082
933 3385
226 3187
124 2538
441 1971
3946 4054
2 7
1856 2560
60 833
1326 1440
2085 2144
139 1728
773 1233
3034 4293
1890 4214
32 1802
3725 3906
2196 2473
75 92
797 3944
1728 2268
3433 3909
47 759
1163 1618
1294 3838
1647 2004
320 407
625 744
389 896
1570 2934
978 2327
3354 3581
1667 1751
312 566
1269 1785
2492 3040
775 996
283 997
3672 4036
3653 4437
219 454
265 907
3175 4417
667 1777
1340 1757
3134 3869
1560 1609
260 2551
670 2267
2272 2663
415 729
43 167
8 86
2926 3550
18 1518
251 1571
53 605
2563 2889
2175 2747
1168 3736
2777 2812
2637 3603
690 2015
255 474
789 1113
69 3783
1192 4128
370 674
3 654
106 169
258 426
816 1321
810 2334
367 3891
176 699
149 792
1486 3804
2734 4394
2158 4021
388 2916
2834 4025
1639 2733
1215 1290
160 770
83 178
4118 4146
546 909
548 1395
146 207
1296 1712
2849 4072
75 88
151 315
1724 2316
1405 1958
247 2710
125 737
1619 2653
1556 1727
466 1117
3419 3478
2079 2790
234 500
1494 4019
873 2983
1100 1304
2278 4313
423 1759
324 727
31 294
1161 1607
48 945
3880 4352
424 1848
447 2025
40 1779
2281 2880
2230 2985
92 736
173 533
601 1157
2915 3539
1360 2902
3080 4080
1758 2630
1569 1853
1265 4345
392 603
597 710
13 313
1809 4264
147 173
945 3361
799 934
34 166
800 881
827 3968
1635 1909
2318 4298
2845 3913
550 1143
3121 3663
333 3914
28 80
228 999
327 1752
428 1193
847 1422
1550 3350
475 3453
47 123
693 1346
789 814
400 536
1333 2809
152 1161
1027 3887
342 4359
17 58
411 2068
1684 3224
546 1705
2996 3113
157 4079
670 801
2066 3701
2366 4055
3872 3982
67 3436
275 363
1594 1932
145 380
319 1101
950 1951
1232 2680
744 2723
727 1226
4124 4252
41 540
287 1940
3327 3816
813 2975
629 1429
1625 2856
687 1989
522 2672
527 786
212 354
135 182
480 1097
42 486
2815 3205
1736 2034
580 807
906 2518
2405 3103
15 309
2962 3820
608 1244
145 1164
566 3316
1935 2091
835 3863
1305 2961
1243 2133
1630 3138
2247 3257
3738 4202
928 1674
1046 3703
184 2557
137 205
1540 2945
966 1736
75 76
1902 2781
892 1564
65 96
2073 2402
2949 2992
447 1197
348 763
2543 3420
2131 3085
757 855
22 690
424 3007
615 3383
381 2513
1337 1534
380 2749
268 811
2373 4362
986 1195
30 692
2784 3510
3883 4043
136 198
1200 3204
1291 2000
1076 1114
2755 3676
2614 2631
374 3291
125 144
110 2490
581 1267
439 1186
52 1910
1003 2887
402 846
2017 3658
252 1668
1882 1890
1022 1903
806 1623
2589 3986
59 1658
799 3521
313 2592
1303 2416
830 3673
811 1638
570 3094
3100 3827
1729 1781
805 3719
151 479
545 1767
272 2378
2756 3755
1116 4373
1467 1644
1427 1814
1620 3353
193 1979
597 3335
3309 3842
243 1118
145 523
406 3761
712 1789
789 3124
9 37
84 757
503 662
1884 3833
1184 1835
6 15
832 3206
2262 3766
1023 3152
1609 4476
459 2853
967 1694
332 2066
1137 4421
16 257
2497 2891
1905 3128
48 356
1301 3824
2913 3004
64 75
86 1872
993 3244
897 2046
271 1066
1745 2197
2511 3947
2857 4051
180 515
1388 2933
1136 1375
484 1535
10 12
6 118
1695 3954
43 2785
535 611
13 177
848 3573
2566 3304
1194 3639
480 1992
1161 2617
1754 2113
33 497
106 747
2357 2772
3691 4492
769 1863
45 2766
1356 1867
222 657
300 512
75 262
376 2579
4340 4497
1754 2602
65 154
56 538
1037 1256
1247 2001
913 1765
594 1536
2141 2171
2385 2431
185 1172
2780 4453
134 2253
29 33
947 1148
1163 3470
155 254
754 2658
354 3366
244 447
54 3149
737 4011
1924 4049
281 3181
42 119
1155 2374
705 2754
1604 1639
142 607
121 312
2630 2861
2786 3168
1079 2205
3711 4207
461 604
635 1069
1440 2365
3244 3331
385 1483
867 2145
642 790
486 3493
89 957
295 3419
357 408
835 3371
413 1405
3037 3461
2941 4457
703 4050
1502 2884
2921 4200
643 2072
110 636
478 2534
3274 4346
45 504
1343 2533
933 2941
879 1795
1179 2299
165 1030
1462 3067
36 171
794 4427
2001 2676
2768 2955
126 3760
62 3005
601 2251
3946 3962
381 681
807 827
3668 3778
2405 3552
462 539
2981 3517
537 2240
861 1006
3011 3617
183 310
2602 3417
1975 4126
1991 2618
425 1040
1708 4228
189 246
553 3125
2144 2352
1348 1899
552 794
619 965
2140 3698
1462 4309
107 1300
16 3025
76 629
340 3289
1263 1577
87 145
2845 4424
42 242
441 856
3422 4397
918 942
2019 3243
1495 1915
2660 2755
199 498
2269 2368
2549 2598
405 3389
2803 3237
5 53
765 2640
982 1939
1731 2500
116 1447
1504 1579
669 2495
1177 2701
22 4140
464 717
1106 1277
1801 2644
997 2969
747 3961
86 453
393 3384
2223 4272
148 1260
1881 2204
1873 2575
1458 2957
2173 2883
2109 2383
1789 3716
3309 4189
132 2146
2001 2105
2170 2581
15 68
2414 2648
122 387
950 3647
2290 2325
2237 2681
949 1413
1730 3729
4 70
554 1154
281 682
4430 4465
34 44
1674 4351
36 592
1649 1669
1249 2595
1744 3222
551 1563
3163 4121
311 3439
2398 3080
480 3382
2369 4317
729 1373
434 986
650 3853
344 1635
61 265
1587 4071
380 2971
441 1495
867 2508
19 111
1984 2024
533 711
2098 2304
215 2829
3276 4084
2659 3837
13 93
1880 4286
356 3921
616 2226
2055 2154
500 755
24 46
1182 2027
453 1490
180 1206
360 459
681 897
21 4166
387 2127
339 702
2308 3105
61 2039
523 675
3007 3615
661 2599
386 4083
446 1457
911 1056
1161 3355
110 176
2215 3133
375 2443
835 1142
2455 3031
629 1517
571 767
3283 3687
123 783
19 1815
1009 1858
1906 4242
1023 3775
1084 3449
559 1068
1824 2429
1696 3226
35 823
435 2613
584 2638
599 3895
477 694
1956 3674
755 4235
845 4208
2467 3235
2107 2300
481 1041
701 2292
222 1485
1216 2558
906 1079
1113 4122
2352 2353
1095 3567
98 1268
1055 2180
563 1575
94 2660
550 1493
1742 3889
2463 2803
615 2159
1703 3380
830 870
175 2616
468 883
1361 2428
841 1421
997 2762
1614 2023
946 3819
3238 3487
493 817
4242 4486
559 565
2274 4003
2423 2564
2610 3509
2311 2814
823 921
1355 3489
166 290
1204 3303
155 307
143 2870
1648 2122
560 3293
983 1792
197 993
1169 1525
932 2423
2895 4119
188 374
314 2005
645 892
92 878
2513 3977
1339 1388
433 441
1752 2236
657 2308
816 985
2458 4432
500 1318
37 1141
1868 3697
2233 3707
968 2381
1048 3661
88 192
1512 1583
1624 2740
2248 2489
254 3898
222 2447
369 406
454 3884
185 3368
619 1286
429 1510
1874 3999
1394 2142
425 1845
3395 3666
2109 3901
5 77
3333 3525
2925 3877
2226 2492
2826 3807
3762 4133
18 1262
1019 1098
166 1072
2439 3915
1881 2620
940 2669
417 880
411 1508
3204 3728
12 450
1658 3319
1001 1278
968 4135
118 413
1994 3009
1371 4251
1503 1629
295 698
889 995
3185 4044
418 1896
2204 3112
1481 2665
3812 4191
1467 1826
712 1949
265 435
246 4172
936 3127
227 1394
636 2757
1162 4466
650 2715
1560 4014
37 125
1693 1701
690 2683
1578 3443
768 1556
1 2
3982 4220
3748 3953
657 2693
445 2464
456 487
2210 4365
42 124
2312 3409
1315 1487
2974 3987
742 1058
466 610
685 1089
123 554
14 1078
1820 2032
900 2167
3281 4170
110 282
1690 2045
1719 3911
149 3266
961 1387
345 822
1376 1739
451 665
380 939
2524 3959
3963 4123
690 2526
678 3627
37 626
1745 4330
2848 4221
2013 2547
2041 2661
3293 3343
282 576
1390 1775
85 2269
3498 4464
1289 2311
129 181
2110 4184
2752 3455
229 1325
3435 3591
2360 3733
106 1024
1629 2591
1249 1812
28 418
845 3261
1359 3365
4103 4343
1001 1529
560 910
2832 4470
143 1827
525 2626
46 1530
1157 1894
39 2057
1690 2259
11 13
1742 2256
2129 4456
836 3158
675 4332
945 2169
487 673
820 3599
1479 1620
3022 3632
2079 2711
47 1783
445 2963
56 1700
1409 2059
2699 2794
126 853
2056 2583
64 3287
525 3055
430 614
535 1004
3689 4240
1003 1139
924 3879
529 2666
429 2193
1376 2758
1200 1613
613 1115
2305 3348
1837 2335
764 2485
65 3020
2606 3691
71 1147
544 2511
3670 4423
1431 3477
1912 4063
1728 2993
2910 3059
2216 4099
797 1527
2761 3721
76 2350
561 2842
586 1093
1332 1630
96 716
2385 3839
3057 4485
3184 3791
745 1541
4104 4274
1314 1983
17 1105
1415 1865
433 724
692 3387
347 936
2220 2756
657 1410
17 726
88 2097
1240 2967
1233 2606
552 2330
1615 4411
1974 2718
1256 1813
639 3018
275 302
2783 3548
15 3442
2972 3114
3568 3635
2648 3123
1146 2858
1499 2467
1855 3812
1067 1524
2983 4244
1482 3491
502 1550
725 1218
1240 1401
1921 3843
1308 4102
660 4426
1321 1997
283 808
2956 3245
625 2030
1024 2455
2511 3448
1480 1730
133 866
4167 4226
453 467
531 647
2387 2776
1486 2461
499 1474
1637 2207
108 280
1111 2802
1316 4491
3329 3981
744 1313
408 2821
2644 3683
379 2979
5 9
926 2572
152 2546
213 1945
1090 2419
1406 3179
1442 1929
2163 2778
264 1902
2139 2247
146 4245
2198 3572
940 3416
79 1163
116 221
811 3584
4011 4387
486 672
1408 2524
605 813
512 885
2384 2480
230 844
434 1626
676 1131
10 211
957 1184
1196 3433
78 1062
563 1656
48 368
466 684
61 1234
276 440
132 270
3275 4431
457 946
2440 3557
1168 3907
324 4341
1406 3223
260 2582
791 2121
142 1409
1692 3524
1272 1480
93 251
1973 2521
69 2332
243 619
1392 2767
1807 4199
1 3
339 804
958 1171
415 2221
1222 4127
1156 1337
1063 1070
729 980
1673 2385
33 132
44 196
939 1786
3880 4301
2008 3806
279 3800
1001 2446
1039 1174
3588 4064
436 1621
1260 3988
393 477
2297 3919
432 738
304 319
690 2935
286 1698
732 862
241 1235
1548 3324
373 1642
758 824
812 2472
491 765
1567 1884
144 306
328 1050
1425 2765
456 1175
1534 4455
45 268
657 4012
2092 3926
1115 2695
2133 4230
302 1306
2209 3467
122 638
1116 3321
854 3753
2892 3089
859 2460
1019 1836
3181 3772
1004 1433
603 3704
256 415
783 4058
167 2478
33 583
2184 2301
1139 3481
1698 3856
484 493
2105 3526
1276 3588
4029 4155
919 2682
35 1075
232 1492
3145 4069
1300 3531
328 3048
973 2664
122 2106
250 393
3191 3709
1054 3116
278 1180
220 263
520 601
183 210
1257 1484
662 2161
46 47
1397 3993
285 328
915 4042
2442 3731
1148 3466
36 112
3239 4285
1755 3941
1238 3189
2713 3452
1819 2388
1153 1717
345 873
649 1029
112 316
161 425
2819 4035
1603 2871
2681 2956
526 2864
1791 1871
1143 2203
128 1052
76 499
489 990
1235 1988
831 2131
24 481
495 1036
3852 4266
1704 2497
171 1869
1186 2743
1826 1990
2637 4115
763 1455
795 2282
2148 3811
623 818
850 2164
2899 3132
1373 2437
1556 4241
1772 4263
735 830
286 323
299 355
2443 2628
3711 3742
804 1166
360 653
74 3496
11 24
424 669
2856 3669
52 3475
3252 3270
49 148
2124 2499
2527 4076
162 432
2050 2779
49 87
660 3916
1005 1257
2522 2768
79 664
11 695
225 4048
329 395
1184 1237
1074 4144
2868 3547
1500 2607
1077 3479
1088 2322
1924 3885
664 2367
924 1913
1102 3033
127 339
2919 4095
849 2040
2203 3298
815 1521
49 3219
2043 2355
40 632
941 3044
983 1208
242 1666
1173 1819
1624 1829
529 1119
57 174
49 1716
1791 3810
960 3165
401 1937
2258 4183
329 4106
1937 2187
1070 1223
661 2306
599 683
2625 4068
3187 3330
1763 4026
620 864
480 1362
4267 4279
203 2554
844 2195
1554 4032
130 1801
1271 3001
3850 3937
23 2800
380 2819
804 1847
1019 3399
72 82
545 3056
1109 2362
1304 2051
2408 2784
3915 4356
34 39
2445 2926
1006 4029
330 1478
52 656
251 868
2016 2486
1486 1948
34 908
1157 2674
2 741
1286 1654
17 4419
142 1176
1050 1145
1296 2737
85 1592
975 1102
411 1697
397 3404
3268 3447
680 4458
150 617
3124 3553
2964 3854
126 1063
2 480
188 1201
799 1252
503 2392
431 548
2746 3081
134 4065
180 2813
912 2218
2781 3970
1323 2345
1773 3801
1058 3569
2223 4409
1352 2380
1464 2016
1349 2878
1275 1506
109 261
67 689
325 628
2784 3608
1130 2679
644 1849
37 66
632 663
432 650
548 3823
972 1281
2157 3905
762 4038
193 494
2676 2689
143 777
49 473
947 3340
102 400
360 377
87 1734
1038 1083
1000 4161
196 2721
1911 2587
2199 3873
713 1830
371 720
531 743
1516 3140
1777 2761
2769 3310
431 1576
967 2936
1441 4218
56 464
685 4163
1053 2361
974 2568
282 2639
40 3945
909 1110
1437 2287
99 2835
764 2115
302 405
891 1912
234 541
2549 3734
2397 3662
122 231
1729 3940
296 2213
147 1153
1606 3855
854 1567
642 1071
1613 1934
2181 4056
239 1947
370 2125
1719 3660
521 835
3543 3752
1142 2970
443 2580
789 854
51 1685
201 1957
458 2212
82 108
2757 2844
1586 4168
1058 1860
2056 3255
2412 2700
770 875
1162 1475
1114 1225
30 492
443 4238
1857 2336
3548 3967
606 2366
1531 1747
1457 2950
29 505
201 465
656 2825
1021 2112
586 1681
400 4447
8 49
596 3251
2172 2924
950 3397
2771 3975
1475 2026
2023 2339
374 2134
169 1750
299 3759
994 1082
1505 2734
1361 2056
135 201
241 361
2239 3513
1267 1351
91 179
2523 4004
712 1772
1220 2632
210 1861
911 2739
2469 2623
108 359
1666 2060
635 4308
795 3101
190 248
938 4001
190 344
1843 2995
753 1383
3508 3515
2339 3556
36 2553
820 4156
2337 3034
1389 1414
1112 3497
3943 3991
58 185
911 2038
512 557
65 4337
45 190
30 451
453 2932
964 1092
1503 2655
315 1919
2203 2811
464 1124
1093 1464
325 2530
422 1693
1564 2217
1105 1543
468 715
2501 3696
105 1417
2032 3074
42 299
798 4234
286 787
11 45
1943 2096
2217 4138
560 2130
3690 3920
1056 2319
789 1444
1018 4225
55 273
1563 1590
1 526
678 4010
64 769
505 1402
2315 2570
2357 4401
1332 3682
1865 2275
1348 2544
26 259
1564 2788
679 3675
950 3744
861 1927
1941 3638
1075 1724
169 277
695 782
232 2044
1371 1662
1771 2746
116 1275
467 970
3165 4450
2067 4395
370 542
3714 4333
35 2232
1101 4393
1179 4508
737 2938
2272 4377
305 1146
1532 4413
1245 2838
3171 3434
274 2807
1420 2519
524 579
53 4134
100 3087
125 2647
4328 4354
219 2879
269 1993
300 3036
658 2839
402 3841
256 1134
616 931
163 180
84 2750
603 2712
1829 3589
281 748
1751 2927
3246 3352
2900 3308
2881 3079
629 1625
3439 3527
1836 2178
2426 3624
352 1046
920 2411
175 348
1689 2589
2074 3611
284 2635
93 121
2075 2095
2154 2652
341 1324
286 4143
2139 3822
2961 3232
796 901
569 3465
1428 1690
460 2585
854 2013
3436 4326
1717 3254
375 863
91 468
1244 3225
473 1818
101 483
2167 4467
243 396
461 734
1499 3265
245 2981
83 222
2530 2907
2373 3230
1888 3872
1599 4222
311 1641
359 420
3147 3762
2205 3882
90 170
40 3978
2839 3198
133 544
3211 3530
1637 1893
716 1343
839 4000
283 1374
2192 2280
356 530
544 1011
358 900
1577 3021
1521 2742
1855 3199
1364 2181
894 1710
195 779
723 1924
445 1320
1584 3586
347 3170
427 591
2558 4490
767 1033
3 55
1003 4381
2107 3418
652 1055
4059 4103
223 667
322 529
3049 4459
1919 4013
2431 2714
2995 3814
993 4139
170 1442
693 894
1831 2457
104 165
311 1191
1933 2690
1088 1643
108 564
49 229
3229 4190
2138 4361
1686 4178
186 1398
111 1238
1011 1745
819 1505
2819 3307
2331 2600
75 175
1018 4047
979 2078
3066 3490
729 838
167 244
147 278
3176 4171
1470 1749
276 2036
21 825
20 552
1992 2117
2493 2815
1915 3401
1878 3360
4344 4392
933 1557
1473 2347
195 1169
2102 3864
96 1227
159 1441
1174 4407
385 2302
1734 1828
530 556
921 4120
716 4053
91 1806
42 2911
228 276
2947 4197
1048 1533
298 531
1312 3057
380 961
830 920
342 577
1175 3927
670 1459
1328 3964
2058 2506
743 3546
95 1718
28 103
2075 2286
1187 1584
2632 3484
1403 2418
896 3070
1064 3386
1935 2433
2245 2323
1087 2654
875 1468
8 151
274 1542
3000 4505
1277 1704
1465 1537
2227 2427
1280 2011
930 1546
213 511
520 2234
221 271
1440 2201
1716 2271
251 429
319 470
306 1862
268 1504
413 2425
1261 3217
51 1702
232 871
112 983
570 1501
397 1438
1003 3463
1077 2290
571 805
156 1060
1771 3134
3015 3892
493 1242
725 2184
1799 4229
2676 3396
1034 1467
104 156
19 2537
1855 2089
1479 3370
1280 1925
2502 3522
3615 4237
300 3306
83 105
107 369
141 434
919 1106
2415 3896
1278 2289
909 3211
3009 3197
224 375
1271 2951
120 367
1272 2646
1707 3022
52 2830
914 928
1116 2200
1076 2753
1376 1432
3507 3692
879 1264
442 589
2396 2841
2249 2696
2232 3305
854 1566
3609 4022
118 547
1664 2238
780 4233
20 1198
14 16
311 2136
281 4034
904 4434
464 2452
460 1941
43 1482
2701 4057
1320 1380
722 2958
8 11
1919 3826
31 1025
341 2401
1406 1917
1089 1435
871 2603
2463 2727
1235 2249
970 1156
719 2459
61 107
1123 1481
130 249
312 3006
420 567
4201 4216
2970 3424
2089 2220
2669 2678
961 1832
3576 4016
221 448
831 1800
2877 3173
1190 3290
470 4348
1073 1451
681 2244
1152 2177
1102 2826
589 950
598 1349
44 3485
2024 3723
321 756
3926 3951
98 2371
11 98
1979 4141
1387 3284
2421 3549
1677 3256
39 329
48 2622
289 851
1325 3537
1356 2688
2209 3180
11 113
33 3311
189 4150
1068 3282
2328 3590
272 394
2563 4256
952 1428
341 424
874 4006
1465 3874
2139 3029
1724 3430
3204 4422
521 4512
91 919
1143 2417
65 469
140 634
2412 3393
1795 1846
72 3375
36 1476
995 1051
990 1908
2118 3427
4269 4398
2320 2675
819 2084
2018 2493
1606 2808
991 3285
303 828
4001 4203
1847 4384
521 2998
120 1499
960 1930
226 730
97 3503
640 3718
212 1696
797 2192
1553 3474
663 4338
83 457
155 631
2458 2615
2539 3576
648 3162
1802 2386
2224 3362
318 3334
483 3201
1281 1393
617 1245
1342 2318
305 1288
17 34
1688 2206
266 3458
1133 2277
523 778
1752 2577
1142 1555
1548 3016
770 2527
54 3075
867 1918
379 4165
1383 1528
2127 2188
332 1192
3409 3541
807 3283
1520 2571
98 1331
4213 4502
45 1960
549 2854
432 2370
148 1392
862 2214
1902 2432
248 1733
901 1194
686 4290
442 2132
32 188
699 3028
146 700
198 1183
162 2346
416 708
893 3779
3 3437
4070 4339
844 2439
917 2430
2153 2463
620 4009
631 1709
110 216
1565 2093
462 2114
803 2657
120 612
92 3325
405 456
1225 2610
3027 3207
3011 3649
1319 3098
279 2509
1951 2899
1972 2510
3625 3922
1180 4283
1400 1886
725 3505
337 1350
2594 3933
554 3191
2181 3486
1994 4280
3323 4370
963 3571
102 317
3598 4328
455 1602
666 3532
243 3942
3770 4015
299 718
298 935
1034 1049
1269 1680
1457 1581
293 336
73 275
3100 4254
40 48
65 247
1151 3861
409 772
395 562
1 5
1993 4311
3131 3575
370 2863
141 3722
164 240
200 973
201 3847
2125 3110
1725 2438
2469 2691
809 2923
1008 2020
100 285
603 1048
118 819
1786 3263
1749 2730
2847 2915
2874 4040
785 1879
951 2605
281 3574
1836 1928
1069 3220
412 2333
17 2764
1096 2363
275 422
256 431
2007 3122
3930 4451
163 1073
2176 3408
329 358
1866 2151
286 488
59 4130
97 409
2857 3159
127 625
507 677
80 153
49 3394
85 397
455 655
517 1610
580 2090
824 3050
3864 4204
498 568
1746 4416
1043 1661
1467 3499
335 514
2405 4157
2148 2732
226 620
3052 4436
3441 3741
177 217
1103 1991
218 1269
57 95
314 926
598 929
81 106
1205 1293
2149 2964
208 384
670 1138
342 345
322 1291
51 2550
977 1345
464 1452
307 1181
1603 2031
195 2845
80 2390
1863 3451
165 4435
573 4389
1024 2875
1601 1900
1164 2962
224 645
986 2670
2383 2707
458 3002
134 202
696 798
185 507
264 443
2245 3216
2692 3300
1275 2515
3725 4501
409 555
1474 4028
505 1603
593 761
1173 3528
1983 2642
237 1859
2214 4402
258 2324
149 320
3143 3476
777 1773
479 3358
74 3834
379 1280
712 2823
788 1261
523 1950
1351 1870
1253 2846
280 4513
27 29
836 1552
148 2298
240 963
1984 2196
18 149
1773 3049
1708 2404
698 1120
426 1539
714 1756
3494 3751
1240 1328
2813 4335
1168 1273
553 4109
68 768
164 1133
3014 4318
2874 3172
219 243
562 2348
1562 3349
731 2520
420 2792
1831 3185
2743 3045
1273 3536
2515 3130
487 2163
1815 3958
1881 3845
429 476
1411 2094
160 226
370 845
809 3996
1474 1742
589 2929
211 4017
601 762
482 1111
2869 3750
359 4147
1345 3407
1563 2949
222 2988
147 521
360 1585
256 388
2080 3534
769 4209
1572 1723
801 1443
1121 2477
590 643
289 1296
52 958
1355 2395
3089 4415
414 1821
1300 2138
157 1390
742 1580
1023 1935
686 1498
657 3656
3619 4059
1249 3562
1178 1210
1647 3790
372 1956
31 84
492 558
2546 3708
546 630
2829 4484
107 816
2188 3803
1183 2687
104 2731
2171 3700
1861 2064
50 126
1036 3190
1291 1953
329 706
586 1311
738 1376
809 1236
123 967
1885 4340
611 912
281 1221
139 516
2159 2881
45 157
444 3071
471 3406
1416 1980
160 1589
466 1675
2537 3618
303 314
211 964
39 117
1004 3832
2148 4342
263 267
1185 1676
288 2281
137 2414
1418 3974
653 796
903 3973
28 385
829 1298
616 666
2683 2709
224 891
1420 2775
396 867
314 2893
1205 2400
3179 4433
1146 4142
119 449
3718 3767
279 1768
1202 3542
13 518
1828 3865
166 578
2234 3862
1174 2865
798 1713
2317 2930
3904 4357
291 599
2514 4088
253 1043
699 1247
108 2329
3666 3724
394 1122
218 543
728 1831
196 324
3925 4278
285 570
29 948
309 362
3026 3063
539 588
1039 1368
515 750
26 35
3368 4260
1010 2182
216 1022
1205 3702
2711 4315
354 1479
2616 2860
1061 2982
958 2954
429 2293
237 311
534 917
173 250
2084 2098
1666 1688
967 3096
59 116
3318 3423
1733 2624
515 1365
2346 3100
320 444
707 2719
18 1926
2903 4475
2357 3695
21 159
4 764
15 168
451 982
1514 3042
1311 2454
7 8
843 857
245 1981
1600 3148
1612 3633
98 1591
1330 2415
2002 2897
1236 3992
955 3768
3175 4210
1166 1653
114 436
136 918
3802 3894
1096 3825
2853 3347
287 2449
1345 1864
370 428
3019 3818
1639 1975
2677 3286
950 3271
3138 3372
45 129
917 2255
229 2921
12 23
3481 4271
971 1873
3028 4441
432 1190
1487 3212
1012 1096
395 3062
369 613
2413 2989
1308 2092
3033 3835
526 646
1274 1624
1740 3280
1462 1695
403 2375
262 593
300 333
902 2704
1297 3795
501 582
1092 4145
549 2176
16 26
329 618
1515 2833
543 1753
713 2155
1264 3039
1296 1637
607 1673
1307 3268
704 987
2039 3323
1199 1648
2651 3881
1846 4196
1386 1640
73 2769
156 1352
2023 2968
201 2224
1658 2041
650 659
49 1231
704 2634
428 1045
2708 2787
317 2541
3338 3770
26 133
41 410
85 134
1809 4243
334 2080
902 1811
159 594
807 4092
24 679
3363 4160
2225 4182
158 2050
495 563
1294 3540
3334 3607
32 146
2548 3239
1881 2959
1202 2202
2148 2273
22 2407
221 1292
448 475
321 1173
1 6
825 4101
1836 2855
960 4089
1147 2567
548 3928
256 649
27 65
522 2233
97 728
2499 2738
1431 3093
512 3623
459 3426
2986 3359
96 209
4222 4414
2524 3507
1275 1881
503 1214
2200 2296
3407 4078
4214 4261
102 1664
1280 1769
1093 1212
718 1904
25 94
84 2818
183 389
935 4372
2416 2777
1000 1100
2621 4093
647 951
1391 1798
332 1039
4 490
183 842
3469 3924
225 445
364 2528
1609 3626
843 1132
420 2966
3915 4316
1205 2065
2637 3785
1448 3118
3961 4425
2545 4483
781 4379
1041 3276
2924 3930
3664 4211
647 687
3868 4353
2150 3568
841 2241
507 3598
1150 1272
2164 4169
596 4496
814 3579
2016 3351
1233 3976
961 2487
67 438
2854 2857
857 2536
57 78
470 3314
1632 3431
1905 2305
1208 3720
3450 4507
190 754
1217 4320
1143 1204
128 776
866 2440
961 2219
3192 4366
2704 2940
779 1241
914 1824
277 341
3586 3706
191 2126
578 2828
111 143
2 215
233 522
988 1615
125 128
2536 2569
2031 2369
500 3749
2772 3086
1936 3274
1880 2999
327 1617
1152 3642
1661 2859
1402 1486
75 104
136 3023
435 3221
254 1074
521 3435
744 2609
493 1614
4105 4194
43 2135
3277 3799
1840 2840
1412 3120
62 194
582 1500
981 2421
1117 3506
3495 3912
593 600
454 597
463 478
630 637
2751 3192
95 97
3546 3705
194 1107
1624 2129
3225 3240
1123 1782
1099 1657
3125 3798
801 826
1161 1271
785 2199
428 2516
556 1558
165 1857
1481 2643
234 661
2727 3215
2961 3260
716 806
225 245
2031 3504
3124 4061
124 147
2144 2633
1398 2166
190 1663
188 2621
1478 1844
8 17
434 843
3827 4498
635 1692
117 2396
618 740
1417 3129
1927 3483
100 571
653 2010
254 1677
1107 1473
340 941
2084 4217
1848 2317
24 3051
2497 3019
174 3577
742 2796
569 585
1383 1851
488 584
1349 1434
1450 2512
696 3597
1722 4232
1789 2944
2339 2611
689 3249
1082 1761
1155 2501
12 42
1855 3480
1108 3739
3444 3971
500 2175
246 1820
1452 4404
242 1013
78 3519
1507 4291
141 848
387 641
2050 3955
171 4075
2457 2698
1755 2483
1788 3454
852 2848
44 60
617 3946
305 2651
467 1553
1174 1964
574 3784
1240 2597
18 163
72 115
492 774
3113 3684
1009 3936
8 1123
2290 3745
1556 2331
1259 1448
1004 1255
2894 3238
1156 3313
958 3580
336 1243
353 1805
131 1743
1583 3690
1719 3846
505 1080
15 101
1207 1326
1850 3828
1141 1403
852 1149
206 1907
546 869
358 2671
2134 3883
1195 1342
1343 1363
2991 3494
1318 1412
834 3107
574 1308
290 2724
14 2649
1862 3545
926 1449
2681 3876
259 2101
1158 1797
91 184
4115 4167
1288 2100
234 308
3609 4031
349 714
2831 3651
1690 1816
479 1466
2251 2359
135 150
3040 4239
600 1266
1325 2797
458 1159
740 916
2545 3176
397 836
31 36
57 1400
1661 3231
1157 1202
2412 3488
3332 3899
472 3655
878 1431
301 4386
1208 1596
1756 1999
17 63
1672 1720
846 1649
99 2349
718 1095
2771 3900
103 1595
3017 3601
2411 2692
679 3145
1791 3391
234 2406
2071 3535
570 1838
772 2896
554 742
2554 4060
24 28
4343 4430
308 509
1598 4314
2169 2556
909 1790
2079 2952
379 3943
796 1289
3213 3469
236 379
261 293
352 4219
786 4046
227 2137
1813 4247
852 1028
2291 3272
1238 2283
2327 2507
3015 3587
2124 3104
423 2735
192 624
1918 4480
904 3095
340 401
1597 3069
2073 3593
711 1647
2 3748
3146 4299
500 1200
3326 4173
752 2991
2934 3234
959 1356
82 274
225 2783
996 1597
284 1921
1016 4282
722 2494
2691 3654
280 1213
174 3414
2264 2946
1317 1358
1496 4347
2208 3322
1661 2310
233 947
87 90
2236 3177
1106 3821
2701 3402
1203 2514
3504 4224
578 4154
298 1408
1724 2529
1544 1776
36 2150
2669 4364
2374 3262
252 1084
146 162
1036 2141
1842 2925
2291 2422
975 2109
424 1771
742 2937
1941 3150
629 1707
558 902
2675 3143
564 725
2200 2774
292 933
902 1489
446 1310
106 120
1579 3671
2936 3679
1116 2914
1788 1834
3048 4094
805 3097
927 2636
1502 2997
469 2274
2190 3186
2419 2890
649 1606
2533 3665
733 1738
1767 2804
285 784
2341 3713
22 1996
1130 1808
3548 4091
1565 2555
398 3831
138 1207
22 3309
314 3979
80 3781
229 2542
220 3379
226 1155
1577 1936
382 841
669 2047
970 2372
2324 3555
2897 3730
335 988
941 2759
2008 2847
2949 3641
4144 4174
495 974
92 2491
1237 1507
3040 4087
601 712
963 1762
2260 3948
47 223
2364 4472
1535 2584
4002 4164
1122 1748
1078 1796
1194 3060
162 1270
714 1573
159 414
1926 3413
1542 1652
371 458
1332 4131
3270 3893
1916 3788
708 1276
69 4350
211 1622
1586 2673
697 944
438 914
2869 3596
1572 3258
52 335
1486 3613
3057 4137
798 2594
2495 2996
1721 1825
598 709
1111 1839
425 721
517 3830
267 3756
2165 3464
1399 1503
2326 3473
1168 1605
930 1833
463 3457
1746 2453
307 2157
255 1471
535 1532
668 3312
26 685
1156 3672
441 2245
1121 2042
1354 3154
138 1005
745 1519
3909 4449
405 1415
45 321
9 40
1611 2773
630 3203
260 334
224 553
417 644
50 3563
1248 4448
3541 3566
6 14
214 1952
450 510
24 1088
9 574
2663 2837
3019 4375
534 810
1411 1933
992 1994
985 2535
258 1108
102 3740
1244 2356
219 575
4 360
3118 4368
2828 3445
304 2403
344 3273
2874 3038
13 20
787 1549
2426 2476
242 1053
42 281
550 1248
309 417
4265 4405
491 1340
1112 3188
15 85
261 287
1333 2279
143 2686
43 351
311 569
1118 1419
291 532
87 99
98 238
1087 2320
582 735
1434 3047
4305 4374
614 4112
1785 2076
3255 4325
197 1127
1244 2082
3134 3472
1579 2810
1922 2987
855 1655
2952 3054
922 2990
1392 3339
360 1799
1411 3561
150 187
1506 1895
1534 2379
137 292
3473 4289
541 1170
251 1689
2693 2763
3050 3141
34 503
1013 3017
1634 3153
3423 3565
2818 2820
811 2099
1782 4176
2525 3712
24 59
186 191
38 73
871 1381
138 3628
876 937
1857 3135
1819 1901
211 998
1658 2517
977 2102
12 1788
2225 2978
1275 3852
276 357
1111 2948
252 331
1339 2230
4 2412
1261 4438
724 2111
343 981
358 1961
577 789
1463 2019
5 100
1685 1721
1207 2054
1948 3880
328 3024
1238 1938
435 1020
612 4023
1117 2216
513 704
2893 4073
2694 3931
414 595
1880 2894
841 3376
319 3392
433 1931
2056 4249
220 264
1389 2360
328 1593
520 3214
355 537
1371 1430
1667 4198
479 1330
917 2942
21 1404
593 1099
417 3163
3441 3860
1882 2831
2372 3267
265 1488
2227 3468
2186 3121
1 4400
3197 4302
174 1569
1159 1502
99 1017
680 1002
620 2931
832 3802
149 4086
3313 3520
302 697
289 3026
684 4281
1137 1436
2213 3139
1746 2706
1132 1562
413 785
2824 4403
135 696
1167 1538
228 1135
1015 1136
2057 2702
435 1594
655 4307
637 1044
3601 4253
280 1477
1651 1882
480 701
1160 1246
1020 1283
718 771
2059 2223
3901 4331
163 233
728 2545
230 378
3205 4275
190 3200
205 1360
86 455
1790 3278
772 1034
2167 2612
1189 2266
819 1711
101 200
1425 1892
30 61
1537 2008
1174 3356
633 2264
472 3726
3937 4324
680 3957
2224 4111
529 723
1523 1601
2447 2905
32 590
145 1116
259 340
2201 2667
541 1572
2965 3378
2457 2586
568 1465
89 550
13 212
641 1121
267 2822
1323 3246
1397 3890
1352 1760
1320 3013
1803 2862
1000 2912
236 258
695 799
4315 4322
641 2625
1255 4454
480 1551
1410 4439
80 214
997 1314
40 64
830 3302
219 940
109 349
1907 2540
271 1561
850 1703
1488 2354
1332 2172
933 3336
1775 4074
543 1285
1211 1970
891 1008
1469 3269
1144 3440
749 2751
499 671
500 3797
8 849
339 347
423 4148
1963 3498
932 1031
2025 2053
1446 4070
1278 1559
1983 2083
1387 2505
449 3630
1043 2313
1780 1959
148 3560
1624 4321
81 4268
84 2272
1203 3422
529 2465
760 1104
884 2285
851 1885
280 466
1352 1460
2803 4206
39 370
349 4258
2240 2399
454 3737
46 253
16 57
357 485
990 1598
28 50
619 2189
99 241
3452 4030
849 2235
1223 1868
15 51
1813 4177
1292 4205
942 3411
890 2565
2053 2877
1087 4270
96 670
910 4396
605 1619
2421 3858
650 2919
2878 3000
1431 1568
3150 3686
581 1339
649 2258
693 1659
223 731
222 2717
648 2229
919 1686
758 2037
1303 1384
2539 2872
2043 2107
502 1665
2870 3495
772 3763
408 3518
873 2645
2 2069
667 911
582 691
18 158
3618 4481
202 1391
12 1217
511 3090
43 122
110 1511
1614 2576
3771 4213
1467 1804
389 4500
1029 1611
59 224
2647 3259
1838 3099
1132 3793
2160 2312
1812 2265
2309 2448
1917 2566
752 2851
1963 2170
1729 1791
954 1228
411 745
2010 2656
2112 2124
297 373
1851 3849
2667 2786
2803 4406
491 1367
1264 4295
804 966
234 381
511 1032
331 462
1196 1215
958 1263
244 371
999 1735
3 4
3070 3995
3040 3388
367 781
11 886
718 1512
1892 4469
327 640
473 615
446 1755
2511 3482
12 623
1480 3342
1892 1966
138 598
2715 3345
7 4371
2020 2384
1820 2901
539 1810
2662 4287
194 602
3126 3514
1696 3952
570 4412
350 1729
365 472
525 609
1167 2685
3686 3923
58 1054
261 2928
152 2398
199 269
3 352
209 3780
276 3939
2117 2697
1446 1599
720 1531
317 1628
1688 2960
1656 3625
1208 1302
2012 2033
217 219
560 1222
1906 1943
2719 2943
1474 1942
1897 4276
202 300
796 1548
635 1129
1520 3787
1313 1920
1179 1230
2273 2321
15 621
3630 4039
447 1065
1281 4195
7 587
8 1205
1704 1998
701 2394
452 3338
239 865
3384 3390
126 398
861 1279
38 136
702 1866
659 4152
1762 3229
2844 3754
132 332
277 3888
790 4355
144 746
2018 3794
108 228
784 2470
2400 3174
450 976
3138 3668
361 627
2940 3523
187 758
2138 2248
2290 3677
966 3052
1918 3299
334 2052
176 218
152 160
1252 3543
1051 3333
2199 3202
1728 3796
113 135
1224 1319
473 2341
400 2343
3050 3848
1543 3604
2305 3288
446 1565
446 1366
1171 4489
106 1687
603 1955
1196 1741
2387 3233
154 1295
161 1962
2902 3938
1920 4297
763 1014
721 1220
1967 2849
118 137
3464 4440
621 2614
635 3194
58 291
527 2502
1401 2720
403 1042
918 2713
2614 3949
192 3344
2302 3538
2245 4445
1047 2228
2231 4380
2622 3178
1457 2869
1585 2153
190 463
1626 4188
796 1297
1707 2745
744 4113
506 809
1962 3757
416 2578
457 1357
1353 3910
3345 3644
284 501
216 220
2786 4215
528 840
713 1038
334 766
649 1462
1897 2291
692 922
1378 3619
574 872
1663 1875
3833 3998
2916 3015
585 1987
1767 4090
1124 2708
3425 4149
1396 2906
243 4509
1660 2162
601 3758
6 19
462 2382
723 1109
517 2168
479 1754
1015 1369
581 1077
3914 4117
1377 1386
1910 2254
3687 3711
1206 1251
1975 2441
343 1061
194 938
50 140
98 484
1392 2261
1123 1922
513 1037
3 83
3406 3808
726 793
2017 2147
1 1456
594 4132
1704 2103
2454 2947
19 74
1973 2210
287 1420
1165 2481
98 1706
1052 1211
2149 2619
2213 3743
513 1315
270 889
690 753
1488 1764
511 1454
882 1160
121 295
369 1513
2224 2886
328 3929
1788 1850
719 1965
417 2532
3373 4005
1789 3228
12 3985
179 213
669 2158
4216 4385
574 1411
4 3851
1330 2128
45 1407
1655 2140
412 733
16 1229
2670 4033
37 622
1265 1809
88 288
1600 3297
761 1353
4491 4506
1133 1633
2214 2243
120 2116
634 3428
297 502
167 2791
1395 2913
125 225
1122 3815
164 337
342 1453
355 688
3162 4002
732 959
1826 2364
405 2705
351 1496
100 109
64 2183
2916 3111
725 2148
309 527
1220 3166
268 874
1799 4310
160 4027
505 1026
116 289
291 338
49 461
431 954
847 3210
558 3595
2573 3183
176 390
1893 2007
3269 3714
120 404
589 4100
465 506
540 4255
109 1355
35 847
1306 1347
465 962
2555 2876
2407 3003
1451 1691
1817 2522
393 2295
2103 2561
249 391
165 4391
1074 3867
109 905
184 573
1270 4041
337 1379
634 2018
2275 2393
7 41
3332 4273
2592 3253
1818 3043
3397 3984
239 260
1443 2716
1088 4175
4270 4442
484 1259
2588 3196
143 4257
448 3061
2947 3645
2170 2659
1207 2055
278 2832
1719 2744
2028 2424
466 1634
204 1774
1037 1667
509 517
203 206
678 693
1351 2531
112 297
714 1299
1628 3065
403 1544
649 1067
12 561
2158 3169
88 114
33 416
1102 4378
2670 3326
322 1240
45 1923
913 2420
3282 3789
188 534
2027 2278
174 230
623 703
401 3337
99 304
575 4077
237 330
675 991
134 161
1832 3171
247 2139
3 30
91 893
307 1514
1365 1560
680 2088
1813 2185
1917 2284
672 1130
967 3777
405 3264
1540 2288
8 2650
131 204
1074 1254
984 1035
1027 1188
827 2752
1098 4082
2419 4024
843 1472
535 1085
70 3250
180 4292
24 235
1260 2444
1511 2573
37 227
1786 1976
2732 4367
793 1140
2393 3247
1666 2801
412 496
1688 4179
840 2466
2922 3374
1004 1427
547 850
1871 2408
767 775
1454 2994
941 1852
71 4369
207 296
112 142
1288 1439
1854 3688
2748 4376
78 2843
2273 4474
1197 1856
1122 1793
411 545
1366 2736
46 581
208 658
1633 2104
65 172
239 298
361 1897
2671 3516
1911 2073
1939 3631
559 1303
725 4383
748 3102
1774 3859
258 760
3668 4399
2146 2156
22 31
1401 4360
1869 2456
1530 2012
1461 3732
549 1167
381 882
2073 4227
8 21
495 2482
1115 2270
70 239
975 2543
2393 3315
198 2410
1272 2601
164 189
1637 2596
297 1307
3548 3582
2127 3077
2939 3592
1982 3629
886 1177
10 71
2103 3678
101 1323
1883 4250
214 1516
1410 4110
1447 1469
1765 4452
364 489
593 1203
728 2048
235 284
3399 4118
569 1837
209 2351
32 79
1916 4114
1940 2119
2531 3296
3288 4020
662 2190
1317 1416
23 81
1917 2303
2192 2798
1982 2434
306 364
120 283
1667 4510
1788 2965
690 3037
363 707
260 773
209 1855
35 2174
1726 3412
2009 4488
991 1817
1589 4269
661 994
593 2629
2027 2684
239 452
3289 3328
3696 3897
644 1076
340 2173
279 3108
283 535
2089 3381
2 164
196 419
1165 2892
3408 3558
2903 3218
1072 2888
295 1333
95 365
433 580
4036 4116
3093 3564
3680 4246
355 3500
592 1574
442 1182
281 343
69 524
1353 4162
123 127
124 266
2451 4231
1004 1632
768 2328
1491 1770
658 2451
448 1682
3110 3956
1299 1699
2693 3792
190 366
246 326
3029 3146
2722 2895
1264 1385
42 195
427 460
1270 3918
154 1000
49 110
3411 3764
30 38
787 1972
343 1914
1639 2662
2739 2816
1240 3817
3041 3277
1422 1646
1072 2276
1077 1249
614 686
221 668
3559 4329
785 890
2218 3295
3901 4267
938 975
500 968
1772 2074
