6621 6620
539 4423
355 4240
2160 3748
1422 2355
3470 5664
843 2766
161 383
4730 5408
1655 1881
1722 1879
776 1953
632 6086
614 3079
314 730
2940 3390
186 4116
2754 2842
2168 4797
1693 2297
2464 2513
172 556
3416 5637
61 192
2114 5824
2906 3971
1937 6496
1483 2054
530 1544
2271 5412
4054 4819
2286 3979
2225 5163
1580 2551
1123 4729
1013 1870
2407 3567
3881 5201
555 1593
3118 5797
2368 2524
112 115
1532 5520
4582 6162
33 181
537 4766
2245 4917
1499 1711
156 2794
660 2122
2402 4265
2322 5753
2078 2255
2628 6243
1056 6371
3120 3291
550 1336
421 713
124 360
2690 3709
36 60
2059 3062
482 891
163 757
654 703
2618 5675
33 346
12 4775
808 6028
2171 2288
2243 4875
1719 4989
1394 3126
824 5644
1187 5982
1524 5611
197 208
6226 6382
998 3838
1333 3768
423 1957
530 2093
286 1091
1121 4077
3 75
5327 6342
879 5212
5134 5732
398 832
1958 3842
793 1705
1495 5884
1748 3273
309 311
500 4327
1224 1936
1932 2162
4119 5553
1957 2602
76 2715
296 489
2345 6592
4861 6093
1906 6045
4118 5916
1239 1287
3267 5602
166 191
1774 3623
2126 5891
3975 6115
342 1036
1020 2049
165 546
1574 2502
228 562
498 1478
2047 4451
2879 4037
1342 1728
1764 2689
3833 5811
3057 5617
1963 2453
1161 4252
1408 2952
20 1240
1030 3765
107 997
639 3984
2147 2745
2811 5608
983 4581
322 371
3788 5049
2086 3950
1039 1259
422 2906
2939 3082
70 803
782 1530
109 122
429 3716
558 5752
4191 4658
635 2152
1835 3001
188 519
2827 5515
607 1445
3282 3814
199 1230
907 4156
2031 4612
194 4698
1040 1235
714 2225
1012 1481
2821 3639
220 548
1326 4463
48 3508
823 1160
29 193
1769 5330
3914 6047
3140 3589
1874 4264
471 628
3337 6185
1571 4719
1389 6527
2034 2113
52 787
63 435
304 3484
45 4713
1173 1280
1662 6354
1671 3326
650 4068
4416 4974
689 1187
4105 4287
2519 5687
1733 2389
2647 3514
1066 6522
1615 2033
5400 5656
1111 1795
1649 5175
837 6495
2425 3042
2974 5446
4405 6355
4517 5132
1213 2989
5636 6174
1264 1327
2215 5640
894 1132
2393 4373
749 828
1317 1966
45 368
3707 3999
2407 4639
330 510
4158 6000
4325 4364
1270 6486
1460 2293
96 190
644 1000
664 1567
124 182
1277 4456
599 2064
910 5533
750 3222
897 5666
1880 3541
60 110
5106 5998
2733 6193
1347 2799
518 2037
173 1367
27 161
2701 3550
482 4757
3457 3936
43 1229
23 1885
2821 3265
1387 3632
3319 6198
794 1597
1657 2233
1069 1114
3516 4858
464 1617
425 5678
71 583
1537 3346
54 2808
6374 6553
164 529
1506 3835
1032 2429
1234 3888
4721 5588
4261 6362
912 2926
463 1531
347 2638
1885 1998
1590 5367
644 3620
922 957
4423 6332
1512 4730
62 2018
224 1632
2145 6054
479 3667
4637 5885
1570 2139
374 2575
338 2630
1472 5039
504 2100
1938 2981
3309 5954
1435 5172
1461 4546
226 353
4364 6485
447 1410
437 620
1201 1220
1179 1265
1676 1713
105 1608
341 5691
380 2414
3648 3736
2289 4641
1640 2353
109 120
1927 2716
2657 4770
679 3168
1937 6424
309 1922
257 5448
442 508
166 1809
201 466
3393 3976
2262 2447
4948 5555
692 3611
348 1196
272 4820
227 235
5588 6514
1085 6121
181 486
1014 1292
22 898
5131 5839
211 331
11 19
2895 6126
2342 2889
656 685
2793 4271
1210 6188
1686 3665
1509 3084
1793 2445
1002 2377
1111 2229
219 1902
136 275
663 2280
3731 3806
3253 3438
193 1496
2200 2298
2849 5325
3742 4188
993 1599
532 2161
2113 2731
35 171
4007 4596
2855 6364
4700 4706
3315 3324
5096 6476
735 788
614 815
754 2591
158 772
1037 1561
302 6140
1972 5482
2217 4981
4115 5894
69 168
422 2409
1102 1838
784 3804
961 2148
571 2568
2161 5938
40 85
1268 2802
108 4519
1646 1891
255 1108
1427 1969
1556 2062
2245 3481
1281 1735
618 878
636 6046
3282 3379
157 167
576 2358
738 2360
2593 4097
620 6172
3095 6574
1887 2651
1323 2263
240 487
4710 6482
4126 5545
201 5904
1585 2022
555 1305
924 1192
2243 5292
438 616
2641 3530
1196 1233
5097 5101
724 1429
1345 6108
96 370
2167 2320
565 1521
4848 6012
193 319
5699 6081
36 178
2336 2461
836 5497
683 6152
3775 3780
441 1492
5224 5426
372 1098
3828 4592
2174 2261
2145 3262
1102 1477
870 947
2553 5595
1026 4208
647 1109
3522 4816
1640 3055
1688 3593
656 4633
4866 4901
345 351
2010 2143
1345 4123
292 762
14 44
725 4209
960 1476
1291 3443
1223 2690
351 829
1051 1831
1731 2198
2766 3319
39 3560
1826 1926
464 4146
139 929
1686 2454
56 102
550 1249
3162 4598
301 1313
149 2430
258 918
296 4350
4752 4788
3325 3816
3969 6438
4552 4888
584 1666
2405 4014
12 295
183 700
272 2413
2219 6406
2557 4846
146 176
1368 1765
2684 2883
1102 3135
736 879
1213 3827
4268 4619
1235 2471
1506 2643
3307 3677
1187 1943
2615 4481
5626 5854
3815 4636
3755 6405
114 2063
2080 3820
997 3056
1048 1962
2125 2838
2312 2532
1840 2781
476 587
671 1976
541 2433
4404 4928
4838 6202
2573 5540
1807 3720
858 1156
691 1652
848 4993
587 5284
2226 3578
3466 5648
2964 3532
2380 6138
132 241
3478 6348
2080 3167
1194 2545
1275 2163
1997 4759
504 5214
226 294
3587 4062
136 391
209 3568
1320 4973
2560 2822
3429 5047
3651 5107
4014 6350
993 1689
1060 5613
2096 2726
3776 5729
1209 3819
1228 1636
575 2333
315 1587
2994 6016
2116 5479
995 1745
231 1199
3115 3344
3857 4031
1029 1853
2286 3585
2581 5624
622 1796
448 1099
1435 2211
693 721
1060 1348
1092 1375
734 4784
538 2365
113 2904
3130 5005
3024 4137
690 810
2963 5516
1612 2222
1915 2846
1699 2988
2488 6044
658 812
246 564
1904 2519
1019 1611
2489 3398
5322 5673
1528 2692
4919 6596
203 5747
858 3363
57 2458
2205 2560
4632 4656
245 2425
3809 3987
1040 4902
1757 4554
675 1210
11 1161
1043 4954
2152 6077
3651 3756
2124 4584
415 1119
2214 5845
2676 3738
74 6300
5056 5663
410 478
2163 3840
5 3275
1070 3935
468 5642
962 1945
292 372
2798 3147
412 2361
353 499
4131 5493
775 2140
2469 3471
1643 2503
198 2785
3328 4143
2057 3234
4255 6194
2119 5712
1613 2566
3038 4809
254 521
1308 6212
148 4582
2188 2851
2705 3703
1286 2001
3288 6279
1644 2302
1746 4452
82 2959
3541 4076
1081 1978
305 484
456 3515
4181 4408
2639 3886
988 4503
1068 3744
3507 4565
153 335
835 1227
3265 4215
266 6506
2213 3577
2041 3652
3691 6088
537 690
1216 2046
5154 5548
380 1993
5801 6275
817 2671
847 1851
127 3111
1838 5901
293 441
1375 2956
1096 1248
3190 4533
278 4692
1531 2739
830 4892
84 5487
2038 5027
2131 2510
98 201
378 532
1004 1522
183 303
2190 3347
1056 3266
2590 2896
541 656
1887 4270
1093 4422
1179 4299
1046 3085
179 4644
3334 5142
2770 3636
423 675
1021 5011
804 3067
736 1078
5059 5689
2384 6412
3489 4478
3364 3408
2750 2997
1527 4182
95 220
2213 5478
4614 4631
992 3455
533 3243
422 1744
2385 4466
3926 5686
2901 6207
108 111
183 203
236 1392
685 4731
1560 1932
520 4171
2018 4807
1140 5784
254 5740
44 632
6 14
1815 2892
1930 2313
1310 3420
644 6583
4877 4983
1460 2185
882 1007
711 6584
1170 2961
972 4475
149 375
840 3395
5550 6462
418 1726
2404 3331
1331 3569
680 1401
2973 3875
2245 4946
5453 6428
2208 5447
1002 3769
1182 4714
2574 3638
1280 2418
469 888
363 5119
4498 5958
584 5241
5021 6427
1374 1625
399 4760
2643 6009
307 1991
5019 6224
742 894
265 416
34 78
962 4488
6216 6494
1865 2121
4651 4877
1082 6167
5362 6127
3213 4776
66 592
5025 5173
3433 6383
4423 5742
4581 6346
1429 2451
2405 4476
4570 5310
5214 5968
38 256
581 4244
3136 5030
2001 3542
650 813
958 1288
855 966
3808 4815
2667 4694
2483 2683
1421 4334
3498 3858
1646 5464
198 3543
1625 2095
939 2505
1196 1360
2045 4938
3731 4151
1581 3870
3256 5157
2417 2810
1133 2922
1340 3860
1527 3467
1762 4386
3260 3917
2349 2768
1352 1649
651 667
3237 3664
1184 5544
2274 6325
347 6035
351 2272
3092 6005
471 1310
4534 5434
466 2863
1052 1550
5470 6609
1255 1528
2015 2537
407 2990
5276 5490
3051 3297
158 4895
432 1065
1884 4708
3442 5242
92 200
1366 4999
1314 2709
633 851
3364 3772
2150 4794
634 4030
2132 3397
430 2391
3927 4430
2260 3096
1309 4521
544 4026
397 1767
1384 3713
1725 4663
896 1590
237 551
3248 5695
5792 5959
100 698
1102 2073
598 606
630 1234
69 404
377 3173
3494 6189
2792 4603
905 1504
355 5353
3 7
2673 6409
4010 4952
2726 6150
442 670
1656 5401
2749 3499
243 493
5013 5024
3080 5659
353 3538
4350 5772
4182 4185
3008 3472
3138 5628
1739 2379
717 921
71 5317
41 4721
3173 3800
3275 3553
223 439
4501 4594
1173 1424
389 643
1281 1847
245 1267
1308 4454
5052 5229
3299 4280
2436 2449
605 1245
215 723
39 3028
2924 5568
951 2424
3314 3981
1390 3199
6 3410
6025 6110
1414 2378
1529 6402
160 2824
430 2763
183 5025
1013 3991
1628 6318
363 2877
252 641
3373 6498
3491 3893
94 4140
1693 3049
1486 1988
674 3018
2047 5304
5455 6215
1826 2075
841 4834
2149 6056
546 4225
2064 3256
25 97
2068 2880
1086 3592
2041 3994
752 6472
231 5352
5615 5921
2662 6437
497 2385
5177 5636
2349 4510
1227 1877
4064 4176
849 3784
143 1464
2457 5275
1332 2126
1504 1505
1136 3740
5295 6429
395 1654
1821 5942
1064 3943
671 1759
3201 3239
541 728
170 389
3520 5925
1498 3977
873 2833
190 2036
1442 2077
3030 3602
1905 6319
1290 1647
124 2929
2992 4690
353 1665
625 5994
5551 6218
1337 3258
37 42
958 2940
2407 2571
1207 3019
802 6090
1922 2247
863 3381
379 715
16 221
16 89
386 5813
4997 5855
45 634
2391 3601
663 5692
272 4748
5327 5547
36 274
1126 6378
2443 5937
278 1266
200 1553
2274 4049
2610 3193
2104 5404
4061 4969
913 1719
48 2944
552 3610
1300 2257
1485 1524
2 17
647 2215
1454 4161
173 1784
182 432
262 3887
80 477
1603 3642
2610 5765
740 2595
1956 5340
108 2309
186 196
300 749
573 1925
347 714
5378 5804
2736 4616
104 2738
623 4352
28 248
4015 4300
91 1473
978 6503
4608 5297
3871 5775
414 1488
151 5538
5583 6101
642 1257
1916 2750
956 1066
105 5378
625 2559
1339 2031
62 63
745 2394
468 1167
632 2359
10 84
4032 4134
2350 6365
4563 6153
985 2417
6216 6607
1722 6007
3833 5733
1481 6618
2094 5096
1534 3729
2183 5456
3875 5933
2632 4330
2649 5496
7 54
3525 5722
752 2393
578 975
1750 5882
859 3185
335 500
1090 3189
3904 4338
250 1216
747 1643
1364 1914
1042 1051
1619 3366
244 343
170 2026
2554 5390
817 1013
263 621
407 3526
496 1690
51 2226
1587 5991
1926 4526
1554 4309
1342 1485
5013 5224
1217 6367
3016 6538
348 6555
239 1470
3772 5377
163 2907
1533 1583
1337 5791
2727 4467
2115 3108
590 1741
3162 3604
262 802
4690 6556
1410 1540
12 47
465 1061
965 3696
1548 4432
2625 3503
307 5417
1361 2772
557 1293
16 972
1098 1911
1414 2796
3136 3141
1712 2859
1531 2179
2162 3161
4287 5599
349 992
96 116
5275 6373
1894 5180
2951 6112
577 1906
854 2315
403 867
3470 5113
4500 4691
311 384
703 6067
1307 1839
4379 6598
792 1601
5879 6253
4237 5679
371 964
1307 3097
2009 3003
1883 3739
1734 1752
5372 6311
1157 5879
3096 5370
2925 2935
2471 3113
240 262
349 464
1906 5092
115 4515
3957 6159
540 2483
622 1285
123 563
2791 5557
570 1032
141 446
482 1892
206 365
250 4342
1343 1806
490 497
2245 2572
441 4733
5120 5918
2519 4595
3848 4823
2097 2673
5202 5834
971 1941
636 1246
2207 4448
691 4012
1326 6190
4731 5973
175 6158
497 4158
1281 3483
397 908
139 293
2307 3488
593 1044
104 2053
1791 4110
120 237
1465 2370
459 3330
1120 3863
23 1773
2347 5251
531 2986
2482 5575
634 842
2092 4145
2770 4046
260 976
569 702
2675 4724
184 6331
3194 5798
6 1864
1649 5653
5471 6295
653 981
816 1675
1050 4695
258 602
1285 5202
1660 3133
1633 4538
3615 3662
297 1651
3274 4418
713 5110
81 1673
2115 5768
3601 5063
1432 5707
4209 5257
5279 5428
432 1097
1888 2045
89 1460
2658 6049
580 5082
39 358
308 329
391 669
194 596
3093 6536
128 946
245 1462
4440 5491
76 2450
577 1224
24 55
2223 2495
1054 3552
390 3150
92 1443
145 1054
2028 2167
62 126
458 2829
3891 5910
3477 5356
2020 3787
459 1015
5093 6033
459 1446
736 3688
4381 4570
2286 2506
2040 3775
1792 2625
261 1849
1350 1778
110 243
167 2765
520 841
1594 4032
99 745
421 1209
1525 1588
2347 4260
83 1947
3235 3832
2339 2623
184 1704
909 1545
240 503
320 1223
4501 6197
4168 4181
3418 6222
119 213
4846 5582
1525 6471
3015 4668
485 633
4813 6483
1751 2544
451 5344
2352 2622
979 4732
1599 5117
624 1323
209 287
5193 6268
1171 4055
554 2843
843 895
3692 5351
2103 2970
1718 6259
928 2066
850 1685
258 822
832 2966
292 296
1426 2118
1749 2474
380 726
2724 5594
1048 1764
4760 6006
764 4157
797 1619
1896 4926
4 4940
529 2527
1019 3313
17 79
2895 4009
118 119
879 3166
70 277
716 4235
1287 1787
1411 2868
2665 5138
425 913
18 45
4651 6036
2131 2598
102 260
494 524
6 485
6008 6234
2996 5697
316 514
558 691
2373 5525
1430 2286
2936 5010
43 1754
180 6577
2622 5198
5079 5099
5325 6216
694 2224
2857 3015
284 362
924 4755
147 1554
330 1180
1450 1469
3593 5919
1435 3959
708 5847
780 1758
2413 4067
1690 1696
1538 3558
173 1980
995 5269
1759 3519
131 1435
31 227
2569 4597
1525 4486
4261 5725
270 426
2994 3470
426 545
648 4826
353 1124
1617 2523
29 961
345 5012
492 2795
5668 6274
106 536
158 342
162 325
841 2205
403 4455
1174 2949
4193 4450
1178 1252
4420 4878
2329 2693
537 1494
2198 4075
271 3307
1083 1204
443 4493
3325 3693
2134 3350
3137 4147
280 1955
32 2130
780 2296
3959 5253
211 1396
5271 5574
2396 5669
851 1526
222 5158
277 3679
4283 4563
2236 6280
3400 4153
1808 4571
1906 2405
153 3004
3255 6468
6 504
907 1694
2971 5984
4625 4800
2819 5205
2777 3584
5067 6547
495 1121
57 5635
1431 4135
477 2159
1511 2841
849 6165
2778 4411
3495 4723
1174 5432
2228 6608
344 5313
78 121
6228 6304
166 853
671 1653
103 194
324 401
8 69
1106 3267
171 513
4653 5696
5072 5670
3164 5500
987 5454
52 3522
166 2494
1270 3087
29 373
2541 6595
2856 6184
588 611
4802 5166
1180 4226
2455 4635
759 808
2231 3845
2196 5796
790 2428
225 718
170 2337
2481 3246
4751 4918
701 734
1972 6017
2086 3356
516 6415
74 99
315 451
30 81
3234 3527
1021 1971
477 528
1569 5028
3959 6340
5226 6051
1029 2550
698 6273
109 210
148 761
752 4325
1881 3430
2062 3719
642 5780
791 1548
3686 6397
4924 5649
5049 6550
1062 5842
2559 3248
160 1258
454 779
2299 5410
375 639
3916 4839
895 3525
1247 3825
1276 2136
4084 4741
3073 4583
2583 5324
47 65
3981 5388
1380 1523
1853 2723
47 148
526 4976
1626 2252
1746 6204
3152 4991
504 4497
2230 3421
506 926
796 2778
158 355
1507 5466
623 1959
407 1135
2089 2322
314 511
3704 4655
589 2042
3741 6131
1731 6097
318 1693
3124 4951
1407 5375
624 2475
1021 2657
4018 5838
2642 4333
6174 6344
1289 4498
1685 3235
2912 4967
105 415
2409 4711
5851 6132
903 1740
8 3972
3468 5079
1697 4667
1 2
2292 2372
1643 3851
2229 3130
421 2164
1899 5274
2106 2706
477 1328
2460 3947
539 4066
3164 3440
2006 6075
3442 5097
764 4485
1473 6417
505 4765
392 455
3571 4162
3024 5760
127 1273
5508 6027
3006 5087
261 2918
896 2557
1766 4274
3576 5633
3920 4160
1107 1433
30 699
245 2232
154 3908
2593 6510
5062 5805
311 658
458 1467
332 1984
3905 3992
4262 4349
3873 4573
2292 6057
2246 3749
1766 3070
2905 3871
2724 5499
664 4245
2612 5517
1385 2237
2573 2911
337 1381
2517 6610
1424 4686
598 1022
1508 5892
2732 3973
259 5380
3370 4195
300 682
68 827
967 1606
1061 1586
1748 5701
561 5859
1978 2486
1257 5289
5007 6613
50 202
3227 3659
162 1271
597 1069
5202 5849
302 386
2969 4471
837 2014
1411 1756
1576 3409
589 1130
279 304
12 13
767 911
1546 4447
277 2540
28 2764
595 735
44 875
3895 4984
4429 5777
14 90
1438 1541
2421 4674
3635 5552
1648 2025
405 2965
2194 5832
483 4628
223 4727
4907 5369
32 547
747 1434
3014 4118
309 2676
391 3521
3347 4600
3665 4704
126 3088
466 4168
3033 6479
2191 4665
164 461
1444 2972
936 2757
363 428
3122 5977
909 3286
73 755
371 1517
288 1256
366 442
1502 1748
1127 5995
4962 6572
2870 2923
4819 4992
52 225
2700 5081
1134 2221
682 1721
4253 5677
140 234
3436 4586
666 6166
4580 5440
27 515
330 6155
2897 3861
2238 3776
279 1291
1020 3306
637 3415
1600 4746
149 613
2050 5714
536 594
3706 4462
2628 5038
4421 4693
514 5227
4060 4212
2543 5902
4252 5596
3457 6368
468 3389
701 1236
2584 6281
3748 5989
456 5403
235 1064
284 1030
304 609
256 1373
2278 4883
1075 2998
5620 5852
5408 5573
621 1917
3426 4750
598 2310
108 1963
2215 3247
2009 3615
2117 5746
1798 3469
1789 2156
286 786
714 6113
104 1330
1896 2909
534 4126
15 665
884 1733
2659 5828
4041 4378
2186 2467
2647 4803
4077 4332
386 1716
32 51
2292 4311
258 673
48 903
450 2697
24 2103
737 3760
633 3501
1649 3361
442 651
1505 1995
1476 3295
1922 3763
399 2515
434 2991
1127 1355
1064 1300
257 1152
1608 3339
518 1047
56 4410
2215 4165
1146 1558
5439 5459
23 354
3752 5535
1277 6073
3020 4337
1353 1366
796 1749
55 5788
2757 4499
853 1304
2362 3254
2743 3169
5721 5790
2040 3230
3043 3492
58 310
1435 1614
1578 3673
3408 4458
1193 1263
1439 5723
616 3557
522 2856
2938 3320
3184 4980
1921 2291
368 2614
4646 6213
91 212
1107 1178
18 30
520 2761
915 4025
3005 4937
604 3294
947 1886
671 1335
3519 4020
1340 1701
133 574
5 32
1110 2680
100 219
871 3000
1502 1965
2623 2848
153 614
1495 4696
1802 2895
269 2941
255 3573
2602 4609
1683 6573
1694 5161
372 1025
40 1894
175 818
1220 3182
141 2818
2885 5290
545 1490
3304 5197
478 4189
910 1952
636 4773
2785 6413
4164 4832
355 387
38 141
13 1648
4601 5956
1108 3309
3697 3958
1627 1999
834 5258
1564 3517
1608 1709
195 531
4801 5563
383 460
3351 4513
3855 4738
988 4982
815 930
1724 1736
188 394
4131 6087
3054 5741
3400 4735
691 3337
1694 2165
1573 3464
6096 6421
4563 6246
1625 3114
2429 4090
1744 3509
3421 3831
138 5751
676 4059
2535 3355
340 4269
1017 1277
580 2141
224 356
1274 3926
70 1715
2538 2884
261 2253
1113 5472
556 615
3362 5294
992 1139
1447 1913
133 429
2093 2597
288 2395
788 1857
5848 6614
344 4767
2375 3050
2532 4262
841 4150
3187 4431
109 1869
3481 3555
2857 6391
1319 1868
1916 4684
2694 3289
669 716
423 4539
2213 2289
723 1845
2827 6419
5440 6163
639 868
321 642
1631 5460
1121 5171
1863 3640
4202 5040
4601 6011
543 795
4122 5413
453 1858
606 2153
1977 5405
1856 4648
172 472
4780 5188
436 1466
688 6032
348 1250
501 1562
1799 4905
27 28
2276 6449
595 1779
46 62
859 2206
1693 5523
1329 1518
227 454
810 2609
681 6337
515 2249
265 3170
368 826
274 308
1065 1862
575 4542
1437 4396
2523 3502
22 37
1079 1491
5 646
225 1607
211 366
355 2192
1793 5421
4315 6034
1851 2665
2900 6214
4651 6544
5125 5814
897 5083
1530 1933
3881 4900
2374 3312
47 3127
1636 5282
394 423
1434 1820
984 5182
681 5127
1336 6098
4356 4438
590 660
240 554
203 1789
2829 4199
3557 5899
3187 5645
953 2006
994 1441
645 4495
145 459
43 708
291 3416
5078 6440
2419 2864
4570 5191
611 2083
2558 4893
326 962
40 3694
98 316
2389 3131
4798 4978
3291 4551
573 1571
1335 5893
1145 4093
1064 2341
2816 4391
493 4261
3633 6377
49 59
534 799
1207 5889
658 876
33 501
4054 6524
881 3179
1942 3310
8 9
110 1241
2617 3449
371 374
2209 2403
4630 6147
645 1101
2548 4266
989 3224
66 272
3667 5418
2262 3571
316 1811
211 855
1285 1329
2982 5705
1587 3437
804 2287
4551 5150
3191 3915
989 5322
3947 4104
7 163
888 896
439 839
1727 5694
740 1646
1641 1808
2734 5711
1862 2644
1892 5133
236 1084
1965 3798
3797 6557
593 1989
1292 1361
1042 1324
1514 5674
5500 6474
4155 4670
2634 2971
691 2836
3401 4395
1323 2913
3402 4166
2079 5042
1165 5128
1179 2087
2716 6551
1952 1967
168 1487
1990 2616
1217 3810
73 334
2772 4849
3990 4192
5043 6106
1467 1560
439 4947
2578 3967
1697 1836
2793 4935
4054 5570
3699 5120
2968 3518
833 5647
1767 2470
50 873
1615 2275
3576 3902
127 2921
2121 3844
995 4916
4600 5815
1401 2581
583 1949
1826 2719
1656 5263
4587 6232
1398 3534
857 4050
4070 5358
2335 2538
451 520
1887 3436
5993 6401
3411 4734
4176 5844
120 123
177 3903
1219 6134
5037 5629
1 26
542 738
1246 4504
2695 4197
392 747
63 290
2996 3459
1119 5423
568 629
718 4132
425 523
912 4906
568 2290
2713 3900
2648 5946
1806 2135
982 5435
569 4920
3249 3648
968 1568
2952 5400
895 1321
2765 3799
4041 6083
2935 6463
553 2869
304 333
470 4183
2340 2587
904 4184
270 3024
162 3668
2321 6303
3259 6043
1760 1972
1493 5779
4147 4747
780 1027
163 197
282 1982
226 3606
911 2530
3972 6386
2003 5690
1224 1684
148 3864
396 3487
1922 6395
113 280
2600 4230
2964 3378
1127 2184
667 2119
321 1107
2483 2611
391 912
1112 2392
983 3407
2046 6263
2492 3009
1290 3617
276 1832
576 2982
3318 4428
1237 2443
529 6543
632 1866
359 820
908 6142
1737 3631
4271 5858
134 720
470 865
940 1688
2571 3841
1571 4899
273 2090
294 3985
4810 5187
530 3849
1371 6323
263 681
1132 1942
1490 1678
208 775
45 4472
61 138
174 625
3125 5754
507 1640
1801 1981
1856 5950
2282 5259
2325 5176
1834 4703
119 3852
442 2958
979 5299
558 1983
1057 4568
4057 5626
1271 4958
973 4190
1220 3997
1065 2193
1581 2840
1453 2032
3709 6381
1547 1637
3853 4524
293 1798
2555 6487
1074 1079
1290 3891
1788 3767
3462 4611
224 2390
1 3
2493 3655
111 552
365 5546
2512 5219
24 1604
2568 3545
566 603
1814 4136
33 58
915 2901
4293 4964
1048 1052
3964 5970
4379 6585
2839 6061
169 657
241 2543
1591 2466
1441 1805
2616 3672
5951 6606
1241 1363
97 969
2246 3021
1795 2085
896 4774
2705 5857
1785 5817
1896 2617
1744 2305
3911 6604
927 3451
72 538
1421 1930
1798 2435
541 1122
743 3136
2539 4606
3512 4018
696 2057
4265 4830
1779 1848
4093 4413
1745 2854
2205 3053
1449 5578
1258 2600
100 2231
1773 3333
327 1024
41 195
4 162
307 733
479 1338
593 1814
727 4588
4590 5019
2498 4379
2141 6446
508 593
2489 6037
78 2002
9 1042
408 4709
3155 5947
1040 1712
883 2626
830 3038
492 1780
1930 2917
1450 2048
5381 6541
3172 3998
783 2096
1398 5293
2362 5139
541 5394
1531 4399
1736 5100
861 3412
1282 2284
1171 1846
4086 5801
3181 4867
1040 1206
2 2367
1294 3822
369 2439
207 307
934 1725
4389 6588
2635 5349
465 1342
105 3955
1644 1732
1756 3013
611 1423
3603 6128
1562 2084
371 881
2435 2760
1990 2699
1430 5245
5656 6283
672 3399
3053 6228
3673 5262
526 4248
4485 5048
1023 1386
368 2511
177 1272
987 1944
613 1512
11 558
1401 3591
2805 5485
2622 3352
2271 3382
206 3384
821 3268
93 4645
455 1660
4058 5620
4932 6255
3084 3643
803 1484
837 1929
146 1231
2226 3653
732 4857
690 994
2919 3513
4106 5371
9 2386
159 1067
97 352
1321 2640
1361 2056
3687 6278
2753 5300
53 1722
1372 6261
923 1475
1020 2160
277 474
178 575
200 2419
2410 4885
1539 1843
2717 3489
2252 4133
1259 3054
633 1946
533 4412
955 2150
393 462
1208 3128
4880 4884
1145 3599
25 88
367 4081
100 2899
1186 3181
1000 1761
11 12
2189 2219
1948 2404
319 1182
969 3957
1589 3188
195 2021
518 3139
2780 5118
762 1125
4631 6457
2291 3879
2813 3341
700 4001
2318 2446
2463 3165
367 4163
1672 4060
994 1213
740 2729
591 2071
73 986
3896 4074
307 1771
2231 5332
2035 2110
3105 5283
955 1453
2053 2649
2192 5475
1176 2268
763 2870
1265 1430
1153 2204
762 3020
2197 3561
1147 1511
141 1038
2553 4376
230 709
1484 1718
5450 6581
1683 2724
2294 6593
1814 4312
3599 5948
2329 5643
912 1714
2148 2254
1308 4107
122 684
3202 3692
3004 3524
131 807
3581 4167
1170 1459
82 437
1859 5990
1785 4896
386 2127
814 4051
1968 6050
244 1958
580 1004
2921 4601
1083 1322
4959 5467
2219 2406
5185 6293
149 155
331 5106
127 3094
2422 4925
4743 5114
1745 5134
4738 5580
5521 6146
958 1226
898 3872
507 618
369 1416
3761 5873
602 773
835 887
862 1150
5161 5660
889 5164
1765 2826
636 950
1179 2487
3411 3770
1173 2016
1196 3434
684 5359
331 4578
2826 5583
1596 2472
1311 2421
1442 3089
391 955
1730 5281
2972 5584
896 4777
4310 4511
1914 6385
1957 2312
4573 5762
79 80
1152 4530
327 2128
274 1595
2136 2345
175 1011
758 1142
796 2124
1281 1800
12 186
335 1717
1421 1483
697 980
86 236
1684 5026
2259 2978
61 2700
2866 3216
687 1880
4850 5392
4124 5676
1589 2030
938 5941
68 433
522 1088
1727 4856
2186 5415
1274 6143
3226 3786
478 4343
41 4585
3108 5717
63 3171
1999 2115
2589 3180
5137 5409
107 6467
999 2490
16 180
2622 3911
239 4749
195 494
635 884
3607 6456
198 4915
1829 6579
491 3764
325 1442
2070 4387
2051 2228
1585 3340
1229 3476
497 1489
1028 1317
471 1320
1558 2375
1449 4267
604 4243
873 1986
1946 3117
87 106
732 1788
113 117
192 298
1829 1875
3770 6265
4084 5534
2811 3091
2467 4470
123 1056
2038 2323
2875 3057
1167 3022
1229 6267
3832 4863
673 3403
3013 3978
4190 5314
975 3251
422 2721
298 3043
821 1569
2828 5130
77 414
2605 4273
2099 6425
52 727
1497 3920
580 1923
878 3774
3893 6375
1455 6175
417 525
2300 5826
325 527
905 6226
3549 5987
2388 5193
3847 4426
1179 1835
2093 4525
4215 4220
254 288
20 608
1918 2507
4558 6171
2438 3357
1712 5810
5894 6100
1177 4500
1937 2900
5458 5542
561 1243
1958 3372
4077 5296
932 1012
3289 5504
3557 5560
3894 5634
2187 5438
286 917
871 3034
4380 6306
927 4425
1740 1785
2325 2330
2666 3037
2041 3051
4552 5564
1366 5112
1867 2186
286 809
380 5334
2033 6091
222 284
1359 3925
5933 6205
2595 4792
220 3531
269 2242
431 490
286 3145
1411 2343
4 6451
68 1176
1080 2912
1401 5016
3344 3918
2451 3865
1764 3540
4651 4725
5745 6285
983 2728
377 409
95 5931
1503 1950
406 834
2229 2397
1411 5572
978 4977
45 1973
1790 2478
744 3422
1519 4687
2236 5303
128 408
1801 5307
800 5189
919 6031
5075 5125
1046 3359
783 2722
3990 4848
1165 3072
260 265
1912 2371
1060 1627
9 952
1 488
170 1016
3946 4864
2321 6136
34 349
358 535
2413 4002
561 4528
809 5414
2351 6387
938 1527
19 48
1621 1827
1440 3207
1117 1244
966 2301
3107 4080
2755 6414
2542 4507
3964 6055
1914 2081
268 2908
3845 5200
650 861
2267 2678
35 380
199 4082
1274 1683
382 502
88 2531
696 6603
3726 5226
88 1238
509 849
1478 3195
591 605
3613 4419
856 3212
3073 4175
266 1882
2594 2928
258 4233
137 297
1956 5609
3048 5536
756 2594
3495 6489
2674 5181
1740 2201
3820 3941
5842 6605
1784 1819
880 1359
1656 2120
57 645
348 1997
485 940
2146 5708
596 2460
1655 2535
876 3929
210 2645
536 3884
4409 5360
601 1559
508 2281
141 3414
2512 4459
4 46
4786 5975
567 948
610 5917
969 3405
1325 2208
51 53
111 5124
648 1006
705 3162
229 4876
1959 2492
735 1239
4303 5720
2771 4213
3371 5270
1472 6455
1129 1938
669 4433
1077 2800
3601 3741
2314 5734
925 2000
5182 5912
173 4907
1178 1301
1485 5685
343 2736
1294 3934
804 1275
3840 4758
603 899
385 859
787 5951
176 5140
2885 6038
4033 4382
165 2682
501 672
585 3375
4528 4536
1260 2039
202 403
2458 5565
1798 2711
58 3635
415 2104
480 748
607 2500
556 756
658 1977
3932 4787
1161 4799
757 3529
304 1668
1671 1826
4992 5866
386 3674
4140 6139
463 990
643 1486
34 2202
3026 5662
20 1162
1094 1727
3732 6096
608 1151
1055 1861
4367 6512
271 537
1619 2346
274 5681
3127 5869
664 2804
3364 4119
1551 3328
3040 4291
1239 3373
4649 6179
2435 2646
56 145
15 135
636 1105
100 230
2232 2619
3642 6389
1070 1979
1999 3695
933 3348
2342 3439
414 424
168 2890
284 2980
97 1380
351 4039
255 302
1774 6178
2903 3183
1392 6548
1685 5280
2618 4174
368 1019
3978 4845
2024 3308
182 4781
1008 2327
3833 6516
1884 2111
105 4004
2150 2382
986 2964
5354 5581
3906 4683
1523 1537
1005 2792
5093 5920
3330 5843
585 5014
2872 3809
1213 2974
2534 3834
1647 4117
905 3895
1704 1775
1984 2174
515 3301
2832 3520
1878 3683
1377 1750
3860 5915
120 246
2009 3232
131 1833
173 1680
187 2570
1419 4662
459 2432
449 2241
384 6393
281 3993
2730 5776
219 1113
367 785
348 2265
978 1225
2916 4843
261 1507
2634 3747
1921 2146
195 1657
1011 5495
964 2871
2770 3069
390 866
520 3478
619 793
1983 5473
16 2321
1799 2569
1971 2396
656 4537
1960 5327
673 1448
1315 4173
17 49
333 3142
1408 1662
2142 2149
2608 3731
209 4405
305 2283
353 1347
506 1096
721 1242
652 3970
456 910
1128 2304
3353 4404
1656 3394
41 411
1290 5017
365 653
1703 2335
1646 1876
557 664
3597 5757
3095 4377
412 1158
568 844
2866 2879
2248 2332
1656 3105
2395 2504
2178 6039
166 245
2400 2770
416 1408
665 3122
852 2656
1481 3581
1131 1898
2156 4436
1983 2278
1263 2688
2144 4869
2 5
71 305
2097 6347
734 1131
514 1143
1999 2416
3592 5143
3123 6571
958 4817
10 21
4363 4366
1213 5909
3986 6239
3688 6587
668 2368
1736 3406
840 1538
1240 5579
351 3231
684 1137
2246 3198
4794 5443
579 869
650 2316
1124 3634
1327 2235
599 3528
1368 3458
1385 3702
152 5072
162 1254
156 6508
3960 4569
94 114
5263 6151
2291 3880
239 2784
874 2509
1102 1557
390 469
171 624
3265 4506
712 2437
1069 3689
299 769
795 2933
122 130
4101 5279
3454 5328
65 217
3523 3937
1474 4105
6 257
5979 6058
570 5429
5349 5793
177 3454
888 2641
5526 5543
1948 4831
2216 5716
23 338
1627 2806
4 991
1373 6502
1468 3613
1659 4889
280 4994
3358 4677
5093 5926
457 936
733 4566
301 4650
4575 6575
196 222
974 1871
71 77
2029 5015
3219 4642
6336 6594
1010 4660
2109 2604
263 598
2309 4502
236 794
2342 4138
732 1874
84 345
5003 6085
923 6133
4727 5761
914 1362
726 1041
4765 5393
2278 3452
2957 3278
771 2934
3854 5347
1215 4201
76 4148
1068 4375
2741 4384
1666 3877
2027 2984
12 40
128 680
2105 2187
1091 2742
2485 6312
2365 4865
32 170
594 2109
291 6059
3385 5836
630 2516
989 4177
1379 4024
499 3391
656 2662
41 199
981 5366
766 825
4899 5610
889 1418
1941 2003
1778 3570
1166 1510
755 5013
787 4368
1679 2101
1514 3923
2558 4840
2792 4810
647 872
244 399
974 6313
300 2154
894 1043
286 4202
612 2476
2801 4196
1283 5976
70 4509
9 3435
2929 3505
1261 4341
53 218
1282 5528
409 2012
3067 3120
76 2069
434 3924
942 4640
5651 6398
574 1613
5519 6249
2526 5508
3409 3572
405 430
1480 5451
3738 4956
4717 6511
113 3260
852 2612
2663 2977
1238 5680
149 1555
1673 5001
516 717
57 1021
793 2624
4307 5247
1570 3868
269 281
1234 4604
520 2279
3220 3789
4425 4575
4379 5939
112 4218
3695 4699
2267 2318
2059 2717
530 671
424 4035
868 4716
5887 6242
490 1017
123 943
74 1872
2744 4268
859 1677
843 850
391 1163
3918 4897
1760 6116
139 578
1521 5302
26 444
246 425
2713 3100
4138 6290
170 956
439 783
35 505
544 3801
2297 5216
918 1062
5441 6286
284 3060
639 1642
262 4006
409 1083
1418 6066
164 2099
1105 1126
2280 5549
139 3041
278 880
5574 6360
2768 6465
1120 2151
431 481
97 6023
3508 5217
539 1816
1447 1956
1525 5567
3464 6466
701 1014
614 1920
500 2755
434 1663
174 1344
4739 4930
2100 4904
390 2783
1841 4033
3262 3785
124 381
2440 5339
157 2705
3216 4003
1136 4534
2208 3824
732 5818
149 157
65 1270
3682 5137
396 3963
1958 2658
20 129
2746 6324
1758 4589
1934 4483
882 889
2537 4654
1352 1497
1036 2632
4907 4968
1334 2834
165 5045
4964 6052
4180 5787
509 640
881 3123
120 147
855 2052
895 6076
1824 5276
3924 4359
315 1622
1169 1417
534 3975
963 5162
271 744
1138 6089
1062 4320
4661 5699
3684 3777
693 3624
58 70
1688 4041
369 1585
4187 6270
139 2078
3118 3132
3501 5069
69 2380
92 164
1480 3342
1957 2552
642 4313
774 5996
983 1792
22 153
17 66
367 418
280 1458
484 1878
250 2793
35 2300
58 238
2559 3261
2949 4771
4835 5009
3161 5389
2015 2915
1170 2707
221 909
1242 2501
2613 5148
183 741
4060 5094
924 3276
708 1351
2415 3334
2883 5758
1131 2819
5818 6326
4107 5357
612 1703
290 753
3504 4324
1051 6380
1010 2858
2133 3164
2099 5671
4183 5436
1752 5362
1941 2741
1104 2307
2729 5035
509 1600
342 2547
5255 5511
1632 3194
1430 5781
3955 6445
243 932
3558 3700
1637 5387
843 6597
315 719
558 586
536 630
783 1319
3602 5739
807 3035
309 2364
3427 3901
316 1092
129 1282
1132 1200
4827 5116
517 597
403 2740
768 2582
878 3698
2691 2837
201 1520
3168 6539
1055 5185
4554 5627
2487 3807
1338 2937
93 2196
863 2798
22 72
1437 3388
1226 5218
2418 4078
2604 2903
2134 4972
567 668
150 1697
771 4559
1834 6374
849 4005
1595 3533
1768 4040
406 4112
1402 1603
747 5153
799 6560
1340 1400
1054 3270
109 6477
301 1889
1339 4547
3564 3627
2282 4785
731 2068
1451 2091
212 282
59 232
417 2238
145 1123
3594 4873
4262 5786
100 250
1452 3645
3559 5052
3335 4022
587 3574
4183 4340
5062 6269
1550 1772
95 742
20 348
600 612
1106 3944
1230 1987
1835 4492
5404 5783
26 2339
719 1100
158 483
2753 2876
198 204
107 999
1387 4995
6405 6518
5983 6523
1719 6008
301 920
1394 2610
35 207
3182 4833
206 582
3927 4490
557 5320
489 2663
1276 2191
2612 4543
1410 4358
2580 4356
2647 4479
160 3598
595 2825
3085 4015
1840 6095
1632 1992
352 1708
803 2408
1369 1579
883 1103
841 3107
3426 4101
1203 2176
5544 6447
38 216
96 1829
1180 4178
1885 2203
4321 5927
1178 5160
1311 1449
97 276
704 4294
1198 3675
4092 6301
545 1191
168 1535
76 1325
335 627
88 746
3030 4414
490 1093
432 5095
243 512
435 2177
1521 5589
1225 4527
357 1919
495 965
3036 6251
1186 1503
2943 3252
2397 4390
591 6388
1173 1346
1261 4632
1913 4263
1570 3215
722 2271
3181 3367
761 2666
542 1591
246 604
665 1018
4054 4357
162 165
4638 5115
2944 6590
389 1841
3300 3969
5981 6343
8 56
2348 2712
5133 6525
2681 5230
3938 6082
3104 4241
3291 6060
106 1577
2854 4198
2325 5462
3222 3906
2445 5923
582 819
5200 6124
1940 2197
278 5000
575 3565
94 798
4453 6497
1413 3227
4052 6161
2249 6411
12 722
55 577
1630 3160
648 4629
297 2691
324 3158
107 4886
70 4540
46 52
593 3242
36 491
2381 5319
3105 4400
5098 5830
397 3754
1326 3277
3603 4844
2905 5316
2352 3511
525 4232
3140 3149
748 3425
12 1860
2101 2180
2603 3974
1866 2924
746 3323
1006 2108
315 600
101 2145
73 676
1077 3143
49 1283
242 5688
4072 6617
712 1090
1504 2654
615 1419
41 96
449 5335
2678 3708
1464 2175
848 1274
574 824
2769 3823
883 2269
1920 2086
1195 6181
2808 6282
2910 6288
7 1228
3986 5964
1342 2456
2336 4098
117 797
954 1050
4917 5343
1299 4371
2198 5064
3348 6599
296 4933
917 6004
2946 3537
1315 2399
786 892
117 5155
433 2357
1328 2607
1865 3468
1 544
3047 3779
3737 6400
2629 4152
270 320
4181 5233
127 1551
4529 5234
3461 4707
2489 3332
363 2969
1875 2580
234 638
1866 4360
1577 3433
4800 6299
233 1297
1061 3429
230 398
2158 4769
904 5256
766 1115
1248 1260
2754 2852
665 4301
566 1261
67 105
2430 3523
2112 3960
241 291
58 588
5158 5972
267 407
1920 2844
3616 5372
629 2295
54 3432
1252 2347
269 278
22 2158
1352 1770
159 2955
296 1412
794 2996
315 5655
2813 3092
804 5929
929 3548
455 817
380 3152
362 1026
465 3699
2202 3579
3808 5799
704 3146
1170 1195
310 476
787 1308
389 2010
923 2647
1006 1695
2815 4439
666 729
907 967
3925 4919
1823 3154
1078 3285
3085 5261
639 2759
3426 5661
947 2251
2606 2779
923 5769
351 5151
2556 5231
590 2608
1255 2123
761 3008
1270 1399
387 431
1424 4102
2355 3559
301 4912
3547 3914
2413 3351
2321 5023
576 791
3171 5022
1345 3805
1167 2878
2787 6206
741 2366
460 1968
5260 5381
953 2508
2347 4013
2203 4577
324 635
12 104
1254 2522
149 3304
1773 2615
1416 1532
91 134
1272 2684
3 4
3234 5407
1224 1431
2462 3311
55 3124
1990 6002
1865 2627
304 2314
937 1623
1052 2350
3444 5255
31 94
1776 6399
510 774
2 6
1907 3303
2594 4290
568 960
602 679
414 907
253 3596
2075 3833
4563 4931
176 211
1162 2782
86 5571
1602 6125
4778 5318
2577 2601
762 923
724 835
2574 3040
491 1134
2389 3735
3740 4115
7 24
5056 6448
2260 3669
579 6432
3856 6219
1947 2593
1343 3213
1163 3385
579 830
508 1055
9 2789
1852 6203
85 151
3966 4043
1807 6537
779 2686
4298 5060
218 3644
17 2751
676 4329
413 3317
42 518
2768 5368
1548 3027
4512 6257
431 2642
1733 1994
595 1961
1161 6053
3495 4339
2353 2954
2965 3023
773 958
4855 6157
1433 2973
188 5833
338 915
1818 3883
42 4421
4981 5074
1 10
3253 3678
3074 4306
105 3853
15 239
3772 5033
3840 5480
1181 5598
2328 5468
4484 6021
3194 3362
42 263
2686 4862
750 1915
831 4284
2701 3504
2817 6099
326 2586
362 3244
2416 5851
583 725
4160 6019
4227 4468
1876 2023
656 1072
129 137
1692 5384
1996 2214
1904 2561
2492 3298
2611 3808
452 506
3599 5985
3212 4217
94 136
1004 1549
857 4669
571 1420
1851 3296
1062 3836
2872 5031
1411 1425
1463 1592
718 3006
174 412
4427 5453
3189 4705
864 3396
1673 5338
3325 3697
4 2943
5322 5558
3218 3980
1165 2282
183 5041
610 4063
950 1908
974 1939
1332 3336
1743 6545
1298 1493
1104 1742
1487 2499
1414 1519
3365 4887
2253 3746
57 421
1573 2946
1281 2181
36 2285
2976 5323
375 1303
6 6236
1465 3701
2839 2865
237 816
314 4971
371 480
3687 6493
154 3988
1312 6521
205 636
3900 5616
464 1931
776 781
974 1887
6167 6235
1678 2338
2433 4710
839 3847
1174 1935
4000 6396
1343 4489
1915 3064
593 906
1026 5622
4413 4932
32 712
4856 6408
3060 4092
592 5336
1505 6492
707 1111
491 1298
803 2948
4781 5778
22 177
5741 6118
676 1628
49 101
690 2455
628 1674
1426 3680
4461 4558
691 1738
1195 3874
2781 4818
1714 4108
145 242
45 1314
2337 4172
1038 1801
6246 6601
1907 2324
1502 5213
1529 5486
3436 6298
61 4383
5205 5756
378 1720
578 3590
417 3889
4169 6210
1566 1974
876 5940
695 3962
2806 4091
1115 1316
137 5210
2048 3002
3 38
924 2259
5242 5743
1173 3575
2215 6540
2010 4610
2054 3491
4867 5250
246 285
1272 2661
1250 2659
3805 5399
370 601
759 2387
4154 6431
289 678
135 1621
2150 3063
2858 3163
1043 4029
924 1221
272 318
4015 4344
401 1009
1800 2383
703 2267
1406 4250
501 3274
2786 3431
1155 4808
1504 3418
95 5979
3874 5086
1700 4027
855 4367
1054 5586
4907 5759
2391 2730
4926 5433
646 804
5416 6520
2609 3236
245 1198
656 2410
859 2239
682 1058
289 1033
854 1422
3264 5178
4140 5993
544 848
67 156
4286 5288
1505 5268
3134 6277
1197 3445
3267 5152
1717 2812
1355 1918
649 2613
2150 3498
1975 5512
555 6611
1242 1289
2125 4722
646 5837
4757 5807
4736 5055
535 2209
1847 6120
103 1964
120 396
232 255
1919 5430
1427 4446
4314 6488
5134 5667
1745 5416
337 882
2024 2477
1656 3404
2988 4282
764 4806
1271 2807
1632 2155
28 3457
3951 5105
3959 4295
742 4957
14 92
2600 4073
90 953
131 390
983 3563
2426 6176
2748 4941
525 758
1894 2188
613 1284
975 1533
330 968
1499 2256
107 215
160 4822
3033 4673
1264 5566
1336 3650
426 1658
849 3922
223 1552
1250 3742
4542 5184
3 184
47 82
528 4193
661 945
1020 1834
5561 5809
1045 2342
1283 2927
2635 4638
367 1743
3658 3986
300 2376
2291 3447
1428 4950
4918 6314
510 1075
2079 3209
2274 3898
1273 2573
1090 1547
786 1205
3983 4170
1603 3892
3280 3305
4898 5881
2267 2440
143 871
98 149
2197 2336
1796 6041
378 2636
1339 3566
4744 6533
1843 5070
970 2850
60 1202
4073 5745
29 1116
2047 3710
620 4086
15 475
1766 3737
5476 5764
1798 2317
2570 3512
506 792
391 650
11 31
1452 1529
219 1596
3365 5046
364 2356
414 3773
1540 4562
689 3157
1473 4697
1324 4392
24 3358
2853 4216
697 5002
2976 5422
37 1085
290 5036
788 1461
1269 4205
2659 5037
160 279
1332 3630
419 666
638 4100
3278 3554
3729 4394
2388 3670
900 5619
295 2258
653 2828
4347 4494
535 3186
855 935
2893 5308
2711 3368
1034 1679
725 3983
503 2182
87 3093
2382 2771
49 64
1829 2384
693 1707
207 385
365 677
1796 2035
102 206
368 2009
2154 2939
150 5738
1019 1397
851 6433
467 1645
84 205
3998 4398
180 1188
3090 5123
386 701
279 410
1499 6254
1051 3017
1267 1641
2385 4689
186 363
303 4651
2737 4314
339 858
825 1912
2513 4085
1068 4647
977 1501
5381 6292
3254 5066
32 737
15 185
618 931
5591 6042
2898 5864
5429 5693
1499 1506
1381 2701
2927 3576
1144 3423
2241 2919
3350 4317
105 2207
373 549
3328 4129
135 522
3735 6351
412 998
2765 3734
239 3026
1285 1368
1915 4624
1003 1644
2500 4142
1199 3450
2677 4942
10 18
1123 3140
1648 3249
565 1385
3363 5750
234 309
3587 4678
2746 3813
455 623
3621 5273
1452 2669
124 847
1898 4535
1159 2960
725 1358
4535 5346
1631 4508
3884 4417
320 4626
46 86
240 5710
297 6170
2175 4144
3138 4416
5489 5529
586 1393
1627 3828
703 4253
4628 5463
242 902
1591 1751
3422 5605
4111 6475
1237 5215
2967 3685
206 526
1578 1753
153 1856
468 1177
2139 4251
192 4837
1364 4236
1664 6227
3811 5510
379 2469
1491 5983
609 821
2064 4228
6002 6481
2501 3711
1780 5782
1128 3148
2254 3587
4604 6272
498 1309
139 649
1857 2058
3527 6180
1153 6014
4664 5080
211 1574
720 989
2868 2953
536 1034
1682 4851
3784 6119
2198 4959
2614 3011
523 1201
4702 5802
3280 5551
533 3383
22 68
1602 3427
181 1037
1664 2411
812 4401
5053 6563
334 570
1302 5199
439 1057
4901 5641
2645 4701
67 4457
9 811
453 3706
206 1349
846 1077
2807 5190
1002 6309
3698 3928
2098 5774
2289 2788
4163 4370
827 3982
1164 3539
5158 6526
2587 3671
3772 4944
5978 6567
414 5272
1170 4825
3071 4047
1709 2894
2576 3095
1664 5531
424 1384
886 1669
240 327
26 50
1460 5207
792 4793
2643 3818
28 108
2608 6209
3423 4567
665 739
1765 1924
278 5361
3523 4618
333 3660
1437 4783
614 856
1087 1463
228 5638
14 173
3487 5078
1251 5871
4 697
4139 6230
2844 4058
1428 2243
2498 3497
1436 1747
943 1203
1598 1659
343 2542
2656 4659
1870 3424
2678 4927
599 1186
858 2008
4249 5109
565 2473
14 29
961 1414
2740 3074
2966 6580
581 763
4509 4961
1543 3282
3128 5386
238 4652
844 1406
2351 2942
522 1184
487 4552
2962 4718
3307 6531
3094 3119
597 1403
662 973
2825 2963
2870 4114
1439 5513
2178 3031
2127 2374
642 2325
1563 3370
106 364
327 1656
601 661
635 4258
1085 4649
9 5291
5491 5770
347 377
1339 6336
760 862
196 328
1970 4354
158 3878
348 1786
335 3288
130 5503
544 1575
244 5822
551 4064
1655 1852
403 5301
723 1474
2697 3850
1537 2891
3064 4736
826 5147
2051 6515
1134 5365
3517 5021
2785 4998
233 450
754 1365
185 382
722 996
4275 4985
3537 3758
41 1081
3121 3595
5266 6329
1750 5211
1626 3217
5623 5672
2057 3894
844 4861
129 1672
4637 5981
1399 5484
825 5936
2370 4204
4212 6070
2931 5159
3715 6439
2731 4465
1536 4222
69 591
264 4955
287 3442
699 1616
1535 3151
502 922
688 836
1921 3866
3351 3401
309 2685
31 2137
572 4224
333 845
3225 4657
4125 5061
593 5874
1894 1896
3611 4898
2432 5168
2859 4385
300 465
1282 1581
2069 5554
2453 3803
956 1828
4829 6040
223 419
925 5561
196 376
3719 4653
670 886
5171 5559
591 4155
1352 5606
2087 6160
136 322
1069 4229
94 2028
38 6305
2655 3098
2711 3663
3 23
332 559
1181 3966
422 732
483 6454
458 4276
1435 6461
57 3134
132 312
1208 2246
1018 3257
718 1629
915 1508
373 2349
1972 3463
4834 5286
1099 2574
48 131
307 1332
1064 6145
5112 5518
3718 5997
1365 4702
4009 5034
296 576
462 3811
1854 2061
169 175
275 2727
116 3718
54 1576
3566 3843
139 840
67 103
4737 4924
6302 6404
232 244
4287 4753
141 857
90 790
2492 4048
1127 2479
1112 2985
2244 2786
4708 5444
250 357
1268 2827
261 2528
2793 3881
2166 2245
1218 3556
623 654
3623 4407
1104 3899
443 1686
1547 6310
2105 5439
1694 4975
5603 6565
1721 3890
1162 1306
296 2809
1210 2714
714 971
2509 2733
234 4316
5067 6276
2636 3990
954 1008
457 1810
3678 5658
416 2340
3237 3402
282 1502
1835 4560
6038 6513
3629 5576
918 1682
3910 4891
3497 4988
535 2125
3948 6561
3827 4482
1800 5763
2478 3705
891 1145
627 631
2047 5730
2521 3271
1276 6169
432 2013
299 553
590 5698
1863 6334
2152 3795
947 2773
747 1071
2195 4435
186 3208
594 2650
5427 6621
728 6341
392 5860
1231 1352
5787 5808
1101 1746
520 1269
1461 4409
1815 4231
1424 5179
88 4326
1094 4680
298 473
77 542
655 4923
51 269
2286 2667
1271 2043
711 1516
144 2517
2535 4804
462 1183
1249 5271
1712 4786
1039 2331
576 890
1663 4882
1466 2813
2671 5239
3953 4880
2213 4545
333 340
6079 6252
466 2886
3336 4054
5232 6452
1415 3318
52 198
15 397
1167 2369
499 2774
589 4000
591 743
144 252
541 800
310 326
741 4782
328 766
3223 5373
1512 4424
117 344
252 3905
1822 2142
2826 5601
100 533
389 949
15 226
4517 5841
3112 5999
111 3622
1 4676
174 3781
548 1804
18 33
452 1028
909 5204
3 3846
82 5922
1462 2088
4130 4237
1754 2821
702 4099
15 2590
881 1106
341 3200
4649 5492
2434 4532
661 3046
2344 3837
2937 5004
1223 1940
4067 6063
1729 2860
1075 1807
799 4828
847 1782
1742 1777
572 644
1200 1615
1010 3723
3640 5455
1929 2420
4088 4752
3101 3759
20 306
942 2867
1812 5469
502 3996
732 5597
64 789
2465 4910
2092 4372
4167 5537
2326 3386
3412 3788
140 332
1411 6187
2500 3456
1807 2875
3478 4461
538 1214
533 3221
1719 3219
264 2079
183 223
1527 2213
1480 5321
3296 4191
6568 6582
1224 3666
1316 1760
464 1003
1232 1556
797 3129
2006 6122
921 3106
118 4579
1616 5232
3982 6358
881 6434
649 2787
2180 2780
2603 3259
834 1169
2938 4305
367 914
1157 2020
1185 2131
27 83
437 555
929 1411
1147 3535
903 4664
2975 6372
1470 3033
520 3327
2719 2853
602 2294
3150 3783
3684 5961
983 2866
2900 4474
786 2734
4425 4879
2022 2344
2881 5424
5901 5962
1152 2299
2170 3477
339 5736
82 6102
4425 5008
1319 1883
3633 4637
3201 4853
1142 2250
224 286
2745 6284
95 379
2927 4109
3192 6504
262 1334
2662 4318
286 443
1737 2308
450 4868
1659 2857
188 3907
639 2236
243 2480
1659 2292
11 61
508 1059
793 4019
2220 5816
539 4473
1232 1302
1269 2521
4641 6335
385 4754
1214 1563
3840 4685
1323 6535
2667 3080
1366 3750
1177 5141
397 831
145 3761
3672 6356
1131 1405
1120 2465
1566 2967
2364 2674
1070 2951
12 113
1869 2758
693 1897
558 4965
3223 6363
1266 1566
5235 5364
1242 5252
4752 5646
529 2888
4325 4541
518 1110
2703 3228
3233 4139
819 2882
2554 3377
113 617
1328 2675
16 152
1495 6418
3830 5149
67 3364
672 2351
2590 4095
1010 3506
4183 4308
1561 1867
4258 4331
1940 3036
2559 3952
964 2823
1037 6534
930 1479
1895 3245
1202 3949
2544 5969
138 144
433 3730
1431 4739
249 457
2340 4890
1033 4154
143 3646
68 2329
333 5872
246 1175
68 750
3713 4801
2327 2957
65 188
2610 5131
3772 5767
76 463
2126 4044
530 581
18 20
609 1702
2694 6001
2344 6459
3142 3263
879 2832
34 3460
1349 4621
850 885
1061 3607
485 3856
737 863
45 938
1582 2200
756 5806
3117 3322
3288 3544
59 438
120 264
3619 5058
1492 1970
671 1002
2424 4634
220 736
2566 4712
1675 4929
609 688
230 584
2605 5880
1243 3269
653 970
3637 3927
5885 6392
16 169
1979 2485
2089 3910
808 837
1309 1312
2479 3547
213 470
1781 3691
379 1573
1052 3075
2301 3190
6367 6403
1922 2195
1160 2270
3370 5167
2438 4922
3805 6586
226 3965
1090 2962
570 2633
3555 5050
3344 4211
939 1730
131 209
2003 3413
2205 5391
1568 4437
562 1247
4181 5129
3919 6530
3287 5965
533 760
1188 2273
704 4286
445 1723
2670 4791
2348 4121
4664 4681
128 1465
2264 3500
2545 2762
453 4623
82 467
890 6315
727 2027
230 607
4851 6240
1419 1840
77 959
1209 2415
2554 2987
1088 2945
2532 5963
356 427
1362 3510
1162 1457
5374 6109
2250 4688
818 897
2983 3752
281 1413
90 2082
773 2713
1062 1369
2251 2596
3350 3387
490 846
559 874
2946 4970
2930 2999
401 5719
2272 2334
69 73
1647 5835
441 983
1270 1404
432 4811
270 5980
37 317
4841 5103
996 5895
25 1377
127 776
62 87
2185 3010
2975 4779
3157 4960
1264 2190
64 2441
518 2223
1233 4824
3265 5789
2958 3964
34 36
570 3938
3860 6010
875 1990
1758 5209
177 674
3570 3721
309 4590
424 2983
924 1903
4246 6130
302 1633
311 324
638 782
2403 2639
4159 4214
1661 5481
429 1757
5620 6600
2792 5278
1525 4069
135 3426
429 2931
2167 6103
1114 2747
484 904
3387 4103
2012 3025
213 251
610 4169
3060 4608
1738 1954
780 4914
917 951
1836 2637
1030 2687
895 1086
219 5266
2286 2769
2460 3812
2614 2814
486 1076
2439 3444
1 43
33 3292
3554 5287
301 3281
800 3380
1882 3612
55 3086
5038 5494
1902 6542
2197 3583
2264 6020
350 507
48 6111
2675 2752
581 2914
1398 4614
2909 5348
700 2648
5068 5702
3220 3661
2985 3493
2691 4945
2778 5821
1509 4293
3102 4469
395 1341
1715 2874
5920 6602
488 5051
108 214
756 1350
379 5111
776 2173
1492 1681
285 392
4611 6084
2960 4517
4623 5735
297 1185
3402 3441
1105 4429
4239 6376
1699 2816
1309 2653
1154 1791
834 1907
112 3029
1750 2546
900 5057
3613 3681
2129 4576
231 2791
3739 5354
3170 4556
3397 5277
102 1910
2059 4285
304 4094
5028 5506
808 1138
80 91
573 724
616 2512
1434 3121
3724 4477
187 301
2174 3641
227 2105
2437 5541
862 1001
170 5988
942 2457
3660 5165
746 1281
277 1120
869 1387
5864 6199
5786 6177
1255 1353
1131 1154
4279 6619
829 2660
5361 6308
356 550
1195 6490
966 3059
571 1193
16 393
1912 4505
1015 1268
3572 4083
408 1766
15 321
2075 3077
1228 2585
260 1087
962 4936
4024 4625
1017 5470
2078 6620
892 2216
553 1620
318 924
168 759
669 2797
526 6229
36 599
846 2775
3105 3728
1998 2679
1743 6322
22 2398
3327 3802
179 764
190 267
701 1480
188 694
558 1650
856 925
876 1873
59 1340
2214 5007
712 4125
1396 3007
475 1039
1103 2210
3853 6071
630 4997
2194 2629
587 3495
1048 1294
599 1378
137 2562
556 1859
475 517
313 806
2287 4836
1184 5062
1408 1813
2416 6423
5887 5943
1472 3790
1293 2067
2389 4070
4762 5886
642 2094
4751 5785
245 595
963 2034
479 2005
1020 3237
1556 2459
454 1812
1161 4453
9 350
2284 4756
2900 5848
357 3014
485 1402
1851 2855
2079 4591
110 995
879 5068
1415 3214
14 118
801 3144
507 2070
230 299
998 1863
4645 5341
30 560
5920 6182
3274 3482
1608 6591
1113 5618
743 4351
3320 3855
4066 4789
3041 3250
2779 4443
3840 5986
4939 6500
3646 6576
837 2695
4738 5721
657 1817
1033 1279
455 571
2089 4949
124 498
807 942
2607 4017
2412 3614
5502 6328
1536 5812
2556 5924
2418 4113
5498 6025
4072 4675
5217 5420
2909 3968
917 2533
1589 4071
1206 4187
396 637
2453 2835
5481 5706
1055 4605
1037 4200
2491 3466
3933 6195
154 273
1460 1570
214 313
1654 4323
713 5665
2141 3600
1986 3867
228 1326
1192 4962
4442 5006
1167 2618
1003 1951
2149 4128
499 2220
1578 4798
5078 6317
278 1452
1703 2401
2557 5236
24 2319
1316 1471
1775 2423
298 1010
379 468
3747 5883
675 1311
903 1140
1577 2947
2203 3446
3201 5285
5180 6420
3510 3796
349 4778
29 57
2895 6237
1806 3110
812 2400
858 4363
1828 2178
205 6104
436 1394
4959 6297
579 6443
2997 5657
192 1128
879 1049
145 647
560 3628
3117 3676
201 341
271 1217
3009 3657
2454 2737
326 337
4137 6562
1827 5222
1227 1398
5142 5488
464 1104
1677 3061
2802 5748
5210 6469
201 4745
95 4602
671 2548
494 2748
1998 2362
2966 3184
403 448
1151 6570
2414 2584
2072 2556
3034 4908
1379 5077
4019 4813
330 805
947 2539
260 652
1621 6528
877 1276
1420 2677
5775 6062
779 3012
914 2217
610 1189
393 1572
2311 5054
349 2777
3161 4057
2914 5530
1439 2427
103 2720
779 937
2016 4986
4549 5952
3257 3873
120 292
46 158
462 2555
5153 5803
3469 4345
3213 5794
3407 4491
3624 4555
21 1844
87 1331
3762 5267
373 1296
40 1456
2836 3745
3838 4247
18 740
141 6426
935 2518
3454 6233
265 927
4674 6223
1245 1783
304 5683
831 1499
546 900
1653 2116
903 1706
1731 2007
629 2354
1295 5243
2739 5425
2762 4124
58 1112
181 3116
2792 4106
2436 6105
4527 4814
5141 6441
105 569
4592 4740
984 1040
648 2936
1354 1710
1789 4742
5290 5527
1290 2493
201 2710
1054 4223
2288 5971
1447 4894
167 5326
3388 4607
2112 3684
1795 2326
3003 3353
47 3005
1258 6333
2390 5853
1010 2805
2395 4346
481 1117
3844 5044
2717 4795
495 2670
1116 2303
4056 5577
769 905
2344 5169
4149 5519
367 2881
1998 5621
1617 4065
709 3187
599 4277
175 5345
1082 1395
492 754
188 233
9 22
314 706
233 2776
1763 1985
297 534
53 2910
2880 3299
295 4627
1039 1168
1943 5631
923 3315
251 1865
2885 4415
2119 4210
3630 4369
477 1337
1460 1893
1093 2166
2969 5771
1526 3103
2034 5145
3777 4671
4814 5194
2240 2744
766 2897
356 696
2766 5450
2214 5502
1430 5593
2158 5088
196 266
422 509
1640 3580
317 3649
29 5350
796 1146
348 1048
2218 2753
81 1676
1084 3605
16 258
223 1436
752 3374
132 1699
171 5724
1893 3201
666 3204
361 655
4471 5878
2897 3345
526 3722
34 6291
2610 5059
134 4772
465 567
318 1364
2341 4666
1036 3314
697 1060
4904 6191
3346 3930
49 76
1694 3551
862 3338
4064 6416
2628 3205
5290 6480
3927 4011
9 133
2987 5773
83 1094
1786 3044
2805 5992
2019 2060
362 5206
1824 4381
4682 4717
289 2631
4561 5887
160 6256
8 1171
1398 1803
5899 6369
1121 3118
604 2138
3051 3490
2954 5331
1159 1700
4294 4484
1240 1534
3123 5651
119 1450
1204 1888
1812 3197
740 3172
2164 3071
225 573
94 1174
2811 3995
2415 3354
403 2363
160 231
222 367
3756 6247
2167 5122
1407 1830
1729 4159
46 4194
1039 2107
117 339
32 314
9 67
2013 2553
2372 3586
2439 2484
1574 4388
464 3238
742 1262
567 4751
131 174
1391 3428
268 1299
86 240
1875 3453
911 2583
1730 1763
1202 5507
1740 4934
353 561
974 1170
1965 5840
1632 1724
1 6615
360 648
1755 5498
4369 5126
3517 4850
3329 3815
1860 2114
755 1731
102 1053
2863 3045
1193 4179
12 979
1180 1639
2987 4763
1006 1525
5674 6552
62 139
903 1389
2320 3229
4694 5604
615 1179
142 482
1146 2029
3825 5093
5056 5903
2719 5461
2765 4275
2520 5913
4295 5104
1911 2746
118 3782
2448 4672
121 5521
1490 4072
1370 1824
2460 4921
357 5156
920 1407
2516 4010
685 978
1102 5396
4900 5715
102 107
4569 6338
1974 6225
648 5827
235 1166
1045 1739
5486 5755
235 2240
847 5590
774 1837
718 4362
402 1370
155 870
322 1901
2943 2994
2446 3099
527 2464
68 1295
1067 4239
4082 6568
27 590
1224 2065
4070 5483
222 1133
1484 2887
2616 3954
322 2681
4445 6231
133 261
1965 4007
647 4780
2349 5474
2116 6107
4721 5018
787 2044
2088 2815
3744 4553
2825 2893
4152 4829
6229 6260
480 4847
2278 3066
272 3218
3549 3654
4450 6080
99 3192
594 6074
1492 1842
1435 2074
1805 2157
1734 3417
899 2514
1370 5907
817 2898
1186 2168
686 2525
3380 4088
174 259
11 16
3331 5898
139 5029
223 589
839 3792
275 452
3913 5713
3160 6141
2020 5718
1280 3536
1613 6018
1222 2024
3518 5514
483 767
1752 2444
5324 5896
59 765
146 4953
519 1149
3090 5136
1462 5876
641 1318
2699 6559
633 704
2018 4768
209 2592
1333 1900
2722 3287
273 1698
1188 5727
863 2885
1114 2489
2108 2995
855 4764
1834 6262
608 1612
490 877
709 2668
4942 5465
671 4522
2584 4544
5419 6352
2137 2260
3337 3762
940 4979
789 1793
2093 2264
1542 2743
1418 2529
4424 6250
771 3817
288 3616
2671 6211
4095 6003
1288 1855
317 1074
1072 6361
81 6501
4219 5445
1127 1797
648 1333
536 2482
2517 3727
492 2567
951 2718
692 833
2598 6217
3321 4053
1955 3778
696 1232
1054 2426
4783 6566
706 2849
3100 4854
864 1794
1342 2497
170 4496
1541 2767
71 496
384 3869
135 189
2434 6117
2330 2463
4396 6137
1802 3707
5433 6094
10 25
1298 5870
3555 5587
1263 4008
697 6307
4439 4939
1291 2992
37 5569
194 5053
453 2072
2844 3953
727 1927
164 626
357 405
251 1799
1451 2526
1378 3626
3554 6394
19 27
3441 4221
212 1172
3 98
1064 1610
294 1542
5024 6370
1538 2749
17 3462
1481 3203
1906 2230
347 731
661 692
4443 4587
3468 3625
132 400
3746 5600
317 768
3398 4549
5138 5295
2865 5614
684 2652
2097 4355
1842 4615
1251 1578
479 1854
232 2606
73 710
1513 1774
1238 2916
1427 6491
124 159
4537 6186
159 172
813 6135
32 3115
719 1383
563 6220
352 4283
252 3240
3523 5254
6091 6221
1570 1960
2295 4302
5046 5928
1091 2442
200 330
3584 4480
1820 2169
390 1634
2382 4164
1473 5108
570 1215
47 6266
3526 5084
3192 5411
1565 3241
2822 3211
2839 4859
859 3633
461 3919
3524 6529
958 5974
888 2183
3885 4023
5511 5539
330 1089
925 1447
544 1582
1828 3206
177 770
541 4255
4034 6470
3526 5228
1073 2862
1205 2092
4463 4572
5277 5932
1246 4802
1406 3255
3188 5208
636 1444
216 1415
3180 3485
138 3365
455 3582
4407 5305
1439 2373
728 3176
3863 6168
3007 3283
2500 4272
218 247
678 2328
2400 3751
6061 6271
311 395
2126 3725
5371 5442
3758 3829
233 5930
24 100
601 2520
3732 4242
23 143
52 74
2558 6578
330 5800
1750 4574
1872 5457
99 1565
4555 6507
232 2968
1065 2407
379 1222
213 2920
655 993
361 5091
581 987
472 1584
134 572
194 422
5268 5766
2565 3279
156 4278
509 2830
19 662
2293 5085
607 1155
2025 4531
2023 6244
2486 3830
2413 3300
1686 3272
913 1609
3080 3101
42 659
1436 1468
2999 4860
41 300
531 1762
164 166
1076 5632
1059 4353
343 919
3100 4347
3607 5908
296 1031
87 150
266 1937
370 1073
1650 2579
1091 3597
3961 5235
855 1197
5821 6248
2100 4303
38 39
5749 5953
495 1345
350 1928
2948 4310
1846 6532
318 1546
4021 5458
2109 4249
1590 6453
1026 2468
2352 5501
652 1671
1734 2655
1870 3392
2144 3253
571 663
2151 2306
21 3912
2107 2578
132 1255
896 1905
575 1624
1634 4096
4287 6026
301 1029
1649 5306
3649 6330
5553 5831
41 71
845 4227
1928 4501
2621 3989
210 893
237 2698
6 11
1626 6183
5935 6484
187 2019
3544 4021
1809 3343
1631 3448
255 3465
4565 5684
1761 2274
653 928
432 3797
4719 5383
705 1237
742 3081
540 3479
466 814
882 3940
127 495
2081 4449
388 4520
768 4256
1113 2993
3934 5395
221 1157
3 15
1724 2696
3281 5174
5791 6345
2293 4234
123 187
452 3932
805 2725
817 1153
3637 5630
3051 4911
457 2905
3426 6320
2412 5203
646 1454
404 3138
1954 2664
5065 6029
26 5406
256 5944
2089 3507
1288 1825
1145 5146
1432 2004
889 4790
3689 4871
593 1354
1447 4593
162 5311
221 1068
3573 4304
297 823
1972 2055
78 95
743 4728
30 142
3045 4186
1771 4089
1 8
2679 6264
310 2820
476 568
1912 5728
994 1356
1501 4180
393 4966
173 2577
455 1661
1500 3546
3790 6064
260 974
2950 3854
925 6294
458 1618
2220 5067
2596 3913
323 1564
56 2040
2860 4281
170 1440
368 445
561 843
1231 1428
139 5223
2032 2925
476 6422
5061 5398
2631 4427
4867 5861
109 3637
3284 4319
3479 3603
157 1144
669 2872
1099 4445
1465 4079
1225 3102
3007 6200
869 3191
1282 4298
313 3714
2656 4336
50 492
2217 4529
233 954
262 2041
242 778
245 933
4352 4613
609 4444
62 5877
2865 5355
247 1904
757 838
131 6154
1159 1438
3495 5298
385 707
2061 3302
1074 2038
1974 4720
1887 3658
2847 3030
1171 1768
5898 6505
148 1594
77 160
1915 3293
372 1005
1685 5376
4958 6196
2274 5703
39 128
938 1790
1778 1890
508 5225
217 253
905 1278
287 2112
973 1737
557 3826
5921 6078
447 1664
2928 2976
884 4361
1090 3137
127 1975
2504 3393
852 1379
1596 3791
3074 3321
4131 6173
57 359
2044 2564
1042 1194
678 982
4387 5076
1905 4036
611 1769
546 5623
4874 5342
3788 5914
2945 3859
125 2132
2107 2541
14 3629
5545 5875
4990 6435
1057 4726
1861 1921
5644 6554
3675 4743
5 2554
209 228
1156 3153
183 4622
4148 4296
947 1095
3867 5612
355 530
1500 3109
830 985
71 557
752 1307
53 140
3544 5967
303 3931
346 3290
4618 5265
1334 3486
590 5315
1162 1374
973 2050
190 585
4886 5402
4833 5071
2268 6349
2076 2534
1663 2620
4549 5795
1092 1439
213 565
462 2199
5 801
3039 4328
3464 5135
565 4872
1158 5056
251 413
16 315
5309 6030
3309 4120
193 378
3106 3316
1669 3897
2964 4393
1050 5900
5985 6589
1188 1513
3058 3461
425 2076
2431 3732
3622 5452
4150 4441
1953 3284
437 1023
251 1391
936 3921
741 2262
3617 4289
3821 4322
4505 4943
6272 6379
1913 4715
4127 5585
91 1626
400 447
703 5220
4003 4061
4172 6148
1657 4661
3656 3942
773 2352
1219 1589
318 471
312 580
3609 3687
172 402
3779 4131
517 1147
3362 3619
2893 5829
2611 5121
2117 2134
2493 3656
348 6460
1080 6129
2172 2276
2810 3594
5101 5957
3954 5607
63 440
1861 2266
960 3175
1822 3564
2420 5654
30 6241
3051 5792
2200 3948
276 458
4980 6144
4352 6302
181 4523
1413 4219
5316 6024
1780 5329
301 854
1849 2950
792 1208
1521 5248
3778 6065
3218 4038
1828 2047
3426 4512
2483 6519
972 1390
764 1218
483 4761
2788 2847
1778 5020
5306 5846
1067 1451
1690 3210
4154 5639
791 1884
835 5749
1982 3058
710 4630
153 3223
2219 3945
1252 1371
1786 2481
2479 5003
1207 1635
1920 6546
480 1427
902 1164
1731 3704
227 270
1777 6156
374 5726
1061 2129
401 686
1374 2702
524 1630
853 5625
1498 4812
2657 3196
282 6123
3143 3400
801 1376
1424 1909
13 336
4233 5489
5493 6114
744 944
201 388
534 1382
2346 3178
1416 2234
4618 5731
1464 2117
281 5246
1874 2212
776 1127
380 4397
142 1141
1425 5431
2318 4348
935 1734
3338 3682
4567 6612
2875 3052
106 124
1242 2801
768 2754
455 883
1506 2227
83 323
596 711
3230 4548
371 1426
247 5652
1906 6353
5825 6068
304 1372
157 2861
3360 4987
1437 2438
1104 2635
5532 6192
885 2735
5564 6015
763 3325
54 5934
4933 5890
1042 2589
1015 5935
629 1118
4701 6436
815 2102
4646 4821
349 5192
2140 4246
2823 4737
5068 5591
2189 3904
1554 4561
6109 6569
197 579
847 4207
192 361
561 751
1489 4805
1967 2703
1467 1818
3658 3862
459 771
2015 3933
2701 3349
310 3821
884 5532
6 109
2172 3549
1456 2144
363 3016
1795 3225
2592 4149
3232 6296
3670 3766
1401 5073
363 5363
485 543
1952 3712
446 1755
1745 2133
2997 3411
2633 5825
456 2098
590 784
1867 2248
352 4127
612 3047
1761 6164
1742 4550
3571 5704
789 4881
3194 5650
59 125
497 2147
440 5819
1680 6072
1539 1598
1281 4870
2057 2388
4095 4514
114 5240
3492 5144
765 6464
851 1815
2676 5260
374 1409
557 939
1827 2462
2384 2558
2155 5098
28 35
1220 1498
505 619
434 1207
762 1667
3317 3793
2018 2498
1945 2873
919 984
323 752
40 5221
510 539
1557 5385
147 479
1268 1539
935 6238
3046 3480
3496 5183
189 2218
1333 1631
3571 5905
2780 5333
740 1253
4569 5592
592 689
3402 5911
2737 4084
106 1070
149 5524
2640 6201
94 1102
4815 4852
1968 3159
2209 5441
1186 2708
3920 3956
118 1781
2403 6022
648 6048
457 1159
2356 3839
2172 2756
939 1500
707 934
1452 1482
63 1165
1017 2348
2286 4990
1857 3717
3091 3562
441 541
1066 1219
617 2452
1676 6245
1513 4796
3601 3896
1319 3686
2493 2634
171 1692
1762 4141
1106 3588
893 1173
834 963
3905 5090
278 6499
670 1515
630 3048
417 3733
1656 2817
541 1286
1101 4518
650 5603
92 3078
749 1136
2453 6509
4522 5238
23 2491
383 988
2202 2536
877 3104
1160 4254
800 2431
3699 3939
2467 4841
1345 6564
4278 5195
4294 4744
2033 5888
321 5471
1688 3726
500 4516
1838 4288
522 2277
1584 5850
522 2244
587 1020
695 2171
338 2488
2520 2803
105 3757
2593 5556
283 5856
5247 6316
1535 5700
1896 3371
4004 6517
56 1045
916 2831
2289 2496
1374 5177
2960 3090
1019 4646
3688 4948
275 683
1649 1996
201 2576
346 864
1384 4564
2842 5449
1289 6289
1176 4996
102 369
1118 1432
2376 3885
1564 3220
4062 5419
30 154
3871 6339
708 2422
1822 4682
1649 3174
465 3724
1225 3743
190 1035
3008 6357
542 1948
3748 4599
1507 2621
728 1580
4514 5237
91 1729
281 3494
150 6478
1804 6149
664 977
3433 4052
395 5949
3923 6458
468 852
545 566
4849 6450
4747 5562
1165 3369
2788 3753
1084 3360
1088 1455
4058 4838
3440 5309
2761 3177
2531 3621
171 179
2130 6442
143 516
264 289
3047 3771
3408 5820
4127 4440
2195 4087
1144 5955
3249 4874
3931 4238
79 6359
434 622
4978 5509
1320 1514
603 2017
393 4365
1681 2563
1081 1691
1216 4420
888 3068
1529 2694
2769 5737
4 2436
3406 3473
835 1148
1808 3226
321 420
259 4464
751 1190
592 6430
367 1082
1423 3032
2275 4292
1535 3848
3703 4203
2176 2932
1423 1495
2305 2549
2086 3794
188 901
327 1850
1374 1916
654 1315
331 695
760 1472
673 2839
4328 5865
1002 2097
1056 2412
4310 5709
1165 3264
431 3909
2030 2434
2053 5089
240 540
2732 2845
1640 2080
2810 3651
1267 4442
363 1543
1672 2311
4480 6258
1328 5032
452 1046
2073 6444
164 5744
3342 5427
1513 5978
345 456
4784 6079
2931 3951
1766 2930
2838 5075
2605 5868
4382 6407
1224 1509
158 610
2250 2448
368 693
787 1821
645 1211
765 4963
3720 4380
1572 1638
2220 4557
1152 4762
3099 5186
216 229
868 3516
2146 2588
2783 3916
3131 3329
2252 5337
3338 3755
502 6208
4492 5397
605 1776
2868 4402
4662 6616
2142 3280
1131 1895
79 183
3048 3609
2819 4909
1130 2194
420 1251
75 2011
890 1339
918 2059
1565 4016
5505 6384
522 3083
47 112
1581 2015
1377 4617
4006 6092
422 5065
3457 5906
228 283
2864 3647
224 417
2286 5312
4389 5945
18 224
79 860
2308 4374
452 1080
3079 4122
309 449
1768 5526
4501 4855
1961 4620
816 3419
1465 4130
1970 2979
5081 5682
829 4111
1106 3335
866 1822
307 2938
3038 4389
3317 6549
3077 3618
5207 5897
4138 4835
282 6410
1952 6013
676 5823
56 132
1265 4700
3028 4866
4115 4321
2195 2811
445 4335
257 434
53 146
1506 2603
4020 5244
156 347
430 777
3700 4045
935 1212
804 2170
2215 5522
4074 5862
288 916
4385 5966
799 4679
1438 2599
4530 4580
1344 4913
789 2089
1703 2402
3780 3946
2292 4259
3462 5505
4248 6069
679 3112
3880 5196
91 453
233 268
272 436
1159 1357
416 1437
963 6558
434 4403
312 1687
1737 4042
10 687
2704 3233
2754 4903
620 4643
1154 3475
895 4257
612 5867
784 4056
3676 5437
3509 4307
2688 6473
745 5043
40 254
2915 3376
2559 4279
4490 5615
478 1063
117 271
1196 1388
1701 2732
5937 5960
4995 5863
2477 5249
231 1129
3236 4460
272 3715
512 1899
1722 5102
1590 1605
129 3882
3012 4487
840 3474
1262 3039
3107 3155
2146 5170
126 1264
1466 2790
421 941
2342 4297
666 3156
2868 3961
2112 3125
104 127
156 5476
231 2106
1008 2704
4260 4827
649 3496
894 3690
5064 5374
1696 2902
342 1421
2506 5550
191 2172
1105 1181
3845 5154
1112 1934
2888 4206
1284 4434
3131 3608
1049 1343
6251 6366
7 34
1620 2189
825 4315
1779 6390
4723 6321
5860 6327
2710 3202
10 41
59 93
175 1536
7 2565
253 1823
904 1602
1267 1290
2280 3857
1059 4028
745 1655
1209 5379
763 3073
1237 3065
2370 2605
4374 5382
2277 2672
23 249
1402 1802
1511 2381
953 5264
1476 2051
419 4034
1377 3876
2833 3076
238 406
2790 2975
5127 5668
323 705
3957 4406
745 780
236 2628
636 1670
697 796
381 4842
2986 6287
5079 5477
