67675 3400
14300 59239
26728 50566
36565 59869
47838 63669
6553 65511
15262 21371
19253 42719
38253 43226
8124 64538
2925 50024
32090 58480
32528 37551
28237 45369
15732 33775
42836 50893
11210 27178
3022 60485
4890 28867
17230 52722
31985 43521
50324 66876
7036 57863
44812 45772
41287 57521
32318 35407
28248 64000
27890 53315
44622 55993
17917 18589
5905 37317
65710 66017
16839 51017
25821 37199
21478 22493
14351 28446
16303 20836
50291 57291
18010 60110
25697 56298
43333 50582
26629 58748
54870 59224
11221 50202
25131 34805
29438 42630
1484 41324
105 37115
5419 18910
6721 13467
9187 23181
9187 37498
20308 30740
14982 21851
16096 61455
2745 5750
62440 63646
13629 52050
28302 30180
6191 12894
38988 55957
21481 60261
45577 49141
40516 44193
15270 30045
16791 26441
1168 45742
23192 61859
15376 63523
44111 56687
29771 51184
41656 59470
15898 48110
8200 58278
42172 63772
23506 42819
9252 12325
47152 59043
9846 13995
23354 39070
32540 55784
3496 38531
13173 44510
16530 49445
43047 65393
386 14126
13222 18912
5493 59376
14149 26732
38555 40785
46809 51748
2127 44262
20927 66769
12395 26923
16142 23723
13121 65177
28840 49752
14190 41786
5410 39105
6745 16459
10254 19683
15916 47636
9357 20864
13170 17986
65386 67023
4542 47229
14453 21358
53475 57346
2640 38844
9142 30330
34380 42938
17338 32425
13958 34196
22543 60391
28531 60448
15393 51448
55405 58799
20193 42107
54701 64363
44782 64054
20663 63745
33959 48033
20896 36866
4200 30523
33652 44191
43693 51769
3107 45147
17520 44594
11822 61410
8397 21230
4711 43518
11457 37825
7898 29684
21532 36346
33339 51436
5313 32018
38304 61639
13239 52678
8629 55502
43541 53520
4910 26510
60035 66902
38471 59179
27439 56227
24079 59708
15145 67409
36812 47067
24493 44185
523 25016
2895 5891
37684 48585
3657 50993
19376 29631
1940 15218
12040 62739
41402 42971
36248 66342
38867 61267
12985 40403
38142 41823
3504 53871
9512 31511
1025 23600
26479 46244
27646 44014
33706 51145
18059 26122
898 45431
10111 27940
3624 14472
2914 62544
11815 15098
34768 63857
12378 60677
21878 21966
25756 49346
27556 50231
7629 45161
13488 33218
50698 61874
8655 22019
28168 59103
14414 57770
27727 34418
15180 60098
31446 35216
20597 52783
415 50467
11895 21366
28156 35973
11805 48507
19316 49968
24655 27670
43575 63011
34262 57810
457 27613
11201 42771
57654 60755
17138 44717
36524 65242
16159 60546
37801 65302
2321 11132
22338 60087
16410 34977
50234 55817
7030 52607
10967 28254
9438 65432
14940 43388
30265 42581
44711 54825
39030 67177
41493 57286
4921 45468
6152 31130
11617 50632
34626 44691
22668 39273
33110 64295
19901 43336
31701 51367
9148 24129
4797 24669
18530 36891
4884 39647
13950 48754
30511 53433
4116 31828
41225 53344
24686 62456
4198 24572
42502 64887
4621 18727
24844 56113
12145 29030
22 11968
48687 49329
4231 66496
27082 36983
35150 42775
14610 35908
15342 16388
22675 49490
36481 38360
42309 65009
910 65465
7666 47616
32574 36917
51 26709
20316 29299
32681 57334
4699 26421
27502 60640
8501 63692
60256 63736
29885 47225
11655 28631
11186 25965
33915 61135
1127 3101
9210 18975
38519 49400
608 20214
7030 14262
12372 22842
11447 67222
92 24411
34747 63169
36237 66597
45076 59680
41830 48907
46457 56729
43546 53170
22643 41430
7738 25050
30048 52559
46059 58965
25804 46357
51531 67106
14255 28785
18317 31611
2899 23967
43831 63170
60167 66610
7995 38545
33661 59278
13000 51947
23164 48010
6796 24885
24723 50265
20098 26275
31385 50394
24879 36423
5992 62599
22634 49268
6374 24284
22614 25281
3712 14532
37187 66535
17104 33767
27977 35718
38242 52507
12042 43524
22499 53621
23999 56788
45887 60835
38792 52998
5997 46222
23645 52320
18494 22598
8918 11702
16741 49835
58756 61771
15953 38542
6236 58611
54984 57713
20886 58989
36202 57394
8802 16595
12329 64886
5273 24879
11113 51062
13976 35719
20650 24308
6805 25414
25803 28342
29568 44518
2520 20727
18433 48218
25219 32522
10884 56409
24052 46545
11767 41182
6096 31073
30930 41487
20958 39574
48702 61187
30140 51619
51117 58636
11513 20277
25223 50492
7403 13242
17709 37917
843 11848
23533 62809
41696 65905
18905 60131
62729 64505
48633 59301
63347 65374
12199 51556
21388 32082
7850 37369
4036 67633
18480 27590
13310 66810
13047 36507
846 21941
42242 64020
38354 44838
6612 46435
25073 38732
45512 50451
5875 17634
35297 50316
3243 20596
39656 41404
43958 55449
9594 57782
9916 11346
19814 38106
42642 61478
4242 4699
20860 65460
31886 62129
41069 60449
930 31014
20378 23235
2916 4873
43548 64793
16010 18430
19100 38359
50400 50520
37109 42618
23731 64120
1592 6224
642 34889
15687 46869
4227 9357
54679 58152
25049 31304
38164 63027
2356 28337
7802 63768
22427 31750
8041 61524
12193 19504
8689 13885
19280 38726
30869 67161
6224 29213
62544 64123
6281 47574
32163 46694
23382 62270
1026 1047
15903 54208
48093 58789
17686 46137
52703 59698
6006 43232
57554 63280
28251 60470
35013 44957
30738 36880
14329 27255
45402 51208
8875 54205
35916 51171
29374 55546
11471 46046
29181 44570
8643 30428
8265 61750
38419 59044
45361 61020
23537 50937
29342 60644
22009 58839
2664 52165
18295 53030
45122 60006
39600 42017
2028 25540
25899 59399
19681 65518
32159 49306
45034 59404
4157 12382
13204 31500
3173 20531
13035 37778
26021 64648
45678 58515
3708 47537
8183 50816
31048 55379
55880 66711
3739 54283
14356 57665
2069 38140
19435 28887
18142 60084
11721 18808
24981 33628
34115 66598
18154 66454
43974 52109
24706 62234
12929 58069
8262 58679
16175 42311
7735 9420
19716 52448
33809 56709
30779 34068
38231 44934
39462 61966
57501 64431
36713 59446
1967 58335
3538 41818
5702 55811
24133 52030
7818 49815
17059 44223
270 14496
19620 24587
29936 34083
14384 60266
19523 40560
11909 13056
46134 47560
10730 40057
26884 63060
45810 48724
43233 51288
30281 47588
12501 19301
36009 45283
36358 43486
8910 54101
8846 38872
2969 13333
7795 51724
3016 20220
35674 39402
17384 17786
12160 65190
54785 64425
5470 52879
43331 61834
43115 49115
10096 12947
6349 33352
10694 25112
42059 49481
6254 22155
7300 35329
6341 58789
30716 67366
20652 27356
25886 56414
42395 50258
26064 29993
16108 27846
35020 52427
47232 63758
18313 47305
32265 56460
39032 64679
16567 20350
50440 67040
47699 61690
18762 47858
17973 30880
2431 19433
53498 66359
22492 36864
31986 64358
16274 43609
14173 40208
2590 60458
53206 59811
2239 39743
15763 27957
1175 43139
12833 28911
48252 57674
35859 53074
148 46256
15344 16637
11159 25345
24772 40522
52301 61693
21587 26797
11989 42982
19349 51950
13926 45018
10691 43784
16021 49877
1456 41728
18843 51717
20039 36896
56108 57520
27498 45154
3847 56238
1952 34357
20316 51299
47499 52364
1041 33884
21292 38641
15870 28680
32186 66584
26813 26892
58202 67669
47512 48691
40192 44873
42383 53069
23177 48049
13467 46632
887 27481
49260 67316
36717 58877
30227 30418
13981 47912
24540 47955
14075 55703
27925 53767
48967 56088
19057 58775
13437 36544
6842 44616
32689 48509
13131 50936
23605 48439
35897 41130
14852 19040
27596 52296
41776 59392
30087 37915
41737 60666
42532 48801
2739 12385
18261 38195
13636 61690
15223 44462
19178 38311
36841 59804
6965 17813
21206 52059
20421 30564
15927 20474
29165 56127
28291 29204
28722 39940
4665 31712
26603 30793
36460 45401
17015 30672
57092 66309
960 41000
7636 58515
15601 57417
51639 63636
37539 49185
3421 5160
49176 49489
13364 53091
8557 23582
24565 30000
10492 47782
12062 21409
45779 66630
25706 57259
12465 54223
21962 63823
15962 56885
37374 64394
6678 44727
16932 60959
30075 62327
40866 54268
18028 57414
46398 62139
2498 6778
13334 15267
51194 59091
49152 51148
13983 55704
15254 48271
16849 27975
193 31071
21094 60324
52282 53999
23418 28612
35991 67189
30363 67283
9994 28818
43379 65270
13580 26413
21346 51054
37147 47786
21276 52373
837 51843
58712 59558
2045 21041
60048 65924
26928 63459
23793 60916
3502 62286
41137 47430
15046 48533
600 10640
21227 30110
14047 50926
33525 42778
8728 36813
17265 59997
27628 33242
2875 12126
3149 40620
15162 27076
16721 64836
17245 56895
1767 66839
58886 62601
10011 19677
2201 59015
21773 40925
3175 42856
56508 66164
44451 46075
15364 21400
30421 40541
11674 15113
47779 62711
5989 51510
1744 14299
23869 37163
48477 60790
27015 41557
20011 65788
6084 41211
47516 66068
32113 54815
4284 20660
47889 51360
9979 28240
3223 17085
5391 46151
51744 66391
9799 40105
41927 46847
25549 65430
5501 45187
6023 34424
35064 49043
36261 54317
25147 30518
17595 60070
33269 43644
17903 18211
5262 53723
9508 41128
15544 50405
29669 42815
7655 21059
16860 54405
45489 48262
32928 44061
42630 42649
3688 4877
2076 52886
1992 16030
4397 38268
2422 49523
11930 13630
3339 52334
31247 46779
10398 16311
5605 55883
61113 61751
15841 49429
33977 51814
49601 62034
38983 66169
22214 55890
5029 46410
45128 64290
58421 59135
9566 62868
30424 63399
26977 67073
44990 67160
1896 55125
17943 61035
14354 37469
17289 59852
57707 60042
19453 28151
39168 51604
26299 40373
1734 4402
7333 37580
13431 49775
21928 60509
14651 40947
6989 53009
24036 29151
4440 8243
46942 64001
9123 39516
25908 64783
19129 51105
9011 11284
54422 58079
24646 55892
30859 67516
11116 36315
24935 62212
16702 21287
21130 55346
45871 51084
14523 34397
42104 54315
21024 46219
3559 39230
17988 57734
33923 38168
13459 39866
18595 50325
2703 47188
47011 48090
730 51880
18328 37956
22300 38892
33794 65887
14010 24250
8692 30117
10504 25270
12418 34354
13075 28909
5797 61394
11944 38862
44328 53734
160 42528
40382 61498
1188 59259
36596 64886
32581 63601
3996 7417
8017 28628
20724 35250
6056 8070
1897 45511
1221 36306
9001 36305
10981 50161
45347 64590
26431 30714
12727 34254
8243 40712
5195 27713
43966 65432
15255 32099
23993 56374
10886 60081
1631 30388
16757 52800
43802 60452
14535 38786
27132 35927
7982 11799
16033 30862
2564 55558
34929 42119
1580 12132
8100 42473
34853 50097
26938 57302
14815 17343
51076 67083
4349 66429
44880 59586
31676 51249
975 9095
48630 53594
38418 66805
11692 42275
7503 26367
23736 31672
11537 25693
1964 21189
29069 45245
23549 27090
16211 38293
33068 51743
9808 31077
11032 57171
28360 54880
25033 52751
62608 65066
35303 59636
14606 22773
20672 30408
5804 40323
197 62314
43536 66710
11244 48579
20055 59631
27355 35110
9729 13575
27469 28704
29864 55185
7544 31541
57373 57801
10015 28059
20807 60980
17393 61125
25557 67364
17790 55582
29870 45966
30868 50472
37241 60191
593 4890
2129 65293
10351 21448
10985 26351
49588 67351
16718 48650
40571 59419
1933 51795
21954 62760
2735 10124
2446 6641
17098 52944
16836 52838
8398 38659
20872 34262
16203 22653
3313 11493
11712 29626
4097 19447
28811 57129
3518 32356
43128 52791
12760 40183
29197 42365
43004 44687
33075 66811
13700 57117
27005 43120
44873 60071
38626 56401
1461 4756
33704 62286
10738 35032
13184 53549
12843 40512
36724 51064
29945 37740
10397 18257
16581 64412
42663 49796
20291 31278
459 30945
27838 63832
5615 18027
30233 30592
21626 42060
37370 56178
4932 28580
1920 57842
22102 54393
1368 17308
13642 22795
34722 34785
13882 61541
34015 65713
42932 67111
45680 59620
12559 60310
16539 57778
7491 16493
11320 48027
44648 47822
28968 39086
20076 48906
37009 44984
1524 19947
29461 39620
46852 65731
36176 65146
11574 66246
32776 52824
15124 24032
37155 42516
62878 66896
51848 55627
37130 51423
13166 23634
37188 50630
27318 58271
10325 65419
1198 22054
14411 17332
31861 59159
18276 37638
65686 67574
22570 31093
25913 29554
55927 65096
5353 26987
6794 56989
84 63693
33800 41702
22942 59359
29831 36214
22518 26433
17912 64619
15675 60974
5171 25135
25135 54335
32582 66189
11369 28290
12354 53223
11461 50149
11001 24243
25899 36197
13369 56225
21328 57287
9377 58403
24853 44976
7639 36593
1678 43924
6534 16081
5311 22080
34959 50671
33106 63302
1289 51574
9049 41580
13606 46943
23048 60513
22724 57104
20845 29846
25929 49585
14134 61282
21755 66234
6665 15350
7356 14389
21684 47829
34616 41209
3399 47302
3137 58495
46794 51120
51617 59913
21332 38292
39137 46501
35191 60900
37301 45484
1533 64482
41632 59043
25234 37812
1575 51687
28492 62662
19938 28974
18819 65661
57043 64085
7011 64975
429 56915
3522 58235
21182 58985
490 6864
47986 56846
11180 30491
9076 53577
16125 28408
42038 46497
25465 65885
25917 51954
9628 11042
23356 41614
1536 49134
40434 43979
40132 63424
46605 54245
57749 63800
10539 58864
16287 39980
40559 48114
10585 31129
56064 58028
4425 33442
52620 61549
1135 41521
7301 40305
443 33866
26499 61868
58041 61205
38502 41140
42015 52428
12236 20731
17017 34078
2469 8918
33156 64769
17102 47636
38548 40847
18099 32290
60682 62963
31173 47747
8070 16437
16023 54018
12873 54671
48238 50150
9698 29316
37812 65002
6029 27184
38845 46682
8046 42907
40115 43827
473 24547
14221 22684
30761 60085
5270 14881
27314 59802
54405 56519
18584 42831
41910 46410
5815 40802
22275 27172
5233 24986
48990 61255
549 34173
68 57241
8916 16953
10105 18521
27774 45838
25540 59145
1257 43210
33713 54897
35475 53142
11489 57738
385 38414
37673 54956
61980 65264
37560 40772
33925 64384
2532 19510
32096 39003
15531 18101
6581 8619
15790 45912
11351 18890
17787 19131
2783 61011
3348 26667
7021 59025
2659 11512
5609 25647
57417 65091
4923 55597
45140 54043
43726 53168
33152 53248
1387 61175
14510 60470
1794 25107
7348 63892
34539 44836
44221 51779
20401 32615
31072 51044
15408 43810
13315 45078
6619 61590
50671 61757
40027 54777
15342 67311
13542 38379
16788 36653
16513 21790
55357 57265
15677 43477
59435 61902
30567 38982
49761 55624
40607 62759
562 48607
32627 63614
35304 61172
1078 35851
18779 32316
55326 62452
4373 27936
1350 27005
42139 61714
23683 64032
6489 31297
5392 37955
5328 7796
25477 35422
3029 52953
36752 62953
55490 64276
10227 58298
25462 25828
41285 42407
3847 44058
1154 35098
24707 42110
29212 30184
14796 60008
24684 28767
8438 24990
31274 32978
33719 54901
14854 28008
1146 38391
26383 32819
32361 32790
7215 37042
31613 45254
20158 23244
34335 44115
17358 59795
13752 50959
7104 52785
18625 52363
11361 58994
23323 40141
54974 63442
30361 65754
31443 34069
43054 43649
1571 63939
39251 39341
44184 52045
3967 39772
18298 42973
41357 44053
41003 53640
17919 67574
29021 52237
19946 57915
12418 14475
15442 47489
35806 56143
34703 63158
30717 66477
14594 62889
5645 21069
38247 60482
11268 40885
10781 13278
3827 53831
18621 34247
7145 14547
211 59908
16607 49865
27936 65253
51435 56771
2403 59131
2758 51799
21564 33018
27509 50578
19548 28294
4266 38335
36083 39521
53564 61456
18831 66215
5887 18089
16612 53567
31956 55913
26017 39841
2250 62993
38317 61212
43498 43773
3549 64038
32242 33223
7800 49441
17389 66284
16866 40740
24616 43091
22510 42566
55271 57460
2722 52530
22667 23091
19396 31674
14555 58851
29625 64145
16621 31199
27137 66635
13699 63737
50345 64625
1760 47086
27113 45060
43583 62432
19812 31929
27732 57666
54175 61023
15148 32027
51743 58642
271 9278
28935 29466
30484 56048
8271 58902
2286 14509
8195 62837
63470 67219
5616 29850
13861 17272
10466 26903
2698 24618
15490 45409
50719 65462
14828 52108
22251 58550
27200 63063
38882 43515
40854 42815
56478 62260
12608 58879
21317 39922
17965 41302
34 58169
19167 57863
6422 60942
333 22928
21998 66376
35460 40046
6526 10791
24693 52505
36994 46973
46067 66467
16935 19648
37247 67383
7750 17275
53771 55594
10083 40661
10479 24243
25215 40245
48342 52787
4950 58055
13074 40865
40712 50968
5149 14450
22429 32953
4218 19920
37122 51530
324 5987
168 46713
18396 58237
30090 53889
21982 27498
13214 24161
34680 50188
36307 41790
36744 40582
59045 64950
7320 26115
6580 30640
26525 60807
1568 55661
5023 46948
16805 62210
29956 67278
51659 52641
11825 59810
61692 67504
47337 53400
3532 35583
58413 62911
17049 36096
37829 51490
28044 48317
8752 49369
1623 19126
63659 66791
43252 45198
24390 50798
3568 54383
19021 53650
30895 37406
8831 32825
42934 58742
25616 42670
14447 66808
37383 47957
16774 56857
20217 46426
7556 23053
3821 8696
37512 61539
4408 41864
41363 47476
45373 47496
32921 59486
8631 46271
27017 53107
12866 22769
34045 58263
2809 31299
11768 53235
12241 56208
28768 64165
3702 7434
48488 55557
11658 45267
8714 42072
6659 32759
27344 67320
43092 48966
2049 41017
36571 38840
19111 53525
92 53481
57148 63569
34808 62422
8579 12732
13457 21170
12295 12619
54527 62670
3622 21801
54306 58620
40138 67052
16027 19304
195 15233
54116 65623
33830 64970
9503 29908
43963 50247
18990 44476
32563 48158
15647 61186
12028 45379
14860 63335
45942 46849
6537 14936
17221 35379
15228 16615
32106 67311
59927 67244
18598 64368
26854 55966
48893 52763
15138 36389
27154 61079
39818 47593
3311 20564
17314 21074
21807 59331
44214 60762
17509 30189
2196 25235
6706 30956
37478 63482
4817 34106
24262 24909
43627 62188
12295 53568
15923 31125
25083 66013
37105 49765
1020 22081
3362 66654
24805 30925
14353 39891
23836 47139
12353 26115
30461 43298
43448 44577
18557 67287
36289 46449
7894 29874
5283 57505
19273 22965
32977 56061
51371 66027
9437 63513
25104 57742
1367 2933
16750 52449
43587 53613
16153 40286
13913 31199
53572 56471
8704 50783
32523 45942
38168 52882
24354 40476
14615 32259
4224 20169
41242 63302
8285 49455
44990 66799
1344 24468
9857 41151
37717 54607
36882 42892
19430 58249
22400 48896
4580 21601
13317 26171
10990 15781
28553 58397
2747 11556
23569 55239
13125 34484
45634 56973
6480 64342
11425 43751
21723 64766
3910 30743
9578 37086
2759 5166
17781 35919
16210 33281
1769 39260
962 31382
53136 57406
1710 7884
14997 59336
32097 66747
6464 10452
32089 53124
35288 41374
38177 40423
23684 35870
49116 66255
26563 39142
42889 62672
4650 46853
11954 56772
26138 42099
29739 53625
999 24179
15924 61547
44052 50037
44290 59695
20023 59697
34549 37538
10838 60694
12292 44063
16068 21364
14410 39896
10319 37603
38767 46300
41629 60576
12138 43135
18568 34458
6802 39136
25091 33266
8307 58580
26607 46618
45340 61339
24310 51910
59200 62398
1693 57701
18682 57953
8934 29654
4857 12110
50130 58355
14664 65758
14128 52488
32452 39087
5607 43443
43242 44798
25328 34220
37928 52111
10776 59931
22768 33565
28246 59189
8480 11307
21393 33309
15386 35881
4188 8821
1290 4190
22799 32576
16701 37335
4062 8884
38508 51835
28099 33708
6468 64993
45651 61286
37026 45750
1756 24956
19290 28524
11146 19908
30359 49345
853 26603
1616 55379
11322 42743
28544 34632
1119 47535
5187 14203
5787 61017
46603 49401
10936 51576
21953 50051
7470 21302
12235 53179
377 15304
9680 55724
35052 48873
30463 51330
6159 62918
38097 61888
1812 51065
7768 44580
41900 46137
35513 59682
2882 9251
12034 59314
9198 66354
13693 64073
27435 53402
15847 48238
22460 64456
589 29605
37034 57021
1690 37599
18826 54368
17742 63742
7008 26863
730 55352
11100 29963
16660 22107
15517 54671
18615 31949
20391 23272
43494 45025
6139 24019
12232 47511
49934 50518
3855 12975
32802 67264
58357 64885
45557 46508
20332 57602
52618 66175
59046 59534
21141 58518
46275 57806
54436 59729
51298 61354
52573 64409
19967 61525
34018 63898
9129 22923
5295 52425
7054 44650
44431 66374
26307 48049
60300 63775
5987 62209
3485 45174
30329 38629
30280 57827
7523 18531
38717 65961
36309 50344
366 33621
12085 21193
9632 32131
35717 58492
56195 65968
23940 63575
4399 62854
4989 38518
1277 36283
12456 59241
5898 37803
19961 27493
804 27315
29592 61557
9554 49234
2256 49149
11504 67482
33953 36665
1398 12524
42832 63804
12464 44463
24371 50521
52894 65855
716 27830
40109 41307
16116 58767
7627 9829
27181 34197
14987 22390
24940 55749
60495 64467
8070 35762
19051 42088
10548 30414
3559 23971
58094 61429
51403 62583
10232 44261
31281 32804
13411 22467
14159 47365
42989 62045
48539 65162
24682 34976
13738 54068
48613 55230
5536 6424
63119 67523
46476 54325
1100 46812
34837 64987
34742 57953
18683 52311
26671 62161
12598 30185
39738 66745
11228 50495
44178 55119
52176 63993
1050 30922
15818 36838
58486 58655
1982 50306
646 3919
23312 32353
17764 57686
9774 15720
4167 22072
9280 64305
13731 30590
47059 55692
40054 62319
18123 55956
1243 2253
9076 51106
29683 45449
3826 9407
33446 49867
29410 65457
911 46667
10718 33538
31835 62659
6265 7798
21701 36367
12664 61556
13111 55189
12004 23817
17784 56441
3617 7291
12253 18030
1681 39708
29328 64401
17673 55836
40443 49602
7869 66850
51480 54932
45312 58887
33317 33854
50649 62408
37505 41097
4864 21812
39088 67342
28633 63233
28210 52964
40352 57437
27329 67294
3165 43840
49296 57995
31057 41031
35135 63166
31407 53460
20901 61975
3144 50030
18913 65756
36782 53647
10436 47678
44359 50169
31360 48089
19266 49872
60663 66100
23467 34497
21504 34983
2342 35928
26567 27402
53449 58583
2807 2960
36875 60446
9604 35167
21407 53546
45565 50772
24507 58050
23906 62820
3190 27530
15107 57613
5930 39051
21350 59166
777 49531
18262 63837
11838 49179
10976 43763
25941 36429
17197 33414
7570 62088
29336 42360
8165 11696
18090 59617
7946 65640
14540 21555
15736 37535
36485 62093
53823 66580
2801 57344
12135 57494
29853 57830
11963 63173
6889 42308
40573 43679
34311 62432
12951 65773
4328 48095
29337 39846
40981 66041
9270 12118
25167 59076
4941 25929
20404 23621
18998 61049
42625 56045
24340 47121
37768 47800
11090 20832
42086 60505
19703 55654
56157 59045
4204 21027
11068 16906
11498 37398
22201 28233
12809 52634
47990 48344
60279 62030
1849 43607
42408 60803
53409 53851
38631 62018
30150 37563
14913 67398
46617 60780
541 23351
12028 35898
5420 32884
40246 67601
11922 21315
190 16703
51180 61564
42317 57734
4868 26219
4731 12735
13096 41344
17503 62013
7243 26164
28809 35197
22565 47367
5976 38710
28933 46087
10986 30265
39595 50957
14985 22494
10468 23071
3359 60307
44387 60625
305 56291
10670 16890
6883 51959
5167 57078
1972 14151
33223 52319
46052 61267
12471 65176
23243 35446
64160 65673
15454 67189
8978 57261
5425 53367
55304 66207
60263 67569
38631 55386
43865 51909
46946 47683
1421 19526
20606 51666
9109 29313
23196 61482
16153 19513
26526 49978
29845 45231
36705 46200
18284 24955
23383 23916
41111 56523
12598 39838
16758 16956
11101 61657
12327 22907
2721 6621
10804 26906
20367 39847
40875 63520
32376 47366
16385 25310
26249 47107
12334 20282
49320 55219
7745 59754
7465 47139
38791 41516
34351 60843
8654 50258
33936 52843
28251 54603
5111 26523
20719 60480
16782 64926
19067 49039
52867 61002
29308 41245
47803 48598
34824 65320
13852 49797
9796 13470
1410 3849
31874 40437
12501 47421
12020 15085
6439 7128
33156 47498
62112 63259
48707 64601
64858 65740
56952 62427
43575 66661
4489 33664
6677 23024
23820 24136
148 61312
31934 47982
36919 44653
7090 32206
4689 53160
14133 23525
30203 38770
17919 49806
40638 48222
49588 65353
16745 61869
11307 42291
12207 58869
44710 52697
38679 60766
5374 49914
55555 59528
32630 59737
4253 15172
26914 40738
45159 47647
18035 32358
20542 39092
2930 33061
26074 40322
18275 37564
1987 22324
6360 41931
35361 60866
32266 61734
1844 10460
18030 47322
25743 58033
36343 49200
1623 30140
1703 27902
42958 61265
19105 44954
42797 67425
54189 58459
4322 30760
6758 15726
37050 45961
7978 58227
21976 53981
21559 45196
23571 53252
22977 29574
42104 45578
14942 55597
10559 11713
3617 15250
8423 27218
10463 56627
32754 57972
38125 62040
35298 46295
36525 47838
49059 55406
7122 54538
4229 18389
24107 28468
27438 37827
42156 66761
20094 44509
29815 32440
10758 33472
9259 15202
5731 34682
38937 53215
34781 65820
8937 59519
36623 52148
11191 61579
26830 42756
25118 38739
38136 45544
3826 40215
6432 9330
16788 23290
32003 47373
13063 35194
51189 55973
4325 11844
13322 51720
4263 50267
2741 55270
17755 38380
39936 58204
40390 65386
8577 63224
6409 67177
22353 26171
21826 41987
36283 59847
26133 56086
3409 37926
25244 44985
55003 63539
2469 35911
1395 9769
24159 43807
4817 64507
16328 60449
8585 48008
271 53815
12058 32145
14344 46456
44630 55224
5027 29534
21364 27857
21343 65735
6417 51484
41685 45351
4752 55629
21999 24851
39499 45166
10869 56424
36253 43895
48654 48945
52173 63166
6559 7799
17611 34834
46889 47942
15283 33892
16720 50408
8666 19206
27911 54859
3873 41848
27627 31485
16723 29955
6340 39315
13152 58823
43799 63727
45420 51397
27722 37935
42665 64250
14902 56530
20175 48156
6797 9710
1043 53903
13105 16689
17893 48330
2709 4998
45090 52750
38386 60366
33631 45495
6033 38582
6465 27127
16744 57537
38659 42672
15183 26645
38543 53515
55052 55680
16237 39074
7821 43670
819 32272
50058 55483
30373 43981
16899 54893
35355 49661
12056 36912
6321 50461
4381 53653
20189 22084
311 51107
20999 34382
6320 32743
43984 52271
26944 53136
19487 62886
32060 66198
7171 46175
5584 21634
270 18465
8659 19560
3312 50245
2185 54422
886 15856
5338 36565
34723 63407
16316 47828
1292 27128
19564 52956
40054 47670
56285 65555
27019 30378
32417 58335
6235 42330
28103 48641
24105 42857
27658 46486
9861 32351
18204 35229
5007 42978
32478 52917
27998 65632
42314 54407
24481 63680
3526 54376
858 20035
18232 20666
18204 44512
26233 55398
13368 25906
20582 62327
51175 52061
13440 16627
3395 50486
12984 36160
25567 45188
16178 37257
11475 34199
33212 44754
52043 52593
23214 47202
5952 60199
28770 40164
42725 47561
3634 59600
10196 16095
21762 33493
43589 48636
40243 44932
6955 53817
5411 45566
10378 50068
20741 49786
31919 35508
6487 28361
34250 49986
23273 58759
31405 65771
41001 45634
34329 51055
26316 47748
49454 67276
29855 33833
28118 53850
21889 35712
246 9534
46312 62845
4195 5269
19068 55799
13406 59299
9824 22398
43533 44594
20860 37190
391 22528
4548 32941
4411 53560
2556 28764
58372 62520
27132 51584
5173 66757
63023 66355
22967 44553
1896 43784
5821 50982
9611 55297
22583 63179
15204 45692
18271 38994
1845 32285
4247 30261
32657 51804
12232 26908
39337 50826
5525 65506
2971 38711
39038 42964
5616 20045
23862 29641
35165 56494
24751 58062
7733 54702
29514 58708
37186 41611
5080 60252
150 56291
4003 66874
24183 47266
26689 36988
26722 28426
23058 54669
30050 51772
63843 65131
23291 65899
6371 30293
15467 17192
37973 67140
24723 46578
438 50523
5331 66218
27123 59103
7423 38453
15061 23567
63283 63710
41774 53177
15785 53501
1489 57230
17425 29919
14751 20596
46565 46772
4108 45326
24205 63230
13896 50247
46610 67324
33855 44762
5302 31433
13102 47798
27070 60280
62902 67271
1582 37185
8203 64884
4576 41943
30814 55108
14559 27173
29493 64910
19244 50243
819 48960
29842 48011
24888 26529
36983 47169
12677 58401
18654 21529
29124 52815
57227 58224
12922 46586
39828 47423
49289 55374
6176 41117
27767 59296
41209 62489
1923 54763
28821 42665
4082 39643
3242 19255
60267 64537
13628 51589
18139 33350
43067 55855
2098 65231
28451 54659
31569 38548
12684 46512
7282 11712
2239 10557
30762 35991
20442 61830
14697 59758
13557 44381
2420 34740
24749 53615
30453 30566
7275 22433
42117 49910
38711 40817
9963 12395
43152 45883
3106 25094
24052 36001
49212 55349
23976 41982
45350 67380
7846 8610
29068 49214
6761 27488
49286 63841
31126 46590
12253 47342
12705 49677
20343 60187
25821 42818
6116 9995
10797 32179
37514 66068
14292 60834
6380 16453
15985 45471
18705 51507
19627 33529
7846 64240
17580 64614
10267 30659
36216 47782
47015 47096
5286 64266
6579 36771
18768 38242
11955 55497
4247 60356
33790 33900
4937 46489
27780 57636
6947 45177
44421 60768
23718 33778
9313 64972
43440 48428
4570 18477
36911 54247
16458 45102
7331 44390
25433 54110
2733 16190
13783 21019
12356 63952
2104 18923
233 18927
9291 40327
23906 66512
18180 60107
26970 35586
42362 61635
61316 65997
37511 56550
24643 47793
12213 30555
44227 55024
104 6666
3441 56953
34531 64129
17415 27364
53935 54951
15328 59528
11782 51279
22230 60476
14962 34871
19962 33315
16698 41324
20548 23518
12888 24503
17383 41302
21300 42918
33984 42945
2714 14496
10445 51235
600 39185
35248 47792
13964 48419
13316 16998
9880 61732
28016 46773
11898 60345
36455 61944
45365 55257
27655 61339
8485 12210
3462 45221
24186 34348
38191 56373
11368 45726
8162 23742
11107 48599
35406 61823
44691 58211
27826 41736
45466 59738
14010 20425
6445 30431
37351 65604
51734 61155
48130 55999
762 46547
54762 66426
31978 33762
51289 59594
38099 47701
46308 60608
3911 42575
14977 30419
6927 66660
45717 64590
10272 34453
2858 30963
15478 53623
33243 39302
8331 28033
16792 47495
34213 58290
21083 31833
6003 29907
14882 39725
43113 59764
14630 39507
5264 35713
5850 38645
17695 38025
26311 36066
33986 50917
29279 45595
10495 53478
46010 49217
8564 44640
2205 32964
13759 48468
13687 67406
13920 27506
17576 50076
32652 46625
13650 48164
3775 12690
16884 53805
8314 65570
4504 25268
35020 59912
15007 24952
3651 10627
54721 55636
12873 21538
54463 59585
12701 15950
4902 18301
7195 29344
4780 31621
1683 64542
9593 33788
49100 59608
3058 16347
46778 62907
33470 56689
14209 51745
14823 21833
12588 51919
36613 44537
14736 43254
10734 32681
17457 59705
15171 41687
13874 22526
28203 30523
20269 48559
14595 63516
44873 60603
13108 66431
2236 35029
9546 60837
27186 53181
31702 50683
10166 38367
45694 45806
2820 66310
47882 56776
1049 7743
3522 31798
1410 16360
49406 65233
32916 50938
17972 50059
10401 21408
14318 56290
13173 29075
1124 13291
12610 14372
26063 54373
17671 29432
1695 39907
36731 46398
8108 39086
25809 45214
25361 56418
30222 36445
4745 14754
2597 66485
16720 48442
4923 31008
23424 45463
38942 58547
13986 43191
38506 55740
17947 43720
490 21080
17481 57061
22084 62248
26738 52098
6239 60904
231 33574
16191 58315
29898 35335
14736 44182
6283 35894
44 60280
16875 42081
6470 31535
37555 64762
39591 49703
17680 60423
46303 48311
38695 58045
36300 52334
7529 33737
44613 53467
401 7069
5165 51511
25538 37414
28651 36365
9988 37941
2470 21768
20217 37076
24664 64505
8459 54827
27811 66454
7110 28776
25480 27177
1015 46981
16899 26683
23268 43309
30650 64737
45005 61898
56242 59989
38630 50372
26929 44362
38769 42845
3547 44120
52018 52100
17248 20240
30687 65570
19386 31462
6082 44727
7266 32193
25206 27142
22007 28762
15584 18027
32325 67262
15957 52783
8024 14764
36345 44371
5431 19975
13679 40183
16065 47034
23971 33310
49896 56655
39043 40708
8986 47624
6995 19475
56004 62703
18165 35133
27900 67148
9461 38557
31833 57092
19239 42600
33810 44872
8679 61369
28454 50935
6830 65805
11725 62965
41487 59376
881 57352
6511 62802
17618 66173
1262 64846
49892 51360
21675 66944
54950 66992
34892 60222
15912 65347
16338 21868
44633 55864
24775 38173
16724 65978
22439 66713
2231 41277
8271 30121
21323 44701
2133 24661
16489 56812
19269 33063
3386 59514
24285 41960
59524 66558
23607 57124
36072 37188
8974 41741
29539 34287
600 16373
35360 41174
25190 26844
46031 67099
212 21988
27532 32593
24140 56826
18224 24093
12308 63841
5819 60632
21493 27799
749 66998
19840 51596
26884 56787
12120 33356
14027 47763
17706 55644
1794 2092
31896 60939
12820 62230
3679 3680
8161 59074
16656 21172
20685 60334
22706 24246
9279 17110
25280 39263
11773 43227
4611 58837
20962 32773
26289 53882
6569 58730
1284 60033
57057 63942
25686 33366
8172 11585
22430 43344
13027 64905
64081 64794
55671 62735
33003 52127
7565 61292
41853 49189
33595 58441
9838 61235
28924 43938
6573 8520
10747 18789
42311 43430
16928 22117
38824 40904
32681 55823
32769 52263
20288 32410
9423 42832
18847 37894
15229 49126
6848 39768
24093 27159
4072 16980
36381 44358
24944 37485
33750 50999
26657 56380
3637 26614
35143 43951
20718 29855
19473 41727
18345 60725
10109 17560
16272 31689
9966 52255
46466 49138
9056 56497
242 36138
8389 19882
12981 25766
9571 32695
12106 44044
9787 34471
52858 61564
1695 45123
7694 16514
10351 57556
40137 50894
5820 8673
23155 26168
2859 63292
22889 56281
22523 42043
13472 43685
26775 54257
44120 66122
14270 66965
1524 60566
18868 49141
50693 55376
43245 56567
60226 65539
6852 16916
12302 26036
39576 60980
6252 19282
26958 45477
27632 55754
19965 22468
32509 45375
23144 25461
50250 54484
10383 34177
11747 67430
23480 38883
40992 62752
27973 58111
42212 50314
1561 59616
6195 45285
36656 50491
13856 39417
7409 29901
23668 26381
66021 66875
18414 57774
20860 25067
16889 25225
33445 46485
11935 19681
21586 64699
13922 19531
24446 61720
5905 38107
18335 60339
38466 48962
19989 40786
51433 55612
11860 42591
7208 42052
19719 31007
29765 46503
25490 58611
45770 67612
9195 56199
26859 48825
42742 65998
56550 60807
20763 57858
34769 66541
10579 19959
39542 45405
23831 29182
14725 16010
13058 52888
44624 65816
11061 64616
14854 59045
25520 26943
12411 33189
26090 29495
47866 57073
34190 60239
6695 14098
43338 51649
15774 50946
4820 46327
46305 48790
39709 66101
54870 63604
18412 23963
59591 67048
59456 62495
4849 31524
1201 28693
22502 27054
63518 65742
45533 65411
43989 65160
20779 42034
14793 47790
387 40005
31499 36400
24501 49231
7334 38971
37811 56275
17286 60476
26503 35366
8599 61522
39908 58658
60906 60969
21377 57228
7017 61292
674 15601
53207 63459
14550 34579
31951 58910
14053 17574
21791 24140
2459 48820
724 32036
29059 33829
44054 61583
6309 42276
38753 41846
53668 61061
36927 55041
25319 47505
15099 56716
1199 47161
3991 61617
22588 43689
18738 45984
17885 65047
1749 9987
14219 15798
1116 3548
12039 12142
38941 43614
545 55527
11769 29505
5590 33737
3440 40618
60007 63571
6284 36270
60019 66188
4252 16163
44389 67463
22766 37403
2025 7803
8638 44316
15101 36448
3145 47716
15422 58472
29230 65661
44790 54309
33441 64786
28060 53483
3889 13227
42633 59973
3579 49666
11794 45401
52653 60215
58515 58981
10791 30615
7159 40077
40508 62595
27924 33184
51383 60110
18585 28908
9149 34138
1137 42441
53423 62277
3544 56077
2884 58780
15372 51266
52505 64432
1883 6492
43018 66347
10018 57638
10536 54020
35511 35821
12254 22104
22998 42672
2630 19522
44361 51806
2591 53987
18341 36171
53007 67617
7036 45178
20601 25390
31088 39854
40558 55670
23598 30675
29084 52434
26043 43031
6155 18013
37667 63841
52739 56076
41906 65309
3527 65072
15151 20982
6673 7751
33847 57901
10471 47306
40822 65598
5070 34205
2341 10018
313 19665
37896 54221
43151 47159
4767 64307
57195 59894
20477 61631
22317 36737
8430 10008
7825 51726
46008 57918
7118 16245
18949 48114
41169 62885
47909 57864
3791 5233
45505 61530
11693 53796
15336 41265
968 55384
2205 67142
472 51470
4073 10775
43935 47321
35379 51290
11340 55374
594 60304
24594 59332
54292 62982
32532 53282
33159 65183
27436 45933
16869 36795
9257 61310
63392 65212
26243 39050
13596 61785
60813 66481
25913 64650
18023 33570
3917 29964
14646 54253
22197 24852
48671 62394
13481 31107
4089 38571
7870 41705
23429 26300
45153 66076
22835 42718
5588 25001
6722 15927
31945 43691
39831 54199
47849 65862
28965 41714
11020 19359
35063 42903
25854 52076
17772 60132
15379 58721
39285 40657
42962 63100
14170 62340
22287 55204
5765 66116
31763 60935
20287 53033
3833 14227
12726 54051
42535 42836
46470 62317
24223 58086
39381 63263
19793 41812
51507 67023
15512 53258
1325 49909
9431 18627
4092 43394
17662 58039
28647 43190
25598 36745
15985 53651
1522 60856
21565 58640
15960 34002
32534 67418
24957 63107
9445 38388
2093 4557
58893 61822
49871 52834
31994 50956
39082 59378
2189 7415
745 24330
36935 60258
18898 29021
1699 2289
3158 59092
11245 17848
13197 41990
29429 47032
6026 27346
43629 49736
55724 58811
37416 43438
13752 29499
20608 66200
4785 65260
47784 52589
20865 55628
6376 7408
53547 56493
36681 58702
28156 43769
6946 32517
33617 50309
48578 58835
25039 40696
29283 38792
17440 50204
13381 24945
3786 15711
229 23866
39736 43918
33107 40686
14898 39004
30188 45111
48029 54300
3549 49267
18511 42029
7924 42397
36730 56657
36619 57056
31967 36650
58456 67638
19431 43987
323 55329
56831 61308
1006 16828
31081 56155
58955 67072
51604 66427
60066 61080
4079 26205
14609 22014
30343 46828
49556 63852
26631 45800
65925 66270
18669 24601
14744 18177
19438 60711
57693 65297
13002 31326
49667 58849
19598 31550
5725 59999
34704 53257
57792 58307
5372 59345
1905 57888
4476 23304
27846 31337
2733 6367
7381 38727
20366 26892
24761 65843
28981 40032
11310 20346
1350 40522
15308 25097
8602 26222
13166 65259
1182 22130
5983 25669
37785 62990
35623 66306
23668 65735
12803 34519
17586 23849
14989 34938
22443 26993
7859 22967
40677 54680
23335 26106
30535 31978
33171 34290
16763 64419
33074 64142
2300 26550
14832 32616
40386 45808
33827 42714
46030 53809
19502 53761
13979 32638
1677 36249
21890 38486
40967 49548
39210 45339
21627 52609
29437 36415
12015 56397
37275 52378
15207 54835
13206 40420
9919 62452
14633 22900
2283 34755
3502 19659
25607 42559
40402 65350
25179 45681
14722 55750
17069 64941
5502 39228
26160 43843
20571 45248
4971 54136
11168 31938
8057 34119
15014 42039
38407 56794
14150 50522
22511 50849
36130 59367
8340 54721
18397 61560
49485 54067
56037 67028
2799 51203
15046 43101
28720 59657
4971 8393
23959 34861
40623 63441
38082 57205
46019 63727
4361 14519
36108 47699
23915 29100
34869 40273
39018 52629
39923 48544
50672 52116
47441 61688
9185 46000
16229 29786
1544 56807
5577 14883
20098 58472
22957 43808
376 35962
21905 46766
435 46231
48874 59962
5413 22853
51047 59469
24656 47088
4151 36538
9952 30908
15842 18883
9313 30999
32591 37127
33181 67108
11605 58539
28555 62692
14367 42259
5410 60970
38873 47632
3810 42954
20286 30220
39903 52034
4412 31007
5301 54784
20551 41529
35196 52800
49879 54546
25079 45654
13468 54540
12875 50402
19754 47862
9261 64215
33974 39254
9211 56907
12368 48275
49401 55312
1912 25735
3392 59506
15218 66044
63846 66420
29223 55960
31294 63493
52723 55612
3842 31156
27755 52966
26434 52727
29479 57898
10743 30754
18824 37111
44781 50527
55230 63961
28284 64799
52032 54099
977 56348
32971 66775
33135 58452
23486 59355
13080 48301
9721 34730
7930 46853
25456 48063
37819 60847
1270 14454
23508 24186
19477 21745
30985 65471
20814 31543
24975 56486
35742 38755
4174 6362
44699 66853
1023 44240
23401 52678
12068 46314
46991 53870
2508 19463
49955 53941
22968 65357
3240 23033
371 49229
28409 41710
11611 61630
6783 34851
39975 55091
21664 60292
11165 24803
23656 35640
26333 61852
3218 56721
15964 59060
13638 60139
12871 23509
13398 38924
6367 55312
4071 64239
10870 28416
35043 54709
30272 45004
16038 52344
38900 48046
8963 15892
38757 44435
21819 29198
19010 54974
22365 55174
29896 38095
22681 25795
34997 63351
760 37002
14920 66270
23178 41577
14225 47860
713 27917
28099 39945
45679 47365
2293 27395
20680 23734
5170 50743
53104 62401
49395 60568
12375 45718
13063 50874
40469 57632
28051 37507
2294 63437
58394 64262
12530 57773
14549 32560
19068 25673
36139 54614
50128 51779
9879 13376
180 38039
21968 47015
18463 52134
21847 39310
19552 36153
51377 66730
52757 60933
38473 50906
29950 40648
21734 42700
35353 39343
4087 21337
46166 56303
1920 58994
36528 58179
21400 45868
25616 40576
6272 39145
24460 42415
19890 64186
43438 45240
4720 30462
3269 64872
3197 62070
11091 29148
33113 59239
62601 65934
16004 50993
18170 24959
42517 59898
22421 66265
2922 5630
43790 47923
6103 36602
16444 26111
43069 55103
12957 25186
52554 62368
21582 55322
7822 16058
3881 42872
27763 45760
9514 42471
20527 34441
24344 39083
3018 21072
1886 43829
44051 58266
1384 62652
22474 63916
7109 14827
4331 50407
45654 67390
30588 36314
46298 56157
7205 28606
12826 21994
27247 58738
28591 61208
39015 62151
24546 36391
55103 61571
9242 21243
23942 65934
9240 20410
9358 40091
8944 21513
4853 33022
8266 65316
9027 40637
15520 54136
24142 60511
18292 19724
30045 46684
41064 60745
4639 26183
23315 35048
34892 35009
9501 58054
12375 21222
6101 64356
16232 67385
36462 40673
10979 25917
56426 62664
26574 29327
2277 17492
56603 59856
30132 49508
6555 67028
29537 67254
18560 48482
5779 10518
56025 63528
40794 42538
18810 42813
4593 56130
3046 49071
30323 46890
15702 36193
26073 35364
6376 36048
53744 56959
13302 44950
5881 29418
35456 60549
46003 53739
40037 43839
22966 66983
21289 59657
38939 41895
35611 38973
534 22085
47724 67213
56495 66900
7964 48564
23424 29166
7778 20923
41596 50926
4839 27986
34775 65976
19941 45502
17766 40772
15205 41780
35319 56423
5660 6859
35700 50210
25982 37629
12781 64075
9263 21683
62429 63051
592 65259
45385 62165
7321 9249
7999 49931
62507 64633
38380 57562
56478 57794
29995 62595
39080 56380
30155 61075
21094 50491
3730 31219
31639 59074
30078 59898
16634 20430
22055 52351
43727 61771
25701 46128
47428 53236
63572 67170
33368 63578
16047 30801
59273 64651
1385 23751
8950 54375
31800 58068
47214 55881
57534 60127
